shape: (tensor([[512, 512]], device='cuda:0', dtype=torch.int32), tensor([[512, 512]], device='cuda:0', dtype=torch.int32), tensor([[512, 512]], device='cuda:0', dtype=torch.int32), tensor([[512, 512]], device='cuda:0', dtype=torch.int32), tensor([[512, 512]], device='cuda:0', dtype=torch.int32), tensor([[512, 512]], device='cuda:0', dtype=torch.int32), tensor([[512, 512]], device='cuda:0', dtype=torch.int32), tensor([[512, 512]], device='cuda:0', dtype=torch.int32), tensor([[512, 512]], device='cuda:0', dtype=torch.int32), tensor([[512, 512]], device='cuda:0', dtype=torch.int32), tensor([[512, 512]], device='cuda:0', dtype=torch.int32), tensor([[512, 512]], device='cuda:0', dtype=torch.int32), tensor([[512, 512]], device='cuda:0', dtype=torch.int32), tensor([[512, 512]], device='cuda:0', dtype=torch.int32), tensor([[512, 512]], device='cuda:0', dtype=torch.int32), tensor([[512, 512]], device='cuda:0', dtype=torch.int32), tensor([[512, 512]], device='cuda:0', dtype=torch.int32), tensor([[512, 512]], device='cuda:0', dtype=torch.int32), tensor([[512, 512]], device='cuda:0', dtype=torch.int32), tensor([[512, 512]], device='cuda:0', dtype=torch.int32), tensor([[512, 512]], device='cuda:0', dtype=torch.int32), tensor([[512, 512]], device='cuda:0', dtype=torch.int32), tensor([[512, 512]], device='cuda:0', dtype=torch.int32), tensor([[512, 512]], device='cuda:0', dtype=torch.int32), tensor([[512, 512]], device='cuda:0', dtype=torch.int32), tensor([[512, 512]], device='cuda:0', dtype=torch.int32), tensor([[512, 512]], device='cuda:0', dtype=torch.int32), tensor([[512, 512]], device='cuda:0', dtype=torch.int32), tensor([[512, 512]], device='cuda:0', dtype=torch.int32), tensor([[512, 512]], device='cuda:0', dtype=torch.int32), tensor([[512, 512]], device='cuda:0', dtype=torch.int32), tensor([[512, 512]], device='cuda:0', dtype=torch.int32), tensor([[512, 512]], device='cuda:0', dtype=torch.int32), tensor([[512, 512]], device='cuda:0', dtype=torch.int32), tensor([[512, 512]], device='cuda:0', dtype=torch.int32), tensor([[512, 512]], device='cuda:0', dtype=torch.int32), tensor([[512, 512]], device='cuda:0', dtype=torch.int32), tensor([[512, 512]], device='cuda:0', dtype=torch.int32), tensor([[512, 512]], device='cuda:0', dtype=torch.int32), tensor([[512, 512]], device='cuda:0', dtype=torch.int32), tensor([[512, 512]], device='cuda:0', dtype=torch.int32), tensor([[512, 512]], device='cuda:0', dtype=torch.int32), tensor([[512, 512]], device='cuda:0', dtype=torch.int32), tensor([[512, 512]], device='cuda:0', dtype=torch.int32), tensor([[512, 512]], device='cuda:0', dtype=torch.int32), tensor([[512, 512]], device='cuda:0', dtype=torch.int32), tensor([[512, 512]], device='cuda:0', dtype=torch.int32), tensor([[512, 512]], device='cuda:0', dtype=torch.int32), tensor([[512, 512]], device='cuda:0', dtype=torch.int32), tensor([[512, 512]], device='cuda:0', dtype=torch.int32), tensor([[512, 512]], device='cuda:0', dtype=torch.int32), tensor([[512, 512]], device='cuda:0', dtype=torch.int32), tensor([[512, 512]], device='cuda:0', dtype=torch.int32), tensor([[512, 512]], device='cuda:0', dtype=torch.int32), tensor([[512, 512]], device='cuda:0', dtype=torch.int32), tensor([[512, 512]], device='cuda:0', dtype=torch.int32), tensor([[512, 512]], device='cuda:0', dtype=torch.int32), tensor([[512, 512]], device='cuda:0', dtype=torch.int32), tensor([[512, 512]], device='cuda:0', dtype=torch.int32), tensor([[512, 512]], device='cuda:0', dtype=torch.int32), tensor([[512, 512]], device='cuda:0', dtype=torch.int32), tensor([[512, 512]], device='cuda:0', dtype=torch.int32), tensor([[512, 512]], device='cuda:0', dtype=torch.int32), tensor([[512, 512]], device='cuda:0', dtype=torch.int32), tensor([[512, 512]], device='cuda:0', dtype=torch.int32), tensor([[512, 512]], device='cuda:0', dtype=torch.int32), tensor([[512, 512]], device='cuda:0', dtype=torch.int32), tensor([[512, 512]], device='cuda:0', dtype=torch.int32), tensor([[512, 512]], device='cuda:0', dtype=torch.int32), tensor([[512, 512]], device='cuda:0', dtype=torch.int32), tensor([[512, 512]], device='cuda:0', dtype=torch.int32), tensor([[512, 512]], device='cuda:0', dtype=torch.int32), tensor([[512, 512]], device='cuda:0', dtype=torch.int32), tensor([[512, 512]], device='cuda:0', dtype=torch.int32), tensor([[512, 512]], device='cuda:0', dtype=torch.int32), tensor([[512, 512]], device='cuda:0', dtype=torch.int32), tensor([[512, 512]], device='cuda:0', dtype=torch.int32), tensor([[512, 512]], device='cuda:0', dtype=torch.int32), tensor([[512, 512]], device='cuda:0', dtype=torch.int32), tensor([[512, 512]], device='cuda:0', dtype=torch.int32), tensor([[512, 512]], device='cuda:0', dtype=torch.int32), tensor([[512, 512]], device='cuda:0', dtype=torch.int32), tensor([[512, 512]], device='cuda:0', dtype=torch.int32), tensor([[512, 512]], device='cuda:0', dtype=torch.int32), tensor([[512, 512]], device='cuda:0', dtype=torch.int32), tensor([[512, 512]], device='cuda:0', dtype=torch.int32), tensor([[512, 512]], device='cuda:0', dtype=torch.int32), tensor([[512, 512]], device='cuda:0', dtype=torch.int32), tensor([[512, 512]], device='cuda:0', dtype=torch.int32), tensor([[512, 512]], device='cuda:0', dtype=torch.int32), tensor([[512, 512]], device='cuda:0', dtype=torch.int32), tensor([[512, 512]], device='cuda:0', dtype=torch.int32), tensor([[512, 512]], device='cuda:0', dtype=torch.int32), tensor([[512, 512]], device='cuda:0', dtype=torch.int32), tensor([[512, 512]], device='cuda:0', dtype=torch.int32), tensor([[512, 512]], device='cuda:0', dtype=torch.int32), tensor([[512, 512]], device='cuda:0', dtype=torch.int32), tensor([[512, 512]], device='cuda:0', dtype=torch.int32), tensor([[512, 512]], device='cuda:0', dtype=torch.int32), tensor([[512, 512]], device='cuda:0', dtype=torch.int32), tensor([[512, 512]], device='cuda:0', dtype=torch.int32), tensor([[512, 512]], device='cuda:0', dtype=torch.int32), tensor([[512, 512]], device='cuda:0', dtype=torch.int32), tensor([[512, 512]], device='cuda:0', dtype=torch.int32), tensor([[512, 512]], device='cuda:0', dtype=torch.int32), tensor([[512, 512]], device='cuda:0', dtype=torch.int32), tensor([[512, 512]], device='cuda:0', dtype=torch.int32), tensor([[512, 512]], device='cuda:0', dtype=torch.int32), tensor([[512, 512]], device='cuda:0', dtype=torch.int32), tensor([[512, 512]], device='cuda:0', dtype=torch.int32), tensor([[512, 512]], device='cuda:0', dtype=torch.int32), tensor([[512, 512]], device='cuda:0', dtype=torch.int32), tensor([[512, 512]], device='cuda:0', dtype=torch.int32), tensor([[512, 512]], device='cuda:0', dtype=torch.int32), tensor([[512, 512]], device='cuda:0', dtype=torch.int32), tensor([[512, 512]], device='cuda:0', dtype=torch.int32), tensor([[512, 512]], device='cuda:0', dtype=torch.int32), tensor([[512, 512]], device='cuda:0', dtype=torch.int32))
feat_ls: [(tensor([[[-1.3284,  0.3448,  1.1206,  ...,  0.8219, -0.0398,  0.6333],
         [-1.3394,  0.3680,  1.1150,  ...,  0.8097, -0.0334,  0.6346],
         [-1.3340,  0.3765,  1.1275,  ...,  0.7870, -0.0286,  0.6262],
         ...,
         [-0.9241,  0.4254,  1.2251,  ...,  0.1959,  0.0183,  0.2301],
         [-0.9242,  0.4174,  1.2270,  ...,  0.1910,  0.0139,  0.2194],
         [-0.9257,  0.4084,  1.2307,  ...,  0.1856,  0.0109,  0.2104]]],
       device='cuda:0'), tensor([[[-1.1223,  0.3935,  0.7287,  ...,  0.0263,  0.1818,  0.4015],
         [-1.1194,  0.3904,  0.7310,  ...,  0.0265,  0.1909,  0.3983],
         [-1.1178,  0.3840,  0.7301,  ...,  0.0270,  0.1940,  0.3981],
         ...,
         [-1.6277,  0.4454,  0.4191,  ...,  0.4694,  0.0681,  0.8278],
         [-1.6257,  0.4464,  0.4137,  ...,  0.4698,  0.0683,  0.8286],
         [-1.6245,  0.4464,  0.4051,  ...,  0.4695,  0.0681,  0.8291]]],
       device='cuda:0'), tensor([[[-1.3395,  0.3313,  1.1160,  ...,  0.8255, -0.0343,  0.6262],
         [-1.3512,  0.3545,  1.1106,  ...,  0.8133, -0.0283,  0.6277],
         [-1.3451,  0.3636,  1.1233,  ...,  0.7916, -0.0243,  0.6182],
         ...,
         [-0.9304,  0.4174,  1.2248,  ...,  0.2000,  0.0237,  0.2274],
         [-0.9307,  0.4096,  1.2271,  ...,  0.1943,  0.0184,  0.2167],
         [-0.9323,  0.4014,  1.2305,  ...,  0.1897,  0.0156,  0.2076]]],
       device='cuda:0'), tensor([[[-1.1172,  0.3899,  0.7251,  ...,  0.0214,  0.1823,  0.4025],
         [-1.1152,  0.3870,  0.7285,  ...,  0.0218,  0.1918,  0.3991],
         [-1.1130,  0.3814,  0.7277,  ...,  0.0227,  0.1945,  0.3987],
         ...,
         [-1.6210,  0.4408,  0.4080,  ...,  0.4714,  0.0709,  0.8294],
         [-1.6202,  0.4410,  0.4012,  ...,  0.4704,  0.0693,  0.8299],
         [-1.6191,  0.4423,  0.3935,  ...,  0.4702,  0.0684,  0.8301]]],
       device='cuda:0'), tensor([[[-1.3240,  0.3387,  1.1251,  ...,  0.8371, -0.0539,  0.6287],
         [-1.3394,  0.3579,  1.1212,  ...,  0.8256, -0.0496,  0.6306],
         [-1.3353,  0.3692,  1.1290,  ...,  0.8051, -0.0455,  0.6177],
         ...,
         [-0.9164,  0.4257,  1.2348,  ...,  0.2159,  0.0143,  0.2261],
         [-0.9165,  0.4186,  1.2374,  ...,  0.2108,  0.0092,  0.2154],
         [-0.9176,  0.4114,  1.2412,  ...,  0.2062,  0.0070,  0.2063]]],
       device='cuda:0'), tensor([[[-1.1188,  0.3893,  0.7205,  ...,  0.0235,  0.1935,  0.4030],
         [-1.1151,  0.3865,  0.7210,  ...,  0.0227,  0.2019,  0.3990],
         [-1.1150,  0.3795,  0.7208,  ...,  0.0239,  0.2062,  0.3996],
         ...,
         [-1.6270,  0.4405,  0.3986,  ...,  0.4744,  0.0810,  0.8350],
         [-1.6250,  0.4383,  0.3915,  ...,  0.4739,  0.0811,  0.8373],
         [-1.6248,  0.4387,  0.3838,  ...,  0.4736,  0.0820,  0.8378]]],
       device='cuda:0'), tensor([[[-1.3337,  0.3552,  1.1339,  ...,  0.8276, -0.0679,  0.6327],
         [-1.3485,  0.3743,  1.1302,  ...,  0.8157, -0.0618,  0.6337],
         [-1.3464,  0.3875,  1.1390,  ...,  0.7985, -0.0595,  0.6229],
         ...,
         [-0.9175,  0.4417,  1.2452,  ...,  0.2123,  0.0154,  0.2241],
         [-0.9168,  0.4340,  1.2477,  ...,  0.2074,  0.0107,  0.2140],
         [-0.9183,  0.4255,  1.2522,  ...,  0.2024,  0.0075,  0.2047]]],
       device='cuda:0'), tensor([[[-1.1192,  0.3908,  0.7147,  ...,  0.0069,  0.1840,  0.3985],
         [-1.1165,  0.3890,  0.7166,  ...,  0.0063,  0.1924,  0.3946],
         [-1.1160,  0.3825,  0.7155,  ...,  0.0064,  0.1975,  0.3946],
         ...,
         [-1.6232,  0.4402,  0.3892,  ...,  0.4600,  0.0735,  0.8216],
         [-1.6248,  0.4405,  0.3792,  ...,  0.4609,  0.0739,  0.8234],
         [-1.6259,  0.4386,  0.3726,  ...,  0.4627,  0.0729,  0.8254]]],
       device='cuda:0'), tensor([[[-1.3367,  0.3463,  1.1283,  ...,  0.8396, -0.0487,  0.6594],
         [-1.3514,  0.3672,  1.1256,  ...,  0.8282, -0.0425,  0.6621],
         [-1.3491,  0.3812,  1.1353,  ...,  0.8115, -0.0374,  0.6522],
         ...,
         [-0.9240,  0.4413,  1.2392,  ...,  0.2277,  0.0242,  0.2455],
         [-0.9236,  0.4342,  1.2413,  ...,  0.2224,  0.0198,  0.2348],
         [-0.9254,  0.4254,  1.2451,  ...,  0.2170,  0.0172,  0.2259]]],
       device='cuda:0'), tensor([[[-1.1259e+00,  3.9266e-01,  7.0799e-01,  ...,  4.2841e-05,
           1.8651e-01,  4.0632e-01],
         [-1.1239e+00,  3.9020e-01,  7.0992e-01,  ..., -2.4781e-03,
           1.9606e-01,  4.0142e-01],
         [-1.1194e+00,  3.8453e-01,  7.1095e-01,  ..., -3.2653e-03,
           2.0536e-01,  3.9892e-01],
         ...,
         [-1.6287e+00,  4.4084e-01,  3.7462e-01,  ...,  4.5089e-01,
           8.4000e-02,  8.2927e-01],
         [-1.6294e+00,  4.4094e-01,  3.6805e-01,  ...,  4.5133e-01,
           8.3280e-02,  8.2917e-01],
         [-1.6296e+00,  4.4191e-01,  3.6207e-01,  ...,  4.4867e-01,
           8.0507e-02,  8.2966e-01]]], device='cuda:0'), tensor([[[-1.3378,  0.3514,  1.1077,  ...,  0.8425, -0.0375,  0.6602],
         [-1.3537,  0.3715,  1.1034,  ...,  0.8304, -0.0331,  0.6612],
         [-1.3523,  0.3857,  1.1124,  ...,  0.8138, -0.0293,  0.6517],
         ...,
         [-0.9223,  0.4317,  1.2272,  ...,  0.2282,  0.0261,  0.2543],
         [-0.9220,  0.4248,  1.2291,  ...,  0.2226,  0.0217,  0.2443],
         [-0.9231,  0.4172,  1.2336,  ...,  0.2181,  0.0185,  0.2348]]],
       device='cuda:0'), tensor([[[-1.1294e+00,  3.9781e-01,  6.9769e-01,  ...,  1.4582e-04,
           1.8744e-01,  4.0734e-01],
         [-1.1259e+00,  3.9431e-01,  6.9945e-01,  ..., -1.8740e-03,
           1.9748e-01,  4.0387e-01],
         [-1.1205e+00,  3.9002e-01,  7.0092e-01,  ..., -5.6598e-03,
           2.0716e-01,  4.0013e-01],
         ...,
         [-1.6329e+00,  4.4806e-01,  3.5822e-01,  ...,  4.5435e-01,
           8.5321e-02,  8.3812e-01],
         [-1.6321e+00,  4.4773e-01,  3.4994e-01,  ...,  4.5478e-01,
           8.4274e-02,  8.4029e-01],
         [-1.6336e+00,  4.4795e-01,  3.4370e-01,  ...,  4.5482e-01,
           8.2101e-02,  8.3928e-01]]], device='cuda:0'), tensor([[[-1.3546,  0.3678,  1.1232,  ...,  0.8554, -0.0581,  0.6409],
         [-1.3674,  0.3886,  1.1211,  ...,  0.8446, -0.0537,  0.6430],
         [-1.3643,  0.4021,  1.1304,  ...,  0.8291, -0.0504,  0.6339],
         ...,
         [-0.9227,  0.4607,  1.2707,  ...,  0.2550,  0.0176,  0.2251],
         [-0.9228,  0.4537,  1.2738,  ...,  0.2500,  0.0118,  0.2147],
         [-0.9231,  0.4448,  1.2782,  ...,  0.2451,  0.0087,  0.2053]]],
       device='cuda:0'), tensor([[[-1.1207,  0.4001,  0.6962,  ..., -0.0055,  0.1863,  0.4120],
         [-1.1177,  0.3968,  0.6977,  ..., -0.0075,  0.1966,  0.4092],
         [-1.1126,  0.3932,  0.6981,  ..., -0.0123,  0.2053,  0.4057],
         ...,
         [-1.6223,  0.4554,  0.3442,  ...,  0.4589,  0.0910,  0.8425],
         [-1.6210,  0.4540,  0.3381,  ...,  0.4595,  0.0892,  0.8444],
         [-1.6222,  0.4532,  0.3305,  ...,  0.4597,  0.0869,  0.8430]]],
       device='cuda:0'), tensor([[[-1.3533,  0.3500,  1.1306,  ...,  0.8475, -0.0489,  0.6350],
         [-1.3677,  0.3707,  1.1278,  ...,  0.8365, -0.0460,  0.6366],
         [-1.3651,  0.3841,  1.1355,  ...,  0.8198, -0.0424,  0.6276],
         ...,
         [-0.9364,  0.4256,  1.2671,  ...,  0.2497,  0.0095,  0.2369],
         [-0.9367,  0.4199,  1.2695,  ...,  0.2454,  0.0043,  0.2263],
         [-0.9362,  0.4107,  1.2722,  ...,  0.2408,  0.0014,  0.2160]]],
       device='cuda:0'), tensor([[[-1.1202,  0.3963,  0.6980,  ..., -0.0087,  0.1878,  0.4118],
         [-1.1169,  0.3922,  0.6986,  ..., -0.0115,  0.1974,  0.4081],
         [-1.1115,  0.3881,  0.6994,  ..., -0.0158,  0.2069,  0.4058],
         ...,
         [-1.6337,  0.4522,  0.3378,  ...,  0.4597,  0.0915,  0.8413],
         [-1.6293,  0.4493,  0.3255,  ...,  0.4622,  0.0898,  0.8465],
         [-1.6302,  0.4485,  0.3183,  ...,  0.4622,  0.0879,  0.8452]]],
       device='cuda:0'), tensor([[[-1.3527,  0.3662,  1.1359,  ...,  0.8649, -0.0543,  0.6244],
         [-1.3658,  0.3875,  1.1334,  ...,  0.8530, -0.0503,  0.6264],
         [-1.3635,  0.4014,  1.1424,  ...,  0.8355, -0.0467,  0.6175],
         ...,
         [-0.9152,  0.4404,  1.2992,  ...,  0.2811,  0.0161,  0.2103],
         [-0.9146,  0.4329,  1.3016,  ...,  0.2773,  0.0115,  0.2010],
         [-0.9152,  0.4234,  1.3048,  ...,  0.2729,  0.0079,  0.1919]]],
       device='cuda:0'), tensor([[[-1.1201,  0.3976,  0.6879,  ..., -0.0123,  0.1918,  0.4085],
         [-1.1172,  0.3933,  0.6885,  ..., -0.0136,  0.2015,  0.4047],
         [-1.1115,  0.3885,  0.6891,  ..., -0.0184,  0.2111,  0.4002],
         ...,
         [-1.6279,  0.4466,  0.3200,  ...,  0.4595,  0.0982,  0.8400],
         [-1.6264,  0.4454,  0.3120,  ...,  0.4603,  0.0962,  0.8424],
         [-1.6276,  0.4456,  0.3048,  ...,  0.4601,  0.0928,  0.8415]]],
       device='cuda:0'), tensor([[[-1.3284,  0.3911,  1.1447,  ...,  0.8671, -0.0514,  0.6275],
         [-1.3407,  0.4122,  1.1412,  ...,  0.8557, -0.0486,  0.6299],
         [-1.3371,  0.4260,  1.1492,  ...,  0.8404, -0.0457,  0.6203],
         ...,
         [-0.9031,  0.4644,  1.2768,  ...,  0.2840,  0.0087,  0.2335],
         [-0.9033,  0.4579,  1.2797,  ...,  0.2813,  0.0039,  0.2229],
         [-0.9041,  0.4493,  1.2829,  ...,  0.2784,  0.0017,  0.2120]]],
       device='cuda:0'), tensor([[[-1.1247,  0.4037,  0.6894,  ..., -0.0150,  0.1950,  0.4079],
         [-1.1211,  0.3992,  0.6890,  ..., -0.0168,  0.2037,  0.4042],
         [-1.1160,  0.3950,  0.6895,  ..., -0.0223,  0.2137,  0.4013],
         ...,
         [-1.6280,  0.4528,  0.3198,  ...,  0.4564,  0.1032,  0.8396],
         [-1.6262,  0.4509,  0.3128,  ...,  0.4569,  0.1015,  0.8394],
         [-1.6284,  0.4510,  0.3076,  ...,  0.4564,  0.0975,  0.8356]]],
       device='cuda:0'), tensor([[[-1.3600,  0.4166,  1.1394,  ...,  0.8559, -0.0365,  0.6346],
         [-1.3720,  0.4377,  1.1362,  ...,  0.8458, -0.0332,  0.6383],
         [-1.3671,  0.4518,  1.1452,  ...,  0.8314, -0.0308,  0.6309],
         ...,
         [-0.9240,  0.4783,  1.2657,  ...,  0.2700,  0.0311,  0.2299],
         [-0.9244,  0.4714,  1.2686,  ...,  0.2665,  0.0259,  0.2183],
         [-0.9259,  0.4622,  1.2736,  ...,  0.2630,  0.0219,  0.2076]]],
       device='cuda:0'), tensor([[[-1.1229,  0.4028,  0.6824,  ..., -0.0137,  0.1935,  0.4048],
         [-1.1197,  0.3982,  0.6828,  ..., -0.0158,  0.2038,  0.4020],
         [-1.1143,  0.3937,  0.6827,  ..., -0.0212,  0.2139,  0.3989],
         ...,
         [-1.6278,  0.4477,  0.3063,  ...,  0.4604,  0.1019,  0.8344],
         [-1.6265,  0.4464,  0.2977,  ...,  0.4617,  0.0984,  0.8370],
         [-1.6272,  0.4450,  0.2883,  ...,  0.4607,  0.0962,  0.8358]]],
       device='cuda:0'), tensor([[[-1.3588e+00,  3.8693e-01,  1.1469e+00,  ...,  8.4672e-01,
          -4.8630e-02,  6.2612e-01],
         [-1.3737e+00,  4.0863e-01,  1.1428e+00,  ...,  8.3424e-01,
          -4.5798e-02,  6.2775e-01],
         [-1.3708e+00,  4.2175e-01,  1.1514e+00,  ...,  8.1971e-01,
          -4.5269e-02,  6.1890e-01],
         ...,
         [-9.3063e-01,  4.6244e-01,  1.2714e+00,  ...,  2.5501e-01,
           3.4768e-03,  2.2952e-01],
         [-9.2982e-01,  4.5616e-01,  1.2747e+00,  ...,  2.5009e-01,
          -3.6914e-04,  2.1843e-01],
         [-9.3126e-01,  4.4863e-01,  1.2786e+00,  ...,  2.4565e-01,
          -3.1002e-03,  2.0631e-01]]], device='cuda:0'), tensor([[[-1.1214,  0.4075,  0.6769,  ..., -0.0170,  0.1955,  0.4040],
         [-1.1182,  0.4033,  0.6778,  ..., -0.0198,  0.2062,  0.4009],
         [-1.1123,  0.3983,  0.6784,  ..., -0.0244,  0.2158,  0.3971],
         ...,
         [-1.6267,  0.4543,  0.2935,  ...,  0.4584,  0.1072,  0.8367],
         [-1.6263,  0.4528,  0.2853,  ...,  0.4602,  0.1040,  0.8377],
         [-1.6266,  0.4522,  0.2775,  ...,  0.4607,  0.1009,  0.8371]]],
       device='cuda:0'), tensor([[[-1.3827e+00,  3.9489e-01,  1.1539e+00,  ...,  8.5477e-01,
          -6.6941e-02,  6.2512e-01],
         [-1.3872e+00,  4.1262e-01,  1.1453e+00,  ...,  8.4310e-01,
          -6.5219e-02,  6.3114e-01],
         [-1.3848e+00,  4.3266e-01,  1.1725e+00,  ...,  8.2138e-01,
          -6.5262e-02,  6.1637e-01],
         ...,
         [-9.4526e-01,  4.5957e-01,  1.2710e+00,  ...,  2.4287e-01,
           7.4409e-04,  2.2099e-01],
         [-9.4500e-01,  4.5130e-01,  1.2746e+00,  ...,  2.3914e-01,
          -3.6998e-03,  2.1117e-01],
         [-9.4762e-01,  4.4232e-01,  1.2810e+00,  ...,  2.3497e-01,
          -5.8265e-03,  2.0006e-01]]], device='cuda:0'), tensor([[[-1.1184,  0.4022,  0.6683,  ..., -0.0218,  0.1999,  0.4051],
         [-1.1153,  0.3988,  0.6688,  ..., -0.0246,  0.2113,  0.4017],
         [-1.1104,  0.3936,  0.6695,  ..., -0.0300,  0.2213,  0.3994],
         ...,
         [-1.6269,  0.4478,  0.2764,  ...,  0.4609,  0.1139,  0.8364],
         [-1.6254,  0.4472,  0.2683,  ...,  0.4621,  0.1101,  0.8386],
         [-1.6259,  0.4463,  0.2593,  ...,  0.4630,  0.1077,  0.8378]]],
       device='cuda:0'), tensor([[[-1.3702,  0.3765,  1.1639,  ...,  0.8269, -0.0742,  0.6148],
         [-1.3832,  0.4024,  1.1565,  ...,  0.8165, -0.0628,  0.6159],
         [-1.3797,  0.4185,  1.1748,  ...,  0.7981, -0.0666,  0.6046],
         ...,
         [-0.9430,  0.4511,  1.2544,  ...,  0.2089, -0.0016,  0.2116],
         [-0.9432,  0.4451,  1.2575,  ...,  0.2044, -0.0066,  0.2002],
         [-0.9446,  0.4362,  1.2622,  ...,  0.2004, -0.0104,  0.1879]]],
       device='cuda:0'), tensor([[[-1.1170,  0.4033,  0.6676,  ..., -0.0280,  0.2007,  0.4012],
         [-1.1141,  0.3996,  0.6678,  ..., -0.0307,  0.2118,  0.3991],
         [-1.1088,  0.3947,  0.6679,  ..., -0.0355,  0.2223,  0.3955],
         ...,
         [-1.6257,  0.4528,  0.2666,  ...,  0.4563,  0.1155,  0.8342],
         [-1.6245,  0.4504,  0.2581,  ...,  0.4587,  0.1131,  0.8362],
         [-1.6255,  0.4487,  0.2501,  ...,  0.4596,  0.1109,  0.8359]]],
       device='cuda:0'), tensor([[[-1.3734,  0.3660,  1.1603,  ...,  0.8171, -0.0729,  0.6079],
         [-1.3870,  0.3925,  1.1531,  ...,  0.8045, -0.0629,  0.6098],
         [-1.3814,  0.4152,  1.1703,  ...,  0.7805, -0.0669,  0.5995],
         ...,
         [-0.9533,  0.4482,  1.2336,  ...,  0.1946, -0.0112,  0.2093],
         [-0.9528,  0.4429,  1.2373,  ...,  0.1917, -0.0151,  0.1984],
         [-0.9558,  0.4349,  1.2437,  ...,  0.1871, -0.0173,  0.1868]]],
       device='cuda:0'), tensor([[[-1.1160,  0.4014,  0.6652,  ..., -0.0303,  0.2031,  0.4016],
         [-1.1125,  0.3969,  0.6653,  ..., -0.0326,  0.2141,  0.3986],
         [-1.1077,  0.3921,  0.6653,  ..., -0.0373,  0.2242,  0.3960],
         ...,
         [-1.6282,  0.4478,  0.2569,  ...,  0.4556,  0.1166,  0.8356],
         [-1.6271,  0.4454,  0.2480,  ...,  0.4577,  0.1145,  0.8381],
         [-1.6274,  0.4445,  0.2387,  ...,  0.4586,  0.1123,  0.8376]]],
       device='cuda:0'), tensor([[[-1.3873,  0.3801,  1.1741,  ...,  0.8009, -0.0868,  0.6031],
         [-1.4024,  0.4067,  1.1654,  ...,  0.7879, -0.0756,  0.6046],
         [-1.4021,  0.4242,  1.1795,  ...,  0.7681, -0.0797,  0.5947],
         ...,
         [-0.9724,  0.4527,  1.2082,  ...,  0.1486, -0.0170,  0.2007],
         [-0.9701,  0.4472,  1.2114,  ...,  0.1422, -0.0214,  0.1899],
         [-0.9713,  0.4401,  1.2173,  ...,  0.1376, -0.0243,  0.1782]]],
       device='cuda:0'), tensor([[[-1.1120,  0.4004,  0.6608,  ..., -0.0330,  0.2030,  0.4000],
         [-1.1093,  0.3950,  0.6621,  ..., -0.0360,  0.2144,  0.3979],
         [-1.1046,  0.3903,  0.6617,  ..., -0.0411,  0.2243,  0.3950],
         ...,
         [-1.6259,  0.4442,  0.2490,  ...,  0.4466,  0.1202,  0.8334],
         [-1.6213,  0.4431,  0.2377,  ...,  0.4541,  0.1124,  0.8368],
         [-1.6256,  0.4461,  0.2228,  ...,  0.4544,  0.1100,  0.8339]]],
       device='cuda:0'), tensor([[[-1.3924,  0.3725,  1.1875,  ...,  0.7643, -0.0945,  0.6144],
         [-1.4061,  0.3991,  1.1791,  ...,  0.7513, -0.0858,  0.6161],
         [-1.4040,  0.4152,  1.1927,  ...,  0.7310, -0.0898,  0.6072],
         ...,
         [-0.9738,  0.4643,  1.2058,  ...,  0.1194, -0.0355,  0.2139],
         [-0.9727,  0.4602,  1.2088,  ...,  0.1123, -0.0407,  0.2023],
         [-0.9731,  0.4526,  1.2158,  ...,  0.1072, -0.0428,  0.1899]]],
       device='cuda:0'), tensor([[[-1.1131,  0.4049,  0.6575,  ..., -0.0363,  0.2045,  0.4002],
         [-1.1097,  0.4000,  0.6584,  ..., -0.0383,  0.2159,  0.3982],
         [-1.1058,  0.3952,  0.6589,  ..., -0.0437,  0.2258,  0.3960],
         ...,
         [-1.6272,  0.4495,  0.2283,  ...,  0.4552,  0.1201,  0.8421],
         [-1.6260,  0.4472,  0.2175,  ...,  0.4572,  0.1175,  0.8463],
         [-1.6275,  0.4461,  0.2083,  ...,  0.4570,  0.1141,  0.8457]]],
       device='cuda:0'), tensor([[[-1.3920,  0.3885,  1.2108,  ...,  0.7503, -0.1123,  0.5945],
         [-1.4075,  0.4163,  1.2047,  ...,  0.7398, -0.1020,  0.5953],
         [-1.4051,  0.4332,  1.2214,  ...,  0.7193, -0.1045,  0.5840],
         ...,
         [-0.9780,  0.4674,  1.1990,  ...,  0.0853, -0.0515,  0.1924],
         [-0.9766,  0.4629,  1.2030,  ...,  0.0788, -0.0565,  0.1815],
         [-0.9762,  0.4553,  1.2094,  ...,  0.0732, -0.0594,  0.1692]]],
       device='cuda:0'), tensor([[[-1.1104,  0.4030,  0.6564,  ..., -0.0437,  0.2047,  0.3973],
         [-1.1074,  0.3977,  0.6578,  ..., -0.0451,  0.2151,  0.3953],
         [-1.1043,  0.3926,  0.6580,  ..., -0.0500,  0.2260,  0.3931],
         ...,
         [-1.6270,  0.4484,  0.2206,  ...,  0.4468,  0.1207,  0.8422],
         [-1.6241,  0.4460,  0.2096,  ...,  0.4489,  0.1180,  0.8468],
         [-1.6257,  0.4436,  0.2006,  ...,  0.4501,  0.1150,  0.8467]]],
       device='cuda:0'), tensor([[[-1.3940,  0.3726,  1.2082,  ...,  0.7220, -0.0913,  0.6110],
         [-1.4086,  0.3986,  1.2022,  ...,  0.7091, -0.0818,  0.6135],
         [-1.4059,  0.4139,  1.2180,  ...,  0.6859, -0.0875,  0.6033],
         ...,
         [-0.9961,  0.4442,  1.1775,  ...,  0.0533, -0.0391,  0.2122],
         [-0.9926,  0.4394,  1.1800,  ...,  0.0465, -0.0455,  0.2007],
         [-0.9925,  0.4321,  1.1866,  ...,  0.0393, -0.0486,  0.1880]]],
       device='cuda:0'), tensor([[[-1.1133,  0.4023,  0.6612,  ..., -0.0469,  0.2061,  0.3907],
         [-1.1098,  0.3966,  0.6632,  ..., -0.0486,  0.2166,  0.3899],
         [-1.1064,  0.3907,  0.6630,  ..., -0.0531,  0.2277,  0.3881],
         ...,
         [-1.6278,  0.4484,  0.2227,  ...,  0.4454,  0.1196,  0.8403],
         [-1.6264,  0.4452,  0.2107,  ...,  0.4479,  0.1155,  0.8456],
         [-1.6272,  0.4436,  0.2007,  ...,  0.4489,  0.1125,  0.8463]]],
       device='cuda:0'), tensor([[[-1.3970,  0.3569,  1.2387,  ...,  0.7113, -0.1215,  0.5755],
         [-1.4143,  0.3841,  1.2329,  ...,  0.7004, -0.1150,  0.5781],
         [-1.4120,  0.4013,  1.2484,  ...,  0.6790, -0.1208,  0.5660],
         ...,
         [-0.9935,  0.4333,  1.1859,  ...,  0.0403, -0.0648,  0.1827],
         [-0.9912,  0.4284,  1.1881,  ...,  0.0336, -0.0707,  0.1710],
         [-0.9900,  0.4207,  1.1945,  ...,  0.0273, -0.0738,  0.1586]]],
       device='cuda:0'), tensor([[[-1.1109,  0.4022,  0.6550,  ..., -0.0493,  0.2031,  0.3909],
         [-1.1080,  0.3969,  0.6572,  ..., -0.0512,  0.2150,  0.3904],
         [-1.1044,  0.3910,  0.6576,  ..., -0.0560,  0.2254,  0.3881],
         ...,
         [-1.6237,  0.4541,  0.2186,  ...,  0.4477,  0.1224,  0.8375],
         [-1.6225,  0.4523,  0.2037,  ...,  0.4483,  0.1174,  0.8419],
         [-1.6260,  0.4495,  0.1910,  ...,  0.4523,  0.1158,  0.8442]]],
       device='cuda:0'), tensor([[[-1.3899,  0.3317,  1.2380,  ...,  0.6869, -0.1280,  0.5928],
         [-1.4067,  0.3589,  1.2312,  ...,  0.6781, -0.1206,  0.5962],
         [-1.4036,  0.3751,  1.2463,  ...,  0.6567, -0.1271,  0.5849],
         ...,
         [-1.0032,  0.4117,  1.1855,  ...,  0.0192, -0.0766,  0.1885],
         [-1.0000,  0.4069,  1.1879,  ...,  0.0132, -0.0823,  0.1772],
         [-0.9989,  0.3996,  1.1948,  ...,  0.0068, -0.0847,  0.1663]]],
       device='cuda:0'), tensor([[[-1.1132,  0.4029,  0.6503,  ..., -0.0562,  0.2008,  0.3891],
         [-1.1108,  0.3966,  0.6523,  ..., -0.0582,  0.2119,  0.3881],
         [-1.1071,  0.3902,  0.6523,  ..., -0.0635,  0.2224,  0.3871],
         ...,
         [-1.6256,  0.4546,  0.2072,  ...,  0.4454,  0.1183,  0.8400],
         [-1.6236,  0.4518,  0.1947,  ...,  0.4471,  0.1146,  0.8445],
         [-1.6246,  0.4488,  0.1835,  ...,  0.4474,  0.1110,  0.8462]]],
       device='cuda:0'), tensor([[[-1.3782,  0.3387,  1.2456,  ...,  0.6709, -0.1126,  0.5992],
         [-1.3958,  0.3667,  1.2377,  ...,  0.6592, -0.1059,  0.6034],
         [-1.3929,  0.3824,  1.2508,  ...,  0.6365, -0.1118,  0.5923],
         ...,
         [-0.9949,  0.4148,  1.1949,  ...,  0.0158, -0.0702,  0.2013],
         [-0.9933,  0.4110,  1.1976,  ...,  0.0107, -0.0755,  0.1895],
         [-0.9939,  0.4050,  1.2040,  ...,  0.0050, -0.0767,  0.1781]]],
       device='cuda:0'), tensor([[[-1.1143,  0.4037,  0.6472,  ..., -0.0653,  0.1988,  0.3859],
         [-1.1108,  0.3970,  0.6498,  ..., -0.0676,  0.2104,  0.3846],
         [-1.1067,  0.3901,  0.6505,  ..., -0.0717,  0.2217,  0.3842],
         ...,
         [-1.6243,  0.4563,  0.2074,  ...,  0.4341,  0.1186,  0.8334],
         [-1.6229,  0.4549,  0.1939,  ...,  0.4367,  0.1143,  0.8381],
         [-1.6244,  0.4519,  0.1807,  ...,  0.4398,  0.1114,  0.8408]]],
       device='cuda:0'), tensor([[[-1.3772,  0.3257,  1.2317,  ...,  0.6739, -0.1134,  0.6115],
         [-1.3942,  0.3507,  1.2219,  ...,  0.6621, -0.1087,  0.6140],
         [-1.3921,  0.3674,  1.2326,  ...,  0.6383, -0.1154,  0.6017],
         ...,
         [-0.9964,  0.4208,  1.1928,  ...,  0.0322, -0.0720,  0.2052],
         [-0.9956,  0.4179,  1.1946,  ...,  0.0251, -0.0769,  0.1943],
         [-0.9948,  0.4141,  1.2001,  ...,  0.0193, -0.0779,  0.1825]]],
       device='cuda:0'), tensor([[[-1.1091,  0.4025,  0.6421,  ..., -0.0753,  0.1956,  0.3816],
         [-1.1067,  0.3960,  0.6456,  ..., -0.0772,  0.2077,  0.3809],
         [-1.1026,  0.3896,  0.6467,  ..., -0.0825,  0.2189,  0.3802],
         ...,
         [-1.6273,  0.4589,  0.1947,  ...,  0.4246,  0.1134,  0.8329],
         [-1.6257,  0.4574,  0.1826,  ...,  0.4254,  0.1112,  0.8375],
         [-1.6240,  0.4528,  0.1676,  ...,  0.4289,  0.1076,  0.8396]]],
       device='cuda:0'), tensor([[[-1.3693,  0.3209,  1.2253,  ...,  0.6646, -0.1040,  0.5930],
         [-1.3840,  0.3466,  1.2169,  ...,  0.6546, -0.0977,  0.5967],
         [-1.3804,  0.3608,  1.2286,  ...,  0.6316, -0.1048,  0.5858],
         ...,
         [-0.9923,  0.4075,  1.1967,  ...,  0.0260, -0.0640,  0.1849],
         [-0.9915,  0.4039,  1.2004,  ...,  0.0194, -0.0690,  0.1724],
         [-0.9922,  0.3984,  1.2070,  ...,  0.0127, -0.0705,  0.1608]]],
       device='cuda:0'), tensor([[[-1.1180,  0.3951,  0.6289,  ..., -0.0799,  0.1854,  0.3907],
         [-1.1154,  0.3883,  0.6327,  ..., -0.0831,  0.1974,  0.3890],
         [-1.1105,  0.3804,  0.6350,  ..., -0.0879,  0.2091,  0.3879],
         ...,
         [-1.6355,  0.4521,  0.1746,  ...,  0.4182,  0.1056,  0.8334],
         [-1.6338,  0.4494,  0.1627,  ...,  0.4192,  0.1036,  0.8372],
         [-1.6337,  0.4464,  0.1508,  ...,  0.4221,  0.0997,  0.8383]]],
       device='cuda:0'), tensor([[[-1.3559,  0.3238,  1.2304,  ...,  0.6870, -0.0824,  0.6251],
         [-1.3618,  0.3431,  1.2217,  ...,  0.6747, -0.0850,  0.6341],
         [-1.3575,  0.3634,  1.2428,  ...,  0.6469, -0.0919,  0.6133],
         ...,
         [-0.9805,  0.4156,  1.2198,  ...,  0.0561, -0.0542,  0.2089],
         [-0.9783,  0.4143,  1.2213,  ...,  0.0494, -0.0591,  0.1980],
         [-0.9783,  0.4109,  1.2274,  ...,  0.0439, -0.0610,  0.1867]]],
       device='cuda:0'), tensor([[[-1.1136,  0.3896,  0.6155,  ..., -0.0795,  0.1911,  0.3996],
         [-1.1081,  0.3844,  0.6209,  ..., -0.0838,  0.2044,  0.3989],
         [-1.1038,  0.3774,  0.6236,  ..., -0.0888,  0.2161,  0.3978],
         ...,
         [-1.6318,  0.4536,  0.1703,  ...,  0.4151,  0.1075,  0.8422],
         [-1.6302,  0.4517,  0.1583,  ...,  0.4164,  0.1045,  0.8464],
         [-1.6303,  0.4492,  0.1469,  ...,  0.4188,  0.1016,  0.8479]]],
       device='cuda:0'), tensor([[[-1.3675,  0.3143,  1.2336,  ...,  0.6940, -0.0986,  0.6062],
         [-1.3830,  0.3407,  1.2246,  ...,  0.6840, -0.0924,  0.6077],
         [-1.3737,  0.3560,  1.2405,  ...,  0.6589, -0.1013,  0.5966],
         ...,
         [-0.9857,  0.4025,  1.2240,  ...,  0.0653, -0.0604,  0.1905],
         [-0.9853,  0.4003,  1.2252,  ...,  0.0579, -0.0656,  0.1800],
         [-0.9868,  0.3962,  1.2311,  ...,  0.0514, -0.0678,  0.1682]]],
       device='cuda:0'), tensor([[[-1.1167,  0.3929,  0.6033,  ..., -0.0815,  0.1952,  0.4069],
         [-1.1144,  0.3848,  0.6087,  ..., -0.0846,  0.2066,  0.4045],
         [-1.1109,  0.3776,  0.6124,  ..., -0.0882,  0.2189,  0.4042],
         ...,
         [-1.6373,  0.4538,  0.1586,  ...,  0.4122,  0.1102,  0.8448],
         [-1.6333,  0.4509,  0.1467,  ...,  0.4142,  0.1066,  0.8459],
         [-1.6332,  0.4494,  0.1349,  ...,  0.4164,  0.1027,  0.8477]]],
       device='cuda:0'), tensor([[[-1.3535,  0.3114,  1.2256,  ...,  0.6973, -0.0774,  0.6282],
         [-1.3664,  0.3378,  1.2180,  ...,  0.6883, -0.0708,  0.6319],
         [-1.3558,  0.3597,  1.2358,  ...,  0.6625, -0.0773,  0.6201],
         ...,
         [-0.9671,  0.4116,  1.2301,  ...,  0.0856, -0.0449,  0.2022],
         [-0.9663,  0.4093,  1.2326,  ...,  0.0790, -0.0483,  0.1921],
         [-0.9661,  0.4062,  1.2391,  ...,  0.0717, -0.0498,  0.1812]]],
       device='cuda:0'), tensor([[[-1.1197,  0.3928,  0.5943,  ..., -0.0821,  0.1931,  0.4109],
         [-1.1157,  0.3850,  0.6003,  ..., -0.0858,  0.2049,  0.4089],
         [-1.1123,  0.3776,  0.6041,  ..., -0.0903,  0.2167,  0.4079],
         ...,
         [-1.6382,  0.4548,  0.1483,  ...,  0.4121,  0.1067,  0.8466],
         [-1.6351,  0.4518,  0.1379,  ...,  0.4135,  0.1041,  0.8480],
         [-1.6356,  0.4513,  0.1254,  ...,  0.4152,  0.1003,  0.8500]]],
       device='cuda:0'), tensor([[[-1.3508,  0.3202,  1.2161,  ...,  0.6893, -0.0708,  0.6227],
         [-1.3654,  0.3444,  1.2093,  ...,  0.6784, -0.0635,  0.6254],
         [-1.3606,  0.3607,  1.2202,  ...,  0.6566, -0.0676,  0.6155],
         ...,
         [-0.9750,  0.4065,  1.2287,  ...,  0.0764, -0.0344,  0.2069],
         [-0.9766,  0.4055,  1.2308,  ...,  0.0681, -0.0396,  0.1955],
         [-0.9778,  0.4035,  1.2360,  ...,  0.0603, -0.0416,  0.1832]]],
       device='cuda:0'), tensor([[[-1.1161,  0.3923,  0.5864,  ..., -0.0883,  0.1994,  0.4175],
         [-1.1123,  0.3856,  0.5916,  ..., -0.0907,  0.2110,  0.4145],
         [-1.1093,  0.3783,  0.5959,  ..., -0.0948,  0.2225,  0.4145],
         ...,
         [-1.6402,  0.4554,  0.1388,  ...,  0.4097,  0.1121,  0.8534],
         [-1.6367,  0.4505,  0.1266,  ...,  0.4123,  0.1104,  0.8567],
         [-1.6368,  0.4475,  0.1147,  ...,  0.4143,  0.1065,  0.8580]]],
       device='cuda:0'), tensor([[[-1.3571,  0.3381,  1.2204,  ...,  0.7160, -0.0703,  0.6282],
         [-1.3685,  0.3640,  1.2118,  ...,  0.7056, -0.0613,  0.6308],
         [-1.3628,  0.3814,  1.2241,  ...,  0.6849, -0.0635,  0.6222],
         ...,
         [-0.9730,  0.4245,  1.2282,  ...,  0.1037, -0.0361,  0.2071],
         [-0.9735,  0.4232,  1.2306,  ...,  0.0948, -0.0394,  0.1980],
         [-0.9737,  0.4207,  1.2372,  ...,  0.0875, -0.0383,  0.1871]]],
       device='cuda:0'), tensor([[[-1.1139,  0.3936,  0.5753,  ..., -0.0843,  0.2003,  0.4278],
         [-1.1099,  0.3862,  0.5800,  ..., -0.0864,  0.2122,  0.4255],
         [-1.1069,  0.3786,  0.5847,  ..., -0.0897,  0.2248,  0.4234],
         ...,
         [-1.6358,  0.4589,  0.1314,  ...,  0.4048,  0.1111,  0.8614],
         [-1.6347,  0.4570,  0.1200,  ...,  0.4099,  0.1081,  0.8627],
         [-1.6340,  0.4536,  0.1033,  ...,  0.4139,  0.1044,  0.8658]]],
       device='cuda:0'), tensor([[[-1.3571,  0.3312,  1.2140,  ...,  0.7238, -0.0597,  0.6400],
         [-1.3687,  0.3549,  1.2061,  ...,  0.7138, -0.0504,  0.6421],
         [-1.3608,  0.3711,  1.2193,  ...,  0.6935, -0.0543,  0.6321],
         ...,
         [-0.9783,  0.4226,  1.2300,  ...,  0.1141, -0.0300,  0.2111],
         [-0.9785,  0.4230,  1.2327,  ...,  0.1055, -0.0340,  0.2023],
         [-0.9786,  0.4200,  1.2390,  ...,  0.0980, -0.0341,  0.1919]]],
       device='cuda:0'), tensor([[[-1.1170,  0.3994,  0.5710,  ..., -0.0854,  0.2029,  0.4323],
         [-1.1139,  0.3933,  0.5746,  ..., -0.0879,  0.2153,  0.4296],
         [-1.1113,  0.3866,  0.5795,  ..., -0.0919,  0.2279,  0.4280],
         ...,
         [-1.6393,  0.4624,  0.1303,  ...,  0.4041,  0.1129,  0.8617],
         [-1.6390,  0.4575,  0.1193,  ...,  0.4048,  0.1116,  0.8628],
         [-1.6369,  0.4563,  0.1077,  ...,  0.4058,  0.1072,  0.8635]]],
       device='cuda:0'), tensor([[[-1.3220,  0.3599,  1.1894,  ...,  0.7159, -0.0668,  0.6328],
         [-1.3353,  0.3859,  1.1799,  ...,  0.7033, -0.0598,  0.6358],
         [-1.3308,  0.4021,  1.1903,  ...,  0.6803, -0.0648,  0.6261],
         ...,
         [-0.9498,  0.4342,  1.2204,  ...,  0.1138, -0.0354,  0.2059],
         [-0.9499,  0.4337,  1.2224,  ...,  0.1064, -0.0400,  0.1972],
         [-0.9514,  0.4315,  1.2288,  ...,  0.1017, -0.0408,  0.1876]]],
       device='cuda:0'), tensor([[[-1.1151,  0.3982,  0.5693,  ..., -0.0827,  0.2080,  0.4359],
         [-1.1115,  0.3928,  0.5734,  ..., -0.0843,  0.2197,  0.4324],
         [-1.1084,  0.3863,  0.5780,  ..., -0.0874,  0.2321,  0.4300],
         ...,
         [-1.6352,  0.4584,  0.1260,  ...,  0.4065,  0.1122,  0.8682],
         [-1.6333,  0.4554,  0.1168,  ...,  0.4089,  0.1105,  0.8690],
         [-1.6334,  0.4530,  0.1050,  ...,  0.4110,  0.1086,  0.8696]]],
       device='cuda:0'), tensor([[[-1.3365,  0.3407,  1.1918,  ...,  0.7380, -0.0797,  0.6314],
         [-1.3498,  0.3659,  1.1835,  ...,  0.7259, -0.0710,  0.6334],
         [-1.3445,  0.3837,  1.1962,  ...,  0.7038, -0.0754,  0.6241],
         ...,
         [-0.9577,  0.4210,  1.2271,  ...,  0.1233, -0.0435,  0.2021],
         [-0.9581,  0.4206,  1.2295,  ...,  0.1166, -0.0479,  0.1932],
         [-0.9588,  0.4193,  1.2349,  ...,  0.1113, -0.0483,  0.1838]]],
       device='cuda:0'), tensor([[[-1.1129,  0.3990,  0.5726,  ..., -0.0749,  0.2084,  0.4404],
         [-1.1103,  0.3935,  0.5763,  ..., -0.0768,  0.2220,  0.4368],
         [-1.1070,  0.3870,  0.5818,  ..., -0.0791,  0.2336,  0.4346],
         ...,
         [-1.6317,  0.4559,  0.1322,  ...,  0.4142,  0.1144,  0.8722],
         [-1.6298,  0.4539,  0.1212,  ...,  0.4169,  0.1132,  0.8741],
         [-1.6301,  0.4522,  0.1101,  ...,  0.4185,  0.1111,  0.8750]]],
       device='cuda:0'), tensor([[[-1.3348,  0.3315,  1.2040,  ...,  0.7076, -0.0654,  0.6228],
         [-1.3474,  0.3575,  1.1949,  ...,  0.6967, -0.0582,  0.6244],
         [-1.3419,  0.3746,  1.2073,  ...,  0.6763, -0.0626,  0.6161],
         ...,
         [-0.9585,  0.4129,  1.2372,  ...,  0.1044, -0.0227,  0.2052],
         [-0.9592,  0.4123,  1.2390,  ...,  0.0969, -0.0269,  0.1950],
         [-0.9602,  0.4104,  1.2459,  ...,  0.0911, -0.0270,  0.1852]]],
       device='cuda:0'), tensor([[[-1.1126,  0.3987,  0.5784,  ..., -0.0685,  0.2077,  0.4402],
         [-1.1074,  0.3951,  0.5821,  ..., -0.0732,  0.2210,  0.4375],
         [-1.1052,  0.3886,  0.5867,  ..., -0.0759,  0.2329,  0.4356],
         ...,
         [-1.6287,  0.4547,  0.1368,  ...,  0.4175,  0.1139,  0.8733],
         [-1.6269,  0.4522,  0.1268,  ...,  0.4201,  0.1128,  0.8739],
         [-1.6268,  0.4507,  0.1166,  ...,  0.4201,  0.1106,  0.8739]]],
       device='cuda:0'), tensor([[[-1.3440,  0.3328,  1.2040,  ...,  0.7117, -0.0784,  0.6283],
         [-1.3550,  0.3593,  1.1950,  ...,  0.7026, -0.0703,  0.6300],
         [-1.3480,  0.3769,  1.2078,  ...,  0.6832, -0.0745,  0.6214],
         ...,
         [-0.9673,  0.4189,  1.2261,  ...,  0.1023, -0.0446,  0.2146],
         [-0.9666,  0.4177,  1.2288,  ...,  0.0934, -0.0486,  0.2039],
         [-0.9691,  0.4145,  1.2361,  ...,  0.0863, -0.0495,  0.1932]]],
       device='cuda:0'), tensor([[[-1.1117,  0.4014,  0.5792,  ..., -0.0721,  0.2082,  0.4392],
         [-1.1083,  0.3967,  0.5815,  ..., -0.0764,  0.2211,  0.4375],
         [-1.1052,  0.3894,  0.5864,  ..., -0.0794,  0.2337,  0.4358],
         ...,
         [-1.6295,  0.4551,  0.1455,  ...,  0.4085,  0.1132,  0.8707],
         [-1.6277,  0.4530,  0.1354,  ...,  0.4100,  0.1119,  0.8722],
         [-1.6280,  0.4506,  0.1236,  ...,  0.4117,  0.1106,  0.8727]]],
       device='cuda:0'), tensor([[[-1.3430,  0.3483,  1.2009,  ...,  0.7012, -0.0750,  0.6419],
         [-1.3561,  0.3728,  1.1940,  ...,  0.6911, -0.0669,  0.6433],
         [-1.3491,  0.3878,  1.2076,  ...,  0.6710, -0.0719,  0.6343],
         ...,
         [-0.9708,  0.4287,  1.2226,  ...,  0.0988, -0.0341,  0.2183],
         [-0.9721,  0.4280,  1.2254,  ...,  0.0914, -0.0373,  0.2090],
         [-0.9745,  0.4239,  1.2339,  ...,  0.0849, -0.0386,  0.1994]]],
       device='cuda:0'), tensor([[[-1.1109,  0.4008,  0.5797,  ..., -0.0714,  0.2051,  0.4399],
         [-1.1088,  0.3944,  0.5837,  ..., -0.0756,  0.2184,  0.4374],
         [-1.1055,  0.3880,  0.5882,  ..., -0.0785,  0.2300,  0.4359],
         ...,
         [-1.6283,  0.4534,  0.1482,  ...,  0.4119,  0.1111,  0.8741],
         [-1.6277,  0.4512,  0.1373,  ...,  0.4133,  0.1101,  0.8759],
         [-1.6279,  0.4495,  0.1265,  ...,  0.4145,  0.1074,  0.8753]]],
       device='cuda:0'), tensor([[[-1.3450,  0.3339,  1.1906,  ...,  0.6945, -0.0633,  0.6534],
         [-1.3573,  0.3591,  1.1828,  ...,  0.6829, -0.0546,  0.6552],
         [-1.3512,  0.3748,  1.1958,  ...,  0.6630, -0.0583,  0.6452],
         ...,
         [-0.9616,  0.4274,  1.2138,  ...,  0.0974, -0.0181,  0.2244],
         [-0.9620,  0.4259,  1.2175,  ...,  0.0892, -0.0230,  0.2133],
         [-0.9652,  0.4222,  1.2251,  ...,  0.0834, -0.0242,  0.2028]]],
       device='cuda:0'), tensor([[[-1.1117,  0.3991,  0.5820,  ..., -0.0702,  0.2055,  0.4420],
         [-1.1086,  0.3935,  0.5852,  ..., -0.0717,  0.2174,  0.4384],
         [-1.1062,  0.3877,  0.5896,  ..., -0.0753,  0.2294,  0.4368],
         ...,
         [-1.6282,  0.4539,  0.1496,  ...,  0.4150,  0.1109,  0.8748],
         [-1.6271,  0.4516,  0.1391,  ...,  0.4167,  0.1097,  0.8760],
         [-1.6279,  0.4497,  0.1279,  ...,  0.4175,  0.1072,  0.8764]]],
       device='cuda:0'), tensor([[[-1.3561,  0.3300,  1.1677,  ...,  0.7080, -0.0667,  0.6621],
         [-1.3606,  0.3471,  1.1587,  ...,  0.6963, -0.0655,  0.6689],
         [-1.3575,  0.3655,  1.1820,  ...,  0.6726, -0.0693,  0.6509],
         ...,
         [-0.9646,  0.4151,  1.2064,  ...,  0.1004, -0.0210,  0.2289],
         [-0.9656,  0.4129,  1.2103,  ...,  0.0925, -0.0249,  0.2181],
         [-0.9681,  0.4081,  1.2179,  ...,  0.0865, -0.0267,  0.2070]]],
       device='cuda:0'), tensor([[[-1.1129,  0.4024,  0.5834,  ..., -0.0763,  0.2040,  0.4417],
         [-1.1101,  0.3977,  0.5862,  ..., -0.0745,  0.2170,  0.4397],
         [-1.1066,  0.3919,  0.5898,  ..., -0.0786,  0.2287,  0.4371],
         ...,
         [-1.6283,  0.4591,  0.1572,  ...,  0.4059,  0.1105,  0.8765],
         [-1.6267,  0.4568,  0.1473,  ...,  0.4088,  0.1085,  0.8781],
         [-1.6269,  0.4554,  0.1361,  ...,  0.4096,  0.1050,  0.8775]]],
       device='cuda:0'), tensor([[[-1.3497,  0.3215,  1.1785,  ...,  0.7075, -0.0733,  0.6485],
         [-1.3627,  0.3454,  1.1687,  ...,  0.6966, -0.0662,  0.6508],
         [-1.3550,  0.3620,  1.1846,  ...,  0.6757, -0.0732,  0.6406],
         ...,
         [-0.9639,  0.4054,  1.2073,  ...,  0.0968, -0.0277,  0.2237],
         [-0.9640,  0.4033,  1.2109,  ...,  0.0894, -0.0322,  0.2122],
         [-0.9671,  0.4004,  1.2190,  ...,  0.0838, -0.0338,  0.2006]]],
       device='cuda:0'), tensor([[[-1.1150,  0.3986,  0.5786,  ..., -0.0762,  0.2072,  0.4420],
         [-1.1131,  0.3933,  0.5814,  ..., -0.0786,  0.2181,  0.4396],
         [-1.1096,  0.3868,  0.5843,  ..., -0.0823,  0.2302,  0.4379],
         ...,
         [-1.6326,  0.4562,  0.1507,  ...,  0.4031,  0.1104,  0.8770],
         [-1.6306,  0.4541,  0.1411,  ...,  0.4065,  0.1088,  0.8788],
         [-1.6312,  0.4525,  0.1298,  ...,  0.4085,  0.1062,  0.8794]]],
       device='cuda:0'), tensor([[[-1.3510,  0.3251,  1.1901,  ...,  0.7183, -0.0703,  0.6368],
         [-1.3641,  0.3498,  1.1806,  ...,  0.7075, -0.0633,  0.6379],
         [-1.3558,  0.3698,  1.1956,  ...,  0.6823, -0.0713,  0.6269],
         ...,
         [-0.9627,  0.4115,  1.2184,  ...,  0.1008, -0.0312,  0.2124],
         [-0.9635,  0.4101,  1.2221,  ...,  0.0940, -0.0346,  0.2008],
         [-0.9663,  0.4062,  1.2285,  ...,  0.0890, -0.0363,  0.1896]]],
       device='cuda:0'), tensor([[[-1.1209,  0.3975,  0.5792,  ..., -0.0773,  0.2005,  0.4377],
         [-1.1179,  0.3915,  0.5836,  ..., -0.0806,  0.2157,  0.4360],
         [-1.1141,  0.3847,  0.5875,  ..., -0.0838,  0.2275,  0.4341],
         ...,
         [-1.6372,  0.4543,  0.1541,  ...,  0.3987,  0.1058,  0.8739],
         [-1.6349,  0.4524,  0.1444,  ...,  0.4010,  0.1037,  0.8754],
         [-1.6356,  0.4498,  0.1335,  ...,  0.4031,  0.1012,  0.8758]]],
       device='cuda:0'), tensor([[[-1.3508,  0.3205,  1.1897,  ...,  0.7298, -0.0813,  0.6415],
         [-1.3630,  0.3447,  1.1808,  ...,  0.7179, -0.0750,  0.6429],
         [-1.3591,  0.3605,  1.1930,  ...,  0.6985, -0.0810,  0.6344],
         ...,
         [-0.9624,  0.4105,  1.2226,  ...,  0.1091, -0.0416,  0.2166],
         [-0.9620,  0.4092,  1.2267,  ...,  0.1019, -0.0456,  0.2046],
         [-0.9649,  0.4049,  1.2339,  ...,  0.0970, -0.0469,  0.1928]]],
       device='cuda:0'), tensor([[[-1.1264,  0.3935,  0.5777,  ..., -0.0820,  0.1939,  0.4356],
         [-1.1236,  0.3875,  0.5827,  ..., -0.0853,  0.2091,  0.4319],
         [-1.1191,  0.3801,  0.5866,  ..., -0.0891,  0.2210,  0.4304],
         ...,
         [-1.6429,  0.4494,  0.1537,  ...,  0.3950,  0.0989,  0.8699],
         [-1.6417,  0.4476,  0.1435,  ...,  0.3973,  0.0973,  0.8714],
         [-1.6407,  0.4464,  0.1332,  ...,  0.3993,  0.0951,  0.8715]]],
       device='cuda:0'), tensor([[[-1.3439,  0.3116,  1.1878,  ...,  0.7314, -0.0812,  0.6425],
         [-1.3556,  0.3365,  1.1798,  ...,  0.7211, -0.0731,  0.6437],
         [-1.3508,  0.3535,  1.1919,  ...,  0.7014, -0.0788,  0.6359],
         ...,
         [-0.9601,  0.4000,  1.2251,  ...,  0.1097, -0.0403,  0.2212],
         [-0.9598,  0.3990,  1.2292,  ...,  0.1024, -0.0442,  0.2086],
         [-0.9634,  0.3945,  1.2352,  ...,  0.0973, -0.0448,  0.1971]]],
       device='cuda:0'), tensor([[[-1.1293,  0.3930,  0.5769,  ..., -0.0856,  0.1939,  0.4345],
         [-1.1263,  0.3863,  0.5820,  ..., -0.0887,  0.2068,  0.4319],
         [-1.1216,  0.3789,  0.5863,  ..., -0.0931,  0.2190,  0.4292],
         ...,
         [-1.6459,  0.4497,  0.1650,  ...,  0.3873,  0.0948,  0.8725],
         [-1.6448,  0.4472,  0.1551,  ...,  0.3906,  0.0929,  0.8742],
         [-1.6440,  0.4469,  0.1444,  ...,  0.3920,  0.0907,  0.8745]]],
       device='cuda:0'), tensor([[[-1.3414,  0.3054,  1.1774,  ...,  0.7336, -0.0767,  0.6479],
         [-1.3531,  0.3302,  1.1683,  ...,  0.7236, -0.0704,  0.6496],
         [-1.3474,  0.3471,  1.1809,  ...,  0.7034, -0.0779,  0.6416],
         ...,
         [-0.9622,  0.3996,  1.2105,  ...,  0.1110, -0.0331,  0.2219],
         [-0.9624,  0.3966,  1.2151,  ...,  0.1039, -0.0370,  0.2100],
         [-0.9654,  0.3926,  1.2216,  ...,  0.0986, -0.0384,  0.1965]]],
       device='cuda:0'), tensor([[[-1.1271,  0.3926,  0.5753,  ..., -0.0903,  0.1894,  0.4364],
         [-1.1264,  0.3849,  0.5798,  ..., -0.0925,  0.2041,  0.4332],
         [-1.1224,  0.3777,  0.5844,  ..., -0.0963,  0.2154,  0.4299],
         ...,
         [-1.6468,  0.4535,  0.1731,  ...,  0.3786,  0.0912,  0.8742],
         [-1.6446,  0.4498,  0.1641,  ...,  0.3801,  0.0886,  0.8735],
         [-1.6443,  0.4486,  0.1536,  ...,  0.3816,  0.0865,  0.8727]]],
       device='cuda:0'), tensor([[[-1.3370,  0.3084,  1.1720,  ...,  0.7387, -0.0783,  0.6400],
         [-1.3490,  0.3351,  1.1629,  ...,  0.7279, -0.0720,  0.6410],
         [-1.3427,  0.3524,  1.1749,  ...,  0.7082, -0.0790,  0.6336],
         ...,
         [-0.9581,  0.4040,  1.2087,  ...,  0.1076, -0.0347,  0.2257],
         [-0.9587,  0.4011,  1.2139,  ...,  0.1005, -0.0391,  0.2137],
         [-0.9613,  0.3959,  1.2213,  ...,  0.0954, -0.0398,  0.2018]]],
       device='cuda:0'), tensor([[[-1.1260,  0.3868,  0.5809,  ..., -0.0936,  0.1858,  0.4311],
         [-1.1253,  0.3811,  0.5881,  ..., -0.1005,  0.1996,  0.4274],
         [-1.1205,  0.3729,  0.5912,  ..., -0.1046,  0.2119,  0.4243],
         ...,
         [-1.6484,  0.4491,  0.1785,  ...,  0.3758,  0.0844,  0.8738],
         [-1.6459,  0.4489,  0.1683,  ...,  0.3784,  0.0831,  0.8744],
         [-1.6461,  0.4478,  0.1585,  ...,  0.3813,  0.0803,  0.8729]]],
       device='cuda:0'), tensor([[[-1.3371,  0.3068,  1.1933,  ...,  0.7478, -0.0793,  0.6294],
         [-1.3477,  0.3320,  1.1846,  ...,  0.7359, -0.0731,  0.6319],
         [-1.3416,  0.3496,  1.1951,  ...,  0.7149, -0.0817,  0.6244],
         ...,
         [-0.9559,  0.4007,  1.2318,  ...,  0.1084, -0.0332,  0.2203],
         [-0.9577,  0.3976,  1.2370,  ...,  0.1014, -0.0367,  0.2088],
         [-0.9591,  0.3926,  1.2440,  ...,  0.0964, -0.0382,  0.1970]]],
       device='cuda:0'), tensor([[[-1.1305,  0.3870,  0.5819,  ..., -0.1025,  0.1835,  0.4242],
         [-1.1251,  0.3788,  0.5837,  ..., -0.1090,  0.1953,  0.4187],
         [-1.1226,  0.3715,  0.5880,  ..., -0.1134,  0.2034,  0.4209],
         ...,
         [-1.6513,  0.4496,  0.1833,  ...,  0.3634,  0.0816,  0.8710],
         [-1.6485,  0.4491,  0.1742,  ...,  0.3669,  0.0802,  0.8725],
         [-1.6472,  0.4496,  0.1650,  ...,  0.3680,  0.0775,  0.8721]]],
       device='cuda:0'), tensor([[[-1.3417,  0.3078,  1.2015,  ...,  0.7530, -0.0928,  0.6323],
         [-1.3526,  0.3339,  1.1920,  ...,  0.7424, -0.0875,  0.6350],
         [-1.3465,  0.3511,  1.2024,  ...,  0.7227, -0.0971,  0.6268],
         ...,
         [-0.9571,  0.4023,  1.2445,  ...,  0.1118, -0.0411,  0.2171],
         [-0.9572,  0.3995,  1.2492,  ...,  0.1045, -0.0451,  0.2060],
         [-0.9584,  0.3941,  1.2551,  ...,  0.0992, -0.0464,  0.1950]]],
       device='cuda:0'), tensor([[[-1.1367,  0.3748,  0.5882,  ..., -0.1054,  0.1750,  0.4180],
         [-1.1269,  0.3672,  0.5903,  ..., -0.1061,  0.1869,  0.4134],
         [-1.1239,  0.3601,  0.5964,  ..., -0.1107,  0.1991,  0.4147],
         ...,
         [-1.6542,  0.4433,  0.1904,  ...,  0.3682,  0.0745,  0.8642],
         [-1.6530,  0.4437,  0.1820,  ...,  0.3704,  0.0734,  0.8662],
         [-1.6520,  0.4441,  0.1713,  ...,  0.3719,  0.0714,  0.8656]]],
       device='cuda:0'), tensor([[[-1.3410,  0.3237,  1.2070,  ...,  0.7380, -0.0834,  0.6543],
         [-1.3510,  0.3490,  1.1975,  ...,  0.7296, -0.0796,  0.6563],
         [-1.3452,  0.3668,  1.2086,  ...,  0.7105, -0.0884,  0.6491],
         ...,
         [-0.9613,  0.4160,  1.2476,  ...,  0.1107, -0.0279,  0.2383],
         [-0.9623,  0.4141,  1.2517,  ...,  0.1032, -0.0316,  0.2275],
         [-0.9643,  0.4112,  1.2580,  ...,  0.0977, -0.0326,  0.2169]]],
       device='cuda:0'), tensor([[[-1.1442,  0.3713,  0.5984,  ..., -0.1077,  0.1749,  0.4128],
         [-1.1326,  0.3640,  0.5994,  ..., -0.1149,  0.1866,  0.4071],
         [-1.1287,  0.3568,  0.6015,  ..., -0.1144,  0.1937,  0.4073],
         ...,
         [-1.6586,  0.4426,  0.2061,  ...,  0.3554,  0.0740,  0.8628],
         [-1.6561,  0.4428,  0.1989,  ...,  0.3573,  0.0728,  0.8645],
         [-1.6537,  0.4448,  0.1897,  ...,  0.3579,  0.0714,  0.8639]]],
       device='cuda:0'), tensor([[[-1.3378,  0.3300,  1.1958,  ...,  0.7315, -0.0766,  0.6405],
         [-1.3493,  0.3550,  1.1859,  ...,  0.7230, -0.0707,  0.6446],
         [-1.3440,  0.3708,  1.1983,  ...,  0.7048, -0.0788,  0.6358],
         ...,
         [-0.9577,  0.4238,  1.2371,  ...,  0.1101, -0.0185,  0.2179],
         [-0.9592,  0.4232,  1.2417,  ...,  0.1028, -0.0226,  0.2085],
         [-0.9611,  0.4185,  1.2491,  ...,  0.0972, -0.0244,  0.1975]]],
       device='cuda:0'), tensor([[[-1.1305,  0.3761,  0.6166,  ..., -0.1009,  0.1662,  0.4076],
         [-1.1241,  0.3686,  0.6216,  ..., -0.1058,  0.1762,  0.4018],
         [-1.1263,  0.3656,  0.6249,  ..., -0.1087,  0.1867,  0.3993],
         ...,
         [-1.6545,  0.4485,  0.2262,  ...,  0.3767,  0.0665,  0.8603],
         [-1.6519,  0.4498,  0.2183,  ...,  0.3789,  0.0665,  0.8617],
         [-1.6509,  0.4513,  0.2100,  ...,  0.3798,  0.0653,  0.8617]]],
       device='cuda:0'), tensor([[[-1.3331,  0.3270,  1.1857,  ...,  0.7302, -0.0795,  0.6488],
         [-1.3445,  0.3502,  1.1765,  ...,  0.7226, -0.0738,  0.6527],
         [-1.3393,  0.3655,  1.1861,  ...,  0.7043, -0.0804,  0.6468],
         ...,
         [-0.9556,  0.4196,  1.2215,  ...,  0.1068, -0.0217,  0.2294],
         [-0.9575,  0.4170,  1.2259,  ...,  0.1009, -0.0256,  0.2184],
         [-0.9597,  0.4125,  1.2323,  ...,  0.0965, -0.0269,  0.2087]]],
       device='cuda:0'), tensor([[[-1.1366,  0.3700,  0.6153,  ..., -0.1061,  0.1603,  0.3951],
         [-1.1332,  0.3678,  0.6231,  ..., -0.1074,  0.1694,  0.3912],
         [-1.1273,  0.3590,  0.6190,  ..., -0.1126,  0.1781,  0.3933],
         ...,
         [-1.6557,  0.4409,  0.2358,  ...,  0.3649,  0.0592,  0.8505],
         [-1.6528,  0.4428,  0.2274,  ...,  0.3665,  0.0598,  0.8536],
         [-1.6527,  0.4443,  0.2186,  ...,  0.3670,  0.0580,  0.8538]]],
       device='cuda:0'), tensor([[[-1.3333,  0.3353,  1.1834,  ...,  0.7440, -0.0732,  0.6464],
         [-1.3357,  0.3522,  1.1731,  ...,  0.7345, -0.0752,  0.6558],
         [-1.3301,  0.3717,  1.1939,  ...,  0.7116, -0.0805,  0.6415],
         ...,
         [-0.9491,  0.4202,  1.2199,  ...,  0.1100, -0.0224,  0.2267],
         [-0.9494,  0.4180,  1.2241,  ...,  0.1039, -0.0257,  0.2167],
         [-0.9518,  0.4131,  1.2308,  ...,  0.0998, -0.0261,  0.2079]]],
       device='cuda:0'), tensor([[[-1.1356,  0.3752,  0.6315,  ..., -0.0999,  0.1582,  0.3899],
         [-1.1344,  0.3675,  0.6385,  ..., -0.1046,  0.1682,  0.3884],
         [-1.1256,  0.3670,  0.6359,  ..., -0.1039,  0.1778,  0.3889],
         ...,
         [-1.6565,  0.4483,  0.2596,  ...,  0.3679,  0.0626,  0.8383],
         [-1.6540,  0.4502,  0.2501,  ...,  0.3704,  0.0623,  0.8421],
         [-1.6527,  0.4515,  0.2412,  ...,  0.3727,  0.0616,  0.8430]]],
       device='cuda:0'), tensor([[[-1.3296,  0.3290,  1.1839,  ...,  0.7265, -0.0792,  0.6489],
         [-1.3405,  0.3528,  1.1734,  ...,  0.7173, -0.0743,  0.6524],
         [-1.3317,  0.3698,  1.1888,  ...,  0.6990, -0.0829,  0.6445],
         ...,
         [-0.9499,  0.4188,  1.2181,  ...,  0.0979, -0.0263,  0.2327],
         [-0.9506,  0.4157,  1.2221,  ...,  0.0910, -0.0304,  0.2219],
         [-0.9527,  0.4111,  1.2293,  ...,  0.0859, -0.0306,  0.2123]]],
       device='cuda:0'), tensor([[[-1.1312,  0.3750,  0.6332,  ..., -0.0907,  0.1567,  0.3916],
         [-1.1304,  0.3669,  0.6404,  ..., -0.0952,  0.1674,  0.3893],
         [-1.1227,  0.3651,  0.6385,  ..., -0.0948,  0.1756,  0.3884],
         ...,
         [-1.6552,  0.4433,  0.2634,  ...,  0.3813,  0.0562,  0.8414],
         [-1.6530,  0.4456,  0.2548,  ...,  0.3832,  0.0551,  0.8444],
         [-1.6512,  0.4463,  0.2456,  ...,  0.3839,  0.0545,  0.8470]]],
       device='cuda:0'), tensor([[[-1.3320,  0.3341,  1.1883,  ...,  0.7358, -0.0780,  0.6494],
         [-1.3423,  0.3607,  1.1786,  ...,  0.7264, -0.0727,  0.6527],
         [-1.3329,  0.3828,  1.1944,  ...,  0.7008, -0.0805,  0.6432],
         ...,
         [-0.9513,  0.4210,  1.2343,  ...,  0.1064, -0.0259,  0.2312],
         [-0.9515,  0.4194,  1.2390,  ...,  0.1000, -0.0300,  0.2204],
         [-0.9537,  0.4143,  1.2454,  ...,  0.0946, -0.0320,  0.2094]]],
       device='cuda:0'), tensor([[[-1.1369,  0.3778,  0.6400,  ..., -0.0824,  0.1579,  0.3945],
         [-1.1351,  0.3722,  0.6472,  ..., -0.0866,  0.1734,  0.3865],
         [-1.1272,  0.3648,  0.6527,  ..., -0.0925,  0.1793,  0.3842],
         ...,
         [-1.6574,  0.4409,  0.2728,  ...,  0.3887,  0.0562,  0.8379],
         [-1.6554,  0.4429,  0.2641,  ...,  0.3897,  0.0554,  0.8409],
         [-1.6541,  0.4443,  0.2546,  ...,  0.3886,  0.0553,  0.8432]]],
       device='cuda:0'), tensor([[[-1.3204,  0.3392,  1.1734,  ...,  0.7403, -0.0790,  0.6541],
         [-1.3316,  0.3658,  1.1653,  ...,  0.7291, -0.0734,  0.6562],
         [-1.3260,  0.3830,  1.1782,  ...,  0.7092, -0.0808,  0.6491],
         ...,
         [-0.9404,  0.4293,  1.2287,  ...,  0.1146, -0.0273,  0.2358],
         [-0.9402,  0.4264,  1.2347,  ...,  0.1073, -0.0320,  0.2247],
         [-0.9418,  0.4207,  1.2419,  ...,  0.1029, -0.0338,  0.2134]]],
       device='cuda:0'), tensor([[[-1.1304,  0.3735,  0.6476,  ..., -0.0701,  0.1565,  0.3928],
         [-1.1216,  0.3681,  0.6541,  ..., -0.0766,  0.1685,  0.3870],
         [-1.1198,  0.3579,  0.6618,  ..., -0.0827,  0.1806,  0.3834],
         ...,
         [-1.6502,  0.4347,  0.2781,  ...,  0.3974,  0.0541,  0.8333],
         [-1.6474,  0.4344,  0.2705,  ...,  0.3978,  0.0546,  0.8366],
         [-1.6453,  0.4362,  0.2614,  ...,  0.3957,  0.0556,  0.8383]]],
       device='cuda:0'), tensor([[[-1.3172,  0.3373,  1.1752,  ...,  0.7375, -0.0804,  0.6481],
         [-1.3299,  0.3646,  1.1662,  ...,  0.7263, -0.0745,  0.6492],
         [-1.3253,  0.3816,  1.1792,  ...,  0.7067, -0.0811,  0.6410],
         ...,
         [-0.9393,  0.4260,  1.2286,  ...,  0.1135, -0.0251,  0.2297],
         [-0.9394,  0.4230,  1.2339,  ...,  0.1063, -0.0294,  0.2181],
         [-0.9414,  0.4184,  1.2403,  ...,  0.1011, -0.0314,  0.2065]]],
       device='cuda:0'), tensor([[[-1.1285,  0.3732,  0.6438,  ..., -0.0684,  0.1550,  0.3922],
         [-1.1208,  0.3666,  0.6518,  ..., -0.0761,  0.1667,  0.3857],
         [-1.1201,  0.3578,  0.6600,  ..., -0.0815,  0.1765,  0.3822],
         ...,
         [-1.6469,  0.4312,  0.2758,  ...,  0.4006,  0.0533,  0.8315],
         [-1.6452,  0.4322,  0.2690,  ...,  0.4004,  0.0539,  0.8346],
         [-1.6429,  0.4341,  0.2595,  ...,  0.3991,  0.0549,  0.8362]]],
       device='cuda:0'), tensor([[[-1.3222,  0.3411,  1.1921,  ...,  0.7437, -0.0726,  0.6526],
         [-1.3321,  0.3676,  1.1824,  ...,  0.7318, -0.0660,  0.6535],
         [-1.3266,  0.3853,  1.1954,  ...,  0.7123, -0.0731,  0.6447],
         ...,
         [-0.9384,  0.4228,  1.2460,  ...,  0.1235, -0.0262,  0.2326],
         [-0.9399,  0.4204,  1.2502,  ...,  0.1165, -0.0309,  0.2195],
         [-0.9413,  0.4142,  1.2558,  ...,  0.1108, -0.0321,  0.2067]]],
       device='cuda:0'), tensor([[[-1.1247,  0.3754,  0.6473,  ..., -0.0754,  0.1583,  0.3874],
         [-1.1226,  0.3691,  0.6488,  ..., -0.0765,  0.1658,  0.3870],
         [-1.1178,  0.3643,  0.6564,  ..., -0.0786,  0.1798,  0.3803],
         ...,
         [-1.6481,  0.4320,  0.2763,  ...,  0.4004,  0.0529,  0.8300],
         [-1.6454,  0.4326,  0.2688,  ...,  0.3999,  0.0538,  0.8338],
         [-1.6432,  0.4348,  0.2593,  ...,  0.3984,  0.0555,  0.8351]]],
       device='cuda:0'), tensor([[[-1.3162,  0.3442,  1.1745,  ...,  0.7700, -0.0769,  0.6603],
         [-1.3274,  0.3697,  1.1624,  ...,  0.7579, -0.0686,  0.6604],
         [-1.3223,  0.3878,  1.1729,  ...,  0.7396, -0.0731,  0.6522],
         ...,
         [-0.9415,  0.4216,  1.2287,  ...,  0.1503, -0.0162,  0.2444],
         [-0.9420,  0.4193,  1.2310,  ...,  0.1444, -0.0205,  0.2326],
         [-0.9433,  0.4141,  1.2362,  ...,  0.1380, -0.0221,  0.2222]]],
       device='cuda:0'), tensor([[[-1.1289,  0.3745,  0.6464,  ..., -0.0702,  0.1579,  0.3909],
         [-1.1224,  0.3670,  0.6544,  ..., -0.0730,  0.1680,  0.3826],
         [-1.1203,  0.3620,  0.6535,  ..., -0.0764,  0.1751,  0.3826],
         ...,
         [-1.6480,  0.4316,  0.2771,  ...,  0.4001,  0.0534,  0.8296],
         [-1.6454,  0.4329,  0.2693,  ...,  0.3997,  0.0546,  0.8331],
         [-1.6438,  0.4344,  0.2605,  ...,  0.3981,  0.0561,  0.8351]]],
       device='cuda:0'), tensor([[[-1.3003,  0.3619,  1.1803,  ...,  0.7737, -0.0706,  0.6489],
         [-1.3109,  0.3884,  1.1695,  ...,  0.7620, -0.0651,  0.6516],
         [-1.3058,  0.4059,  1.1813,  ...,  0.7427, -0.0706,  0.6437],
         ...,
         [-0.9259,  0.4322,  1.2541,  ...,  0.1670, -0.0193,  0.2255],
         [-0.9266,  0.4289,  1.2584,  ...,  0.1611, -0.0226,  0.2157],
         [-0.9281,  0.4236,  1.2650,  ...,  0.1565, -0.0241,  0.2052]]],
       device='cuda:0'), tensor([[[-1.1290,  0.3755,  0.6458,  ..., -0.0691,  0.1585,  0.3917],
         [-1.1234,  0.3671,  0.6519,  ..., -0.0711,  0.1661,  0.3863],
         [-1.1198,  0.3617,  0.6546,  ..., -0.0801,  0.1771,  0.3853],
         ...,
         [-1.6477,  0.4314,  0.2770,  ...,  0.4004,  0.0542,  0.8311],
         [-1.6455,  0.4327,  0.2694,  ...,  0.3998,  0.0545,  0.8338],
         [-1.6442,  0.4345,  0.2606,  ...,  0.3986,  0.0561,  0.8364]]],
       device='cuda:0'), tensor([[[-1.3186,  0.3551,  1.1892,  ...,  0.7852, -0.0642,  0.6591],
         [-1.3293,  0.3787,  1.1789,  ...,  0.7727, -0.0579,  0.6598],
         [-1.3249,  0.3946,  1.1888,  ...,  0.7528, -0.0631,  0.6506],
         ...,
         [-0.9467,  0.4351,  1.2616,  ...,  0.1726, -0.0050,  0.2409],
         [-0.9464,  0.4321,  1.2651,  ...,  0.1665, -0.0098,  0.2307],
         [-0.9462,  0.4276,  1.2701,  ...,  0.1613, -0.0109,  0.2207]]],
       device='cuda:0'), tensor([[[-1.1268,  0.3760,  0.6465,  ..., -0.0699,  0.1591,  0.3870],
         [-1.1239,  0.3702,  0.6495,  ..., -0.0736,  0.1681,  0.3876],
         [-1.1197,  0.3637,  0.6538,  ..., -0.0778,  0.1781,  0.3842],
         ...,
         [-1.6486,  0.4321,  0.2758,  ...,  0.3985,  0.0560,  0.8304],
         [-1.6459,  0.4330,  0.2676,  ...,  0.3984,  0.0554,  0.8342],
         [-1.6446,  0.4355,  0.2580,  ...,  0.3977,  0.0567,  0.8359]]],
       device='cuda:0'), tensor([[[-1.3196,  0.3619,  1.1783,  ...,  0.7645, -0.0735,  0.6342],
         [-1.3299,  0.3882,  1.1673,  ...,  0.7541, -0.0678,  0.6351],
         [-1.3246,  0.4069,  1.1781,  ...,  0.7350, -0.0721,  0.6267],
         ...,
         [-0.9416,  0.4407,  1.2509,  ...,  0.1603, -0.0173,  0.2107],
         [-0.9417,  0.4369,  1.2553,  ...,  0.1545, -0.0203,  0.2004],
         [-0.9431,  0.4312,  1.2609,  ...,  0.1492, -0.0205,  0.1907]]],
       device='cuda:0'), tensor([[[-1.1263,  0.3744,  0.6467,  ..., -0.0758,  0.1619,  0.3893],
         [-1.1222,  0.3709,  0.6502,  ..., -0.0744,  0.1726,  0.3862],
         [-1.1202,  0.3625,  0.6526,  ..., -0.0789,  0.1798,  0.3859],
         ...,
         [-1.6492,  0.4328,  0.2728,  ...,  0.3975,  0.0567,  0.8329],
         [-1.6462,  0.4337,  0.2650,  ...,  0.3976,  0.0570,  0.8362],
         [-1.6453,  0.4355,  0.2559,  ...,  0.3962,  0.0580,  0.8385]]],
       device='cuda:0'), tensor([[[-1.3233,  0.3457,  1.1963,  ...,  0.7506, -0.0721,  0.6514],
         [-1.3338,  0.3717,  1.1862,  ...,  0.7401, -0.0636,  0.6548],
         [-1.3308,  0.3892,  1.1970,  ...,  0.7212, -0.0691,  0.6461],
         ...,
         [-0.9462,  0.4377,  1.2585,  ...,  0.1351, -0.0133,  0.2354],
         [-0.9444,  0.4349,  1.2625,  ...,  0.1298, -0.0177,  0.2253],
         [-0.9442,  0.4293,  1.2678,  ...,  0.1254, -0.0191,  0.2158]]],
       device='cuda:0'), tensor([[[-1.1285,  0.3735,  0.6416,  ..., -0.0778,  0.1626,  0.3905],
         [-1.1241,  0.3677,  0.6445,  ..., -0.0748,  0.1701,  0.3894],
         [-1.1202,  0.3616,  0.6496,  ..., -0.0797,  0.1796,  0.3861],
         ...,
         [-1.6489,  0.4340,  0.2696,  ...,  0.3985,  0.0599,  0.8290],
         [-1.6467,  0.4374,  0.2574,  ...,  0.3986,  0.0584,  0.8319],
         [-1.6475,  0.4387,  0.2473,  ...,  0.3992,  0.0602,  0.8361]]],
       device='cuda:0'))]
pos: (tensor([[[ 0,  0],
         [ 0,  1],
         [ 0,  2],
         ...,
         [31, 29],
         [31, 30],
         [31, 31]]], device='cuda:0'), tensor([[[ 0,  0],
         [ 0,  1],
         [ 0,  2],
         ...,
         [31, 29],
         [31, 30],
         [31, 31]]], device='cuda:0'), tensor([[[ 0,  0],
         [ 0,  1],
         [ 0,  2],
         ...,
         [31, 29],
         [31, 30],
         [31, 31]]], device='cuda:0'), tensor([[[ 0,  0],
         [ 0,  1],
         [ 0,  2],
         ...,
         [31, 29],
         [31, 30],
         [31, 31]]], device='cuda:0'), tensor([[[ 0,  0],
         [ 0,  1],
         [ 0,  2],
         ...,
         [31, 29],
         [31, 30],
         [31, 31]]], device='cuda:0'), tensor([[[ 0,  0],
         [ 0,  1],
         [ 0,  2],
         ...,
         [31, 29],
         [31, 30],
         [31, 31]]], device='cuda:0'), tensor([[[ 0,  0],
         [ 0,  1],
         [ 0,  2],
         ...,
         [31, 29],
         [31, 30],
         [31, 31]]], device='cuda:0'), tensor([[[ 0,  0],
         [ 0,  1],
         [ 0,  2],
         ...,
         [31, 29],
         [31, 30],
         [31, 31]]], device='cuda:0'), tensor([[[ 0,  0],
         [ 0,  1],
         [ 0,  2],
         ...,
         [31, 29],
         [31, 30],
         [31, 31]]], device='cuda:0'), tensor([[[ 0,  0],
         [ 0,  1],
         [ 0,  2],
         ...,
         [31, 29],
         [31, 30],
         [31, 31]]], device='cuda:0'), tensor([[[ 0,  0],
         [ 0,  1],
         [ 0,  2],
         ...,
         [31, 29],
         [31, 30],
         [31, 31]]], device='cuda:0'), tensor([[[ 0,  0],
         [ 0,  1],
         [ 0,  2],
         ...,
         [31, 29],
         [31, 30],
         [31, 31]]], device='cuda:0'), tensor([[[ 0,  0],
         [ 0,  1],
         [ 0,  2],
         ...,
         [31, 29],
         [31, 30],
         [31, 31]]], device='cuda:0'), tensor([[[ 0,  0],
         [ 0,  1],
         [ 0,  2],
         ...,
         [31, 29],
         [31, 30],
         [31, 31]]], device='cuda:0'), tensor([[[ 0,  0],
         [ 0,  1],
         [ 0,  2],
         ...,
         [31, 29],
         [31, 30],
         [31, 31]]], device='cuda:0'), tensor([[[ 0,  0],
         [ 0,  1],
         [ 0,  2],
         ...,
         [31, 29],
         [31, 30],
         [31, 31]]], device='cuda:0'), tensor([[[ 0,  0],
         [ 0,  1],
         [ 0,  2],
         ...,
         [31, 29],
         [31, 30],
         [31, 31]]], device='cuda:0'), tensor([[[ 0,  0],
         [ 0,  1],
         [ 0,  2],
         ...,
         [31, 29],
         [31, 30],
         [31, 31]]], device='cuda:0'), tensor([[[ 0,  0],
         [ 0,  1],
         [ 0,  2],
         ...,
         [31, 29],
         [31, 30],
         [31, 31]]], device='cuda:0'), tensor([[[ 0,  0],
         [ 0,  1],
         [ 0,  2],
         ...,
         [31, 29],
         [31, 30],
         [31, 31]]], device='cuda:0'), tensor([[[ 0,  0],
         [ 0,  1],
         [ 0,  2],
         ...,
         [31, 29],
         [31, 30],
         [31, 31]]], device='cuda:0'), tensor([[[ 0,  0],
         [ 0,  1],
         [ 0,  2],
         ...,
         [31, 29],
         [31, 30],
         [31, 31]]], device='cuda:0'), tensor([[[ 0,  0],
         [ 0,  1],
         [ 0,  2],
         ...,
         [31, 29],
         [31, 30],
         [31, 31]]], device='cuda:0'), tensor([[[ 0,  0],
         [ 0,  1],
         [ 0,  2],
         ...,
         [31, 29],
         [31, 30],
         [31, 31]]], device='cuda:0'), tensor([[[ 0,  0],
         [ 0,  1],
         [ 0,  2],
         ...,
         [31, 29],
         [31, 30],
         [31, 31]]], device='cuda:0'), tensor([[[ 0,  0],
         [ 0,  1],
         [ 0,  2],
         ...,
         [31, 29],
         [31, 30],
         [31, 31]]], device='cuda:0'), tensor([[[ 0,  0],
         [ 0,  1],
         [ 0,  2],
         ...,
         [31, 29],
         [31, 30],
         [31, 31]]], device='cuda:0'), tensor([[[ 0,  0],
         [ 0,  1],
         [ 0,  2],
         ...,
         [31, 29],
         [31, 30],
         [31, 31]]], device='cuda:0'), tensor([[[ 0,  0],
         [ 0,  1],
         [ 0,  2],
         ...,
         [31, 29],
         [31, 30],
         [31, 31]]], device='cuda:0'), tensor([[[ 0,  0],
         [ 0,  1],
         [ 0,  2],
         ...,
         [31, 29],
         [31, 30],
         [31, 31]]], device='cuda:0'), tensor([[[ 0,  0],
         [ 0,  1],
         [ 0,  2],
         ...,
         [31, 29],
         [31, 30],
         [31, 31]]], device='cuda:0'), tensor([[[ 0,  0],
         [ 0,  1],
         [ 0,  2],
         ...,
         [31, 29],
         [31, 30],
         [31, 31]]], device='cuda:0'), tensor([[[ 0,  0],
         [ 0,  1],
         [ 0,  2],
         ...,
         [31, 29],
         [31, 30],
         [31, 31]]], device='cuda:0'), tensor([[[ 0,  0],
         [ 0,  1],
         [ 0,  2],
         ...,
         [31, 29],
         [31, 30],
         [31, 31]]], device='cuda:0'), tensor([[[ 0,  0],
         [ 0,  1],
         [ 0,  2],
         ...,
         [31, 29],
         [31, 30],
         [31, 31]]], device='cuda:0'), tensor([[[ 0,  0],
         [ 0,  1],
         [ 0,  2],
         ...,
         [31, 29],
         [31, 30],
         [31, 31]]], device='cuda:0'), tensor([[[ 0,  0],
         [ 0,  1],
         [ 0,  2],
         ...,
         [31, 29],
         [31, 30],
         [31, 31]]], device='cuda:0'), tensor([[[ 0,  0],
         [ 0,  1],
         [ 0,  2],
         ...,
         [31, 29],
         [31, 30],
         [31, 31]]], device='cuda:0'), tensor([[[ 0,  0],
         [ 0,  1],
         [ 0,  2],
         ...,
         [31, 29],
         [31, 30],
         [31, 31]]], device='cuda:0'), tensor([[[ 0,  0],
         [ 0,  1],
         [ 0,  2],
         ...,
         [31, 29],
         [31, 30],
         [31, 31]]], device='cuda:0'), tensor([[[ 0,  0],
         [ 0,  1],
         [ 0,  2],
         ...,
         [31, 29],
         [31, 30],
         [31, 31]]], device='cuda:0'), tensor([[[ 0,  0],
         [ 0,  1],
         [ 0,  2],
         ...,
         [31, 29],
         [31, 30],
         [31, 31]]], device='cuda:0'), tensor([[[ 0,  0],
         [ 0,  1],
         [ 0,  2],
         ...,
         [31, 29],
         [31, 30],
         [31, 31]]], device='cuda:0'), tensor([[[ 0,  0],
         [ 0,  1],
         [ 0,  2],
         ...,
         [31, 29],
         [31, 30],
         [31, 31]]], device='cuda:0'), tensor([[[ 0,  0],
         [ 0,  1],
         [ 0,  2],
         ...,
         [31, 29],
         [31, 30],
         [31, 31]]], device='cuda:0'), tensor([[[ 0,  0],
         [ 0,  1],
         [ 0,  2],
         ...,
         [31, 29],
         [31, 30],
         [31, 31]]], device='cuda:0'), tensor([[[ 0,  0],
         [ 0,  1],
         [ 0,  2],
         ...,
         [31, 29],
         [31, 30],
         [31, 31]]], device='cuda:0'), tensor([[[ 0,  0],
         [ 0,  1],
         [ 0,  2],
         ...,
         [31, 29],
         [31, 30],
         [31, 31]]], device='cuda:0'), tensor([[[ 0,  0],
         [ 0,  1],
         [ 0,  2],
         ...,
         [31, 29],
         [31, 30],
         [31, 31]]], device='cuda:0'), tensor([[[ 0,  0],
         [ 0,  1],
         [ 0,  2],
         ...,
         [31, 29],
         [31, 30],
         [31, 31]]], device='cuda:0'), tensor([[[ 0,  0],
         [ 0,  1],
         [ 0,  2],
         ...,
         [31, 29],
         [31, 30],
         [31, 31]]], device='cuda:0'), tensor([[[ 0,  0],
         [ 0,  1],
         [ 0,  2],
         ...,
         [31, 29],
         [31, 30],
         [31, 31]]], device='cuda:0'), tensor([[[ 0,  0],
         [ 0,  1],
         [ 0,  2],
         ...,
         [31, 29],
         [31, 30],
         [31, 31]]], device='cuda:0'), tensor([[[ 0,  0],
         [ 0,  1],
         [ 0,  2],
         ...,
         [31, 29],
         [31, 30],
         [31, 31]]], device='cuda:0'), tensor([[[ 0,  0],
         [ 0,  1],
         [ 0,  2],
         ...,
         [31, 29],
         [31, 30],
         [31, 31]]], device='cuda:0'), tensor([[[ 0,  0],
         [ 0,  1],
         [ 0,  2],
         ...,
         [31, 29],
         [31, 30],
         [31, 31]]], device='cuda:0'), tensor([[[ 0,  0],
         [ 0,  1],
         [ 0,  2],
         ...,
         [31, 29],
         [31, 30],
         [31, 31]]], device='cuda:0'), tensor([[[ 0,  0],
         [ 0,  1],
         [ 0,  2],
         ...,
         [31, 29],
         [31, 30],
         [31, 31]]], device='cuda:0'), tensor([[[ 0,  0],
         [ 0,  1],
         [ 0,  2],
         ...,
         [31, 29],
         [31, 30],
         [31, 31]]], device='cuda:0'), tensor([[[ 0,  0],
         [ 0,  1],
         [ 0,  2],
         ...,
         [31, 29],
         [31, 30],
         [31, 31]]], device='cuda:0'), tensor([[[ 0,  0],
         [ 0,  1],
         [ 0,  2],
         ...,
         [31, 29],
         [31, 30],
         [31, 31]]], device='cuda:0'), tensor([[[ 0,  0],
         [ 0,  1],
         [ 0,  2],
         ...,
         [31, 29],
         [31, 30],
         [31, 31]]], device='cuda:0'), tensor([[[ 0,  0],
         [ 0,  1],
         [ 0,  2],
         ...,
         [31, 29],
         [31, 30],
         [31, 31]]], device='cuda:0'), tensor([[[ 0,  0],
         [ 0,  1],
         [ 0,  2],
         ...,
         [31, 29],
         [31, 30],
         [31, 31]]], device='cuda:0'), tensor([[[ 0,  0],
         [ 0,  1],
         [ 0,  2],
         ...,
         [31, 29],
         [31, 30],
         [31, 31]]], device='cuda:0'), tensor([[[ 0,  0],
         [ 0,  1],
         [ 0,  2],
         ...,
         [31, 29],
         [31, 30],
         [31, 31]]], device='cuda:0'), tensor([[[ 0,  0],
         [ 0,  1],
         [ 0,  2],
         ...,
         [31, 29],
         [31, 30],
         [31, 31]]], device='cuda:0'), tensor([[[ 0,  0],
         [ 0,  1],
         [ 0,  2],
         ...,
         [31, 29],
         [31, 30],
         [31, 31]]], device='cuda:0'), tensor([[[ 0,  0],
         [ 0,  1],
         [ 0,  2],
         ...,
         [31, 29],
         [31, 30],
         [31, 31]]], device='cuda:0'), tensor([[[ 0,  0],
         [ 0,  1],
         [ 0,  2],
         ...,
         [31, 29],
         [31, 30],
         [31, 31]]], device='cuda:0'), tensor([[[ 0,  0],
         [ 0,  1],
         [ 0,  2],
         ...,
         [31, 29],
         [31, 30],
         [31, 31]]], device='cuda:0'), tensor([[[ 0,  0],
         [ 0,  1],
         [ 0,  2],
         ...,
         [31, 29],
         [31, 30],
         [31, 31]]], device='cuda:0'), tensor([[[ 0,  0],
         [ 0,  1],
         [ 0,  2],
         ...,
         [31, 29],
         [31, 30],
         [31, 31]]], device='cuda:0'), tensor([[[ 0,  0],
         [ 0,  1],
         [ 0,  2],
         ...,
         [31, 29],
         [31, 30],
         [31, 31]]], device='cuda:0'), tensor([[[ 0,  0],
         [ 0,  1],
         [ 0,  2],
         ...,
         [31, 29],
         [31, 30],
         [31, 31]]], device='cuda:0'), tensor([[[ 0,  0],
         [ 0,  1],
         [ 0,  2],
         ...,
         [31, 29],
         [31, 30],
         [31, 31]]], device='cuda:0'), tensor([[[ 0,  0],
         [ 0,  1],
         [ 0,  2],
         ...,
         [31, 29],
         [31, 30],
         [31, 31]]], device='cuda:0'), tensor([[[ 0,  0],
         [ 0,  1],
         [ 0,  2],
         ...,
         [31, 29],
         [31, 30],
         [31, 31]]], device='cuda:0'), tensor([[[ 0,  0],
         [ 0,  1],
         [ 0,  2],
         ...,
         [31, 29],
         [31, 30],
         [31, 31]]], device='cuda:0'), tensor([[[ 0,  0],
         [ 0,  1],
         [ 0,  2],
         ...,
         [31, 29],
         [31, 30],
         [31, 31]]], device='cuda:0'), tensor([[[ 0,  0],
         [ 0,  1],
         [ 0,  2],
         ...,
         [31, 29],
         [31, 30],
         [31, 31]]], device='cuda:0'), tensor([[[ 0,  0],
         [ 0,  1],
         [ 0,  2],
         ...,
         [31, 29],
         [31, 30],
         [31, 31]]], device='cuda:0'), tensor([[[ 0,  0],
         [ 0,  1],
         [ 0,  2],
         ...,
         [31, 29],
         [31, 30],
         [31, 31]]], device='cuda:0'), tensor([[[ 0,  0],
         [ 0,  1],
         [ 0,  2],
         ...,
         [31, 29],
         [31, 30],
         [31, 31]]], device='cuda:0'), tensor([[[ 0,  0],
         [ 0,  1],
         [ 0,  2],
         ...,
         [31, 29],
         [31, 30],
         [31, 31]]], device='cuda:0'), tensor([[[ 0,  0],
         [ 0,  1],
         [ 0,  2],
         ...,
         [31, 29],
         [31, 30],
         [31, 31]]], device='cuda:0'), tensor([[[ 0,  0],
         [ 0,  1],
         [ 0,  2],
         ...,
         [31, 29],
         [31, 30],
         [31, 31]]], device='cuda:0'), tensor([[[ 0,  0],
         [ 0,  1],
         [ 0,  2],
         ...,
         [31, 29],
         [31, 30],
         [31, 31]]], device='cuda:0'), tensor([[[ 0,  0],
         [ 0,  1],
         [ 0,  2],
         ...,
         [31, 29],
         [31, 30],
         [31, 31]]], device='cuda:0'), tensor([[[ 0,  0],
         [ 0,  1],
         [ 0,  2],
         ...,
         [31, 29],
         [31, 30],
         [31, 31]]], device='cuda:0'), tensor([[[ 0,  0],
         [ 0,  1],
         [ 0,  2],
         ...,
         [31, 29],
         [31, 30],
         [31, 31]]], device='cuda:0'), tensor([[[ 0,  0],
         [ 0,  1],
         [ 0,  2],
         ...,
         [31, 29],
         [31, 30],
         [31, 31]]], device='cuda:0'), tensor([[[ 0,  0],
         [ 0,  1],
         [ 0,  2],
         ...,
         [31, 29],
         [31, 30],
         [31, 31]]], device='cuda:0'), tensor([[[ 0,  0],
         [ 0,  1],
         [ 0,  2],
         ...,
         [31, 29],
         [31, 30],
         [31, 31]]], device='cuda:0'), tensor([[[ 0,  0],
         [ 0,  1],
         [ 0,  2],
         ...,
         [31, 29],
         [31, 30],
         [31, 31]]], device='cuda:0'), tensor([[[ 0,  0],
         [ 0,  1],
         [ 0,  2],
         ...,
         [31, 29],
         [31, 30],
         [31, 31]]], device='cuda:0'), tensor([[[ 0,  0],
         [ 0,  1],
         [ 0,  2],
         ...,
         [31, 29],
         [31, 30],
         [31, 31]]], device='cuda:0'), tensor([[[ 0,  0],
         [ 0,  1],
         [ 0,  2],
         ...,
         [31, 29],
         [31, 30],
         [31, 31]]], device='cuda:0'), tensor([[[ 0,  0],
         [ 0,  1],
         [ 0,  2],
         ...,
         [31, 29],
         [31, 30],
         [31, 31]]], device='cuda:0'), tensor([[[ 0,  0],
         [ 0,  1],
         [ 0,  2],
         ...,
         [31, 29],
         [31, 30],
         [31, 31]]], device='cuda:0'), tensor([[[ 0,  0],
         [ 0,  1],
         [ 0,  2],
         ...,
         [31, 29],
         [31, 30],
         [31, 31]]], device='cuda:0'), tensor([[[ 0,  0],
         [ 0,  1],
         [ 0,  2],
         ...,
         [31, 29],
         [31, 30],
         [31, 31]]], device='cuda:0'), tensor([[[ 0,  0],
         [ 0,  1],
         [ 0,  2],
         ...,
         [31, 29],
         [31, 30],
         [31, 31]]], device='cuda:0'), tensor([[[ 0,  0],
         [ 0,  1],
         [ 0,  2],
         ...,
         [31, 29],
         [31, 30],
         [31, 31]]], device='cuda:0'), tensor([[[ 0,  0],
         [ 0,  1],
         [ 0,  2],
         ...,
         [31, 29],
         [31, 30],
         [31, 31]]], device='cuda:0'), tensor([[[ 0,  0],
         [ 0,  1],
         [ 0,  2],
         ...,
         [31, 29],
         [31, 30],
         [31, 31]]], device='cuda:0'), tensor([[[ 0,  0],
         [ 0,  1],
         [ 0,  2],
         ...,
         [31, 29],
         [31, 30],
         [31, 31]]], device='cuda:0'), tensor([[[ 0,  0],
         [ 0,  1],
         [ 0,  2],
         ...,
         [31, 29],
         [31, 30],
         [31, 31]]], device='cuda:0'), tensor([[[ 0,  0],
         [ 0,  1],
         [ 0,  2],
         ...,
         [31, 29],
         [31, 30],
         [31, 31]]], device='cuda:0'), tensor([[[ 0,  0],
         [ 0,  1],
         [ 0,  2],
         ...,
         [31, 29],
         [31, 30],
         [31, 31]]], device='cuda:0'), tensor([[[ 0,  0],
         [ 0,  1],
         [ 0,  2],
         ...,
         [31, 29],
         [31, 30],
         [31, 31]]], device='cuda:0'), tensor([[[ 0,  0],
         [ 0,  1],
         [ 0,  2],
         ...,
         [31, 29],
         [31, 30],
         [31, 31]]], device='cuda:0'), tensor([[[ 0,  0],
         [ 0,  1],
         [ 0,  2],
         ...,
         [31, 29],
         [31, 30],
         [31, 31]]], device='cuda:0'), tensor([[[ 0,  0],
         [ 0,  1],
         [ 0,  2],
         ...,
         [31, 29],
         [31, 30],
         [31, 31]]], device='cuda:0'), tensor([[[ 0,  0],
         [ 0,  1],
         [ 0,  2],
         ...,
         [31, 29],
         [31, 30],
         [31, 31]]], device='cuda:0'), tensor([[[ 0,  0],
         [ 0,  1],
         [ 0,  2],
         ...,
         [31, 29],
         [31, 30],
         [31, 31]]], device='cuda:0'), tensor([[[ 0,  0],
         [ 0,  1],
         [ 0,  2],
         ...,
         [31, 29],
         [31, 30],
         [31, 31]]], device='cuda:0'), tensor([[[ 0,  0],
         [ 0,  1],
         [ 0,  2],
         ...,
         [31, 29],
         [31, 30],
         [31, 31]]], device='cuda:0'))
Length of shape = 118
Length of feat_ls = 1
feat_ls item[0] shape: torch.Size([1, 1024, 1024])
feat_ls item[1] shape: torch.Size([1, 1024, 1024])
feat_ls item[2] shape: torch.Size([1, 1024, 1024])
feat_ls item[3] shape: torch.Size([1, 1024, 1024])
feat_ls item[4] shape: torch.Size([1, 1024, 1024])
feat_ls item[5] shape: torch.Size([1, 1024, 1024])
feat_ls item[6] shape: torch.Size([1, 1024, 1024])
feat_ls item[7] shape: torch.Size([1, 1024, 1024])
feat_ls item[8] shape: torch.Size([1, 1024, 1024])
feat_ls item[9] shape: torch.Size([1, 1024, 1024])
feat_ls item[10] shape: torch.Size([1, 1024, 1024])
feat_ls item[11] shape: torch.Size([1, 1024, 1024])
feat_ls item[12] shape: torch.Size([1, 1024, 1024])
feat_ls item[13] shape: torch.Size([1, 1024, 1024])
feat_ls item[14] shape: torch.Size([1, 1024, 1024])
feat_ls item[15] shape: torch.Size([1, 1024, 1024])
feat_ls item[16] shape: torch.Size([1, 1024, 1024])
feat_ls item[17] shape: torch.Size([1, 1024, 1024])
feat_ls item[18] shape: torch.Size([1, 1024, 1024])
feat_ls item[19] shape: torch.Size([1, 1024, 1024])
feat_ls item[20] shape: torch.Size([1, 1024, 1024])
feat_ls item[21] shape: torch.Size([1, 1024, 1024])
feat_ls item[22] shape: torch.Size([1, 1024, 1024])
feat_ls item[23] shape: torch.Size([1, 1024, 1024])
feat_ls item[24] shape: torch.Size([1, 1024, 1024])
feat_ls item[25] shape: torch.Size([1, 1024, 1024])
feat_ls item[26] shape: torch.Size([1, 1024, 1024])
feat_ls item[27] shape: torch.Size([1, 1024, 1024])
feat_ls item[28] shape: torch.Size([1, 1024, 1024])
feat_ls item[29] shape: torch.Size([1, 1024, 1024])
feat_ls item[30] shape: torch.Size([1, 1024, 1024])
feat_ls item[31] shape: torch.Size([1, 1024, 1024])
feat_ls item[32] shape: torch.Size([1, 1024, 1024])
feat_ls item[33] shape: torch.Size([1, 1024, 1024])
feat_ls item[34] shape: torch.Size([1, 1024, 1024])
feat_ls item[35] shape: torch.Size([1, 1024, 1024])
feat_ls item[36] shape: torch.Size([1, 1024, 1024])
feat_ls item[37] shape: torch.Size([1, 1024, 1024])
feat_ls item[38] shape: torch.Size([1, 1024, 1024])
feat_ls item[39] shape: torch.Size([1, 1024, 1024])
feat_ls item[40] shape: torch.Size([1, 1024, 1024])
feat_ls item[41] shape: torch.Size([1, 1024, 1024])
feat_ls item[42] shape: torch.Size([1, 1024, 1024])
feat_ls item[43] shape: torch.Size([1, 1024, 1024])
feat_ls item[44] shape: torch.Size([1, 1024, 1024])
feat_ls item[45] shape: torch.Size([1, 1024, 1024])
feat_ls item[46] shape: torch.Size([1, 1024, 1024])
feat_ls item[47] shape: torch.Size([1, 1024, 1024])
feat_ls item[48] shape: torch.Size([1, 1024, 1024])
feat_ls item[49] shape: torch.Size([1, 1024, 1024])
feat_ls item[50] shape: torch.Size([1, 1024, 1024])
feat_ls item[51] shape: torch.Size([1, 1024, 1024])
feat_ls item[52] shape: torch.Size([1, 1024, 1024])
feat_ls item[53] shape: torch.Size([1, 1024, 1024])
feat_ls item[54] shape: torch.Size([1, 1024, 1024])
feat_ls item[55] shape: torch.Size([1, 1024, 1024])
feat_ls item[56] shape: torch.Size([1, 1024, 1024])
feat_ls item[57] shape: torch.Size([1, 1024, 1024])
feat_ls item[58] shape: torch.Size([1, 1024, 1024])
feat_ls item[59] shape: torch.Size([1, 1024, 1024])
feat_ls item[60] shape: torch.Size([1, 1024, 1024])
feat_ls item[61] shape: torch.Size([1, 1024, 1024])
feat_ls item[62] shape: torch.Size([1, 1024, 1024])
feat_ls item[63] shape: torch.Size([1, 1024, 1024])
feat_ls item[64] shape: torch.Size([1, 1024, 1024])
feat_ls item[65] shape: torch.Size([1, 1024, 1024])
feat_ls item[66] shape: torch.Size([1, 1024, 1024])
feat_ls item[67] shape: torch.Size([1, 1024, 1024])
feat_ls item[68] shape: torch.Size([1, 1024, 1024])
feat_ls item[69] shape: torch.Size([1, 1024, 1024])
feat_ls item[70] shape: torch.Size([1, 1024, 1024])
feat_ls item[71] shape: torch.Size([1, 1024, 1024])
feat_ls item[72] shape: torch.Size([1, 1024, 1024])
feat_ls item[73] shape: torch.Size([1, 1024, 1024])
feat_ls item[74] shape: torch.Size([1, 1024, 1024])
feat_ls item[75] shape: torch.Size([1, 1024, 1024])
feat_ls item[76] shape: torch.Size([1, 1024, 1024])
feat_ls item[77] shape: torch.Size([1, 1024, 1024])
feat_ls item[78] shape: torch.Size([1, 1024, 1024])
feat_ls item[79] shape: torch.Size([1, 1024, 1024])
feat_ls item[80] shape: torch.Size([1, 1024, 1024])
feat_ls item[81] shape: torch.Size([1, 1024, 1024])
feat_ls item[82] shape: torch.Size([1, 1024, 1024])
feat_ls item[83] shape: torch.Size([1, 1024, 1024])
feat_ls item[84] shape: torch.Size([1, 1024, 1024])
feat_ls item[85] shape: torch.Size([1, 1024, 1024])
feat_ls item[86] shape: torch.Size([1, 1024, 1024])
feat_ls item[87] shape: torch.Size([1, 1024, 1024])
feat_ls item[88] shape: torch.Size([1, 1024, 1024])
feat_ls item[89] shape: torch.Size([1, 1024, 1024])
feat_ls item[90] shape: torch.Size([1, 1024, 1024])
feat_ls item[91] shape: torch.Size([1, 1024, 1024])
feat_ls item[92] shape: torch.Size([1, 1024, 1024])
feat_ls item[93] shape: torch.Size([1, 1024, 1024])
feat_ls item[94] shape: torch.Size([1, 1024, 1024])
feat_ls item[95] shape: torch.Size([1, 1024, 1024])
feat_ls item[96] shape: torch.Size([1, 1024, 1024])
feat_ls item[97] shape: torch.Size([1, 1024, 1024])
feat_ls item[98] shape: torch.Size([1, 1024, 1024])
feat_ls item[99] shape: torch.Size([1, 1024, 1024])
feat_ls item[100] shape: torch.Size([1, 1024, 1024])
feat_ls item[101] shape: torch.Size([1, 1024, 1024])
feat_ls item[102] shape: torch.Size([1, 1024, 1024])
feat_ls item[103] shape: torch.Size([1, 1024, 1024])
feat_ls item[104] shape: torch.Size([1, 1024, 1024])
feat_ls item[105] shape: torch.Size([1, 1024, 1024])
feat_ls item[106] shape: torch.Size([1, 1024, 1024])
feat_ls item[107] shape: torch.Size([1, 1024, 1024])
feat_ls item[108] shape: torch.Size([1, 1024, 1024])
feat_ls item[109] shape: torch.Size([1, 1024, 1024])
feat_ls item[110] shape: torch.Size([1, 1024, 1024])
feat_ls item[111] shape: torch.Size([1, 1024, 1024])
feat_ls item[112] shape: torch.Size([1, 1024, 1024])
feat_ls item[113] shape: torch.Size([1, 1024, 1024])
feat_ls item[114] shape: torch.Size([1, 1024, 1024])
feat_ls item[115] shape: torch.Size([1, 1024, 1024])
feat_ls item[116] shape: torch.Size([1, 1024, 1024])
feat_ls item[117] shape: torch.Size([1, 1024, 1024])
Length of pos = 118
pos item[0] shape: torch.Size([1, 1024, 2])
pos item[1] shape: torch.Size([1, 1024, 2])
pos item[2] shape: torch.Size([1, 1024, 2])
pos item[3] shape: torch.Size([1, 1024, 2])
pos item[4] shape: torch.Size([1, 1024, 2])
pos item[5] shape: torch.Size([1, 1024, 2])
pos item[6] shape: torch.Size([1, 1024, 2])
pos item[7] shape: torch.Size([1, 1024, 2])
pos item[8] shape: torch.Size([1, 1024, 2])
pos item[9] shape: torch.Size([1, 1024, 2])
pos item[10] shape: torch.Size([1, 1024, 2])
pos item[11] shape: torch.Size([1, 1024, 2])
pos item[12] shape: torch.Size([1, 1024, 2])
pos item[13] shape: torch.Size([1, 1024, 2])
pos item[14] shape: torch.Size([1, 1024, 2])
pos item[15] shape: torch.Size([1, 1024, 2])
pos item[16] shape: torch.Size([1, 1024, 2])
pos item[17] shape: torch.Size([1, 1024, 2])
pos item[18] shape: torch.Size([1, 1024, 2])
pos item[19] shape: torch.Size([1, 1024, 2])
pos item[20] shape: torch.Size([1, 1024, 2])
pos item[21] shape: torch.Size([1, 1024, 2])
pos item[22] shape: torch.Size([1, 1024, 2])
pos item[23] shape: torch.Size([1, 1024, 2])
pos item[24] shape: torch.Size([1, 1024, 2])
pos item[25] shape: torch.Size([1, 1024, 2])
pos item[26] shape: torch.Size([1, 1024, 2])
pos item[27] shape: torch.Size([1, 1024, 2])
pos item[28] shape: torch.Size([1, 1024, 2])
pos item[29] shape: torch.Size([1, 1024, 2])
pos item[30] shape: torch.Size([1, 1024, 2])
pos item[31] shape: torch.Size([1, 1024, 2])
pos item[32] shape: torch.Size([1, 1024, 2])
pos item[33] shape: torch.Size([1, 1024, 2])
pos item[34] shape: torch.Size([1, 1024, 2])
pos item[35] shape: torch.Size([1, 1024, 2])
pos item[36] shape: torch.Size([1, 1024, 2])
pos item[37] shape: torch.Size([1, 1024, 2])
pos item[38] shape: torch.Size([1, 1024, 2])
pos item[39] shape: torch.Size([1, 1024, 2])
pos item[40] shape: torch.Size([1, 1024, 2])
pos item[41] shape: torch.Size([1, 1024, 2])
pos item[42] shape: torch.Size([1, 1024, 2])
pos item[43] shape: torch.Size([1, 1024, 2])
pos item[44] shape: torch.Size([1, 1024, 2])
pos item[45] shape: torch.Size([1, 1024, 2])
pos item[46] shape: torch.Size([1, 1024, 2])
pos item[47] shape: torch.Size([1, 1024, 2])
pos item[48] shape: torch.Size([1, 1024, 2])
pos item[49] shape: torch.Size([1, 1024, 2])
pos item[50] shape: torch.Size([1, 1024, 2])
pos item[51] shape: torch.Size([1, 1024, 2])
pos item[52] shape: torch.Size([1, 1024, 2])
pos item[53] shape: torch.Size([1, 1024, 2])
pos item[54] shape: torch.Size([1, 1024, 2])
pos item[55] shape: torch.Size([1, 1024, 2])
pos item[56] shape: torch.Size([1, 1024, 2])
pos item[57] shape: torch.Size([1, 1024, 2])
pos item[58] shape: torch.Size([1, 1024, 2])
pos item[59] shape: torch.Size([1, 1024, 2])
pos item[60] shape: torch.Size([1, 1024, 2])
pos item[61] shape: torch.Size([1, 1024, 2])
pos item[62] shape: torch.Size([1, 1024, 2])
pos item[63] shape: torch.Size([1, 1024, 2])
pos item[64] shape: torch.Size([1, 1024, 2])
pos item[65] shape: torch.Size([1, 1024, 2])
pos item[66] shape: torch.Size([1, 1024, 2])
pos item[67] shape: torch.Size([1, 1024, 2])
pos item[68] shape: torch.Size([1, 1024, 2])
pos item[69] shape: torch.Size([1, 1024, 2])
pos item[70] shape: torch.Size([1, 1024, 2])
pos item[71] shape: torch.Size([1, 1024, 2])
pos item[72] shape: torch.Size([1, 1024, 2])
pos item[73] shape: torch.Size([1, 1024, 2])
pos item[74] shape: torch.Size([1, 1024, 2])
pos item[75] shape: torch.Size([1, 1024, 2])
pos item[76] shape: torch.Size([1, 1024, 2])
pos item[77] shape: torch.Size([1, 1024, 2])
pos item[78] shape: torch.Size([1, 1024, 2])
pos item[79] shape: torch.Size([1, 1024, 2])
pos item[80] shape: torch.Size([1, 1024, 2])
pos item[81] shape: torch.Size([1, 1024, 2])
pos item[82] shape: torch.Size([1, 1024, 2])
pos item[83] shape: torch.Size([1, 1024, 2])
pos item[84] shape: torch.Size([1, 1024, 2])
pos item[85] shape: torch.Size([1, 1024, 2])
pos item[86] shape: torch.Size([1, 1024, 2])
pos item[87] shape: torch.Size([1, 1024, 2])
pos item[88] shape: torch.Size([1, 1024, 2])
pos item[89] shape: torch.Size([1, 1024, 2])
pos item[90] shape: torch.Size([1, 1024, 2])
pos item[91] shape: torch.Size([1, 1024, 2])
pos item[92] shape: torch.Size([1, 1024, 2])
pos item[93] shape: torch.Size([1, 1024, 2])
pos item[94] shape: torch.Size([1, 1024, 2])
pos item[95] shape: torch.Size([1, 1024, 2])
pos item[96] shape: torch.Size([1, 1024, 2])
pos item[97] shape: torch.Size([1, 1024, 2])
pos item[98] shape: torch.Size([1, 1024, 2])
pos item[99] shape: torch.Size([1, 1024, 2])
pos item[100] shape: torch.Size([1, 1024, 2])
pos item[101] shape: torch.Size([1, 1024, 2])
pos item[102] shape: torch.Size([1, 1024, 2])
pos item[103] shape: torch.Size([1, 1024, 2])
pos item[104] shape: torch.Size([1, 1024, 2])
pos item[105] shape: torch.Size([1, 1024, 2])
pos item[106] shape: torch.Size([1, 1024, 2])
pos item[107] shape: torch.Size([1, 1024, 2])
pos item[108] shape: torch.Size([1, 1024, 2])
pos item[109] shape: torch.Size([1, 1024, 2])
pos item[110] shape: torch.Size([1, 1024, 2])
pos item[111] shape: torch.Size([1, 1024, 2])
pos item[112] shape: torch.Size([1, 1024, 2])
pos item[113] shape: torch.Size([1, 1024, 2])
pos item[114] shape: torch.Size([1, 1024, 2])
pos item[115] shape: torch.Size([1, 1024, 2])
pos item[116] shape: torch.Size([1, 1024, 2])
pos item[117] shape: torch.Size([1, 1024, 2])
--------------------------------------------------------------------------------

