episode,cam,which,frame,n_frames,mp4_frames,serial,status,kin_frac,prompt_used,spill_auto,area_auto,auto_empty,projection_disagree,spill_box,area_box,spill_final,area_final,mask
AUTOLab+0d4edc83+2023-10-27-19h-52m-01s,ext1,b050,0,77,77,22008760,ok,1.0,auto,1.0,0.030811631944444445,False,True,0.7621108238732157,0.019307725694444444,1.0,0.030811631944444445,masks/AUTOLab+0d4edc83+2023-10-27-19h-52m-01s/ext1_f00000.png
AUTOLab+0d4edc83+2023-10-27-19h-52m-01s,ext2,b050,0,77,77,24400334,ok,1.0,auto,0.21630745260971174,0.025071614583333332,False,True,0.1360490720352312,0.02069661458333333,0.21630745260971174,0.025071614583333332,masks/AUTOLab+0d4edc83+2023-10-27-19h-52m-01s/ext2_f00000.png
AUTOLab+0d4edc83+2023-10-27-19h-53m-02s,ext1,b050,0,82,82,22008760,ok,1.0,auto,0.9783385270198374,0.028552517361111113,False,True,0.875066919744975,0.022294921875,0.9783385270198374,0.028552517361111113,masks/AUTOLab+0d4edc83+2023-10-27-19h-53m-02s/ext1_f00000.png
AUTOLab+0d4edc83+2023-10-27-19h-53m-24s,ext1,b050,0,78,78,22008760,ok,1.0,auto,0.8303859306301905,0.03331705729166667,False,True,0.5979925845473952,0.028972439236111112,0.8303859306301905,0.03331705729166667,masks/AUTOLab+0d4edc83+2023-10-27-19h-53m-24s/ext1_f00000.png
AUTOLab+0d4edc83+2023-10-27-19h-53m-24s,ext2,b050,0,78,78,24400334,ok,1.0,auto,0.20416686218384872,0.023123914930555555,False,True,0.0,0.011640625,0.20416686218384872,0.023123914930555555,masks/AUTOLab+0d4edc83+2023-10-27-19h-53m-24s/ext2_f00000.png
AUTOLab+0d4edc83+2023-10-27-19h-55m-09s,ext1,b050,0,67,67,22008760,ok,1.0,auto,0.9078637818658645,0.028134765625,False,True,0.0,0.0035329861111111113,0.9078637818658645,0.028134765625,masks/AUTOLab+0d4edc83+2023-10-27-19h-55m-09s/ext1_f00000.png
AUTOLab+0d4edc83+2023-10-27-19h-59m-18s,ext1,b050,0,57,57,22008760,ok,1.0,auto,0.9559760298211674,0.02299587673611111,False,True,0.7524883875248839,0.016351996527777777,0.9559760298211674,0.02299587673611111,masks/AUTOLab+0d4edc83+2023-10-27-19h-59m-18s/ext1_f00000.png
AUTOLab+0d4edc83+2023-10-27-19h-59m-18s,ext2,b050,0,57,57,24400334,ok,1.0,auto,0.22540268800656615,0.02115234375,False,True,0.18027320641067013,0.02017578125,0.22540268800656615,0.02115234375,masks/AUTOLab+0d4edc83+2023-10-27-19h-59m-18s/ext2_f00000.png
AUTOLab+0d4edc83+2023-12-02-12h-56m-56s,ext1,b050,0,169,169,22008760,ok,1.0,auto,0.8606799505881089,0.020202907986111112,False,True,0.8544814513945302,0.020035807291666666,0.8606799505881089,0.020202907986111112,masks/AUTOLab+0d4edc83+2023-12-02-12h-56m-56s/ext1_f00000.png
AUTOLab+0d4edc83+2023-12-02-12h-56m-56s,ext2,b050,0,169,169,24400334,ok,1.0,auto,0.5466419414657744,0.013458116319444444,False,True,0.4567164179104478,0.012358940972222222,0.5466419414657744,0.013458116319444444,masks/AUTOLab+0d4edc83+2023-12-02-12h-56m-56s/ext2_f00000.png
AUTOLab+0d4edc83+2023-12-02-17h-12m-19s,ext2,b050,10,96,96,24400334,ok,0.5370370370370371,box(auto empty),0.6,3.7977430555555556e-05,True,True,0.0,0.045707465277777776,0.0,0.045707465277777776,masks/AUTOLab+0d4edc83+2023-12-02-17h-12m-19s/ext2_f00010.png
AUTOLab+44bb9c36+2023-11-23-15h-28m-43s,ext1,b050,0,188,188,22008760,ok,0.9074074074074074,auto,0.45848708487084866,0.0011762152777777778,False,True,0.0037819509650495187,0.0083203125,0.45848708487084866,0.0011762152777777778,masks/AUTOLab+44bb9c36+2023-11-23-15h-28m-43s/ext1_f00000.png
AUTOLab+44bb9c36+2023-11-26-15h-08m-07s,ext1,b050,0,365,365,22008760,ok,1.0,auto,0.9543003851091143,0.021131727430555556,False,True,0.013043478260869601,0.0017469618055555556,0.9543003851091143,0.021131727430555556,masks/AUTOLab+44bb9c36+2023-11-26-15h-08m-07s/ext1_f00000.png
AUTOLab+44bb9c36+2023-11-26-15h-44m-02s,ext1,b050,0,283,283,22008760,ok,1.0,auto,0.8663216482765355,0.011112196180555556,False,True,0.0021707670043414895,0.0014995659722222222,0.8663216482765355,0.011112196180555556,masks/AUTOLab+44bb9c36+2023-11-26-15h-44m-02s/ext1_f00000.png
AUTOLab+44bb9c36+2023-11-26-15h-53m-17s,ext1,b050,0,267,267,22008760,ok,1.0,auto,1.0,0.01939019097222222,False,True,0.9464403272829869,0.023075086805555554,1.0,0.01939019097222222,masks/AUTOLab+44bb9c36+2023-11-26-15h-53m-17s/ext1_f00000.png
AUTOLab+44bb9c36+2023-11-26-15h-54m-10s,ext1,b050,0,244,244,22008760,ok,1.0,auto,1.0,0.028077256944444445,False,True,0.9993362464738094,0.01961697048611111,1.0,0.028077256944444445,masks/AUTOLab+44bb9c36+2023-11-26-15h-54m-10s/ext1_f00000.png
AUTOLab+44bb9c36+2023-11-26-16h-09m-31s,ext1,b050,0,309,309,22008760,ok,1.0,auto,1.0,0.027745225694444445,False,True,1.0,0.01001736111111111,1.0,0.027745225694444445,masks/AUTOLab+44bb9c36+2023-11-26-16h-09m-31s/ext1_f00000.png
AUTOLab+44bb9c36+2023-11-28-10h-43m-38s,ext2,b050,0,269,269,24400334,ok,0.5370370370370371,auto,0.3647447697088455,0.05482096354166666,False,True,0.0,0.034891493055555556,0.3647447697088455,0.05482096354166666,masks/AUTOLab+44bb9c36+2023-11-28-10h-43m-38s/ext2_f00000.png
AUTOLab+44bb9c36+2023-11-30-03h-10m-56s,ext1,b050,0,116,116,22008760,ok,1.0,auto,0.6969305331179321,0.0067165798611111115,False,True,0.6949637864241199,0.006442057291666667,0.6969305331179321,0.0067165798611111115,masks/AUTOLab+44bb9c36+2023-11-30-03h-10m-56s/ext1_f00000.png
AUTOLab+44bb9c36+2023-11-30-10h-57m-25s,ext2,b050,0,1381,1381,24400334,ok,1.0,auto,0.7318952234206472,0.007746310763888889,False,True,0.0025563189007828946,0.006791449652777778,0.7318952234206472,0.007746310763888889,masks/AUTOLab+44bb9c36+2023-11-30-10h-57m-25s/ext2_f00000.png
AUTOLab+44bb9c36+2023-11-30-10h-59m-28s,ext2,b050,0,1538,1538,24400334,ok,1.0,auto,0.9996647389154304,0.012945963541666666,False,True,0.01437744276940256,0.0077734375,0.9996647389154304,0.012945963541666666,masks/AUTOLab+44bb9c36+2023-11-30-10h-59m-28s/ext2_f00000.png
AUTOLab+44bb9c36+2023-11-30-11h-06m-14s,ext2,b050,0,351,351,24400334,ok,1.0,auto,0.8949702415684444,0.01859592013888889,False,True,0.7627285088381931,0.014364149305555556,0.8949702415684444,0.01859592013888889,masks/AUTOLab+44bb9c36+2023-11-30-11h-06m-14s/ext2_f00000.png
AUTOLab+44bb9c36+2023-11-30-11h-25m-20s,ext2,b050,0,1669,1669,24400334,ok,1.0,auto,0.7650056863653595,0.025760633680555554,False,True,0.332824427480916,0.01350368923611111,0.7650056863653595,0.025760633680555554,masks/AUTOLab+44bb9c36+2023-11-30-11h-25m-20s/ext2_f00000.png
AUTOLab+44bb9c36+2023-11-30-11h-27m-42s,ext2,b050,0,1450,1450,24400334,ok,1.0,auto,0.9443569553805774,0.010335286458333334,False,True,0.7716670018097728,0.010792100694444445,0.9443569553805774,0.010335286458333334,masks/AUTOLab+44bb9c36+2023-11-30-11h-27m-42s/ext2_f00000.png
AUTOLab+44bb9c36+2023-11-30-11h-48m-30s,ext2,b050,0,128,128,24400334,ok,1.0,auto,0.7361342887994502,0.02210720486111111,False,True,0.00024539877300611135,0.004421657986111111,0.7361342887994502,0.02210720486111111,masks/AUTOLab+44bb9c36+2023-11-30-11h-48m-30s/ext2_f00000.png
AUTOLab+44bb9c36+2023-11-30-11h-50m-56s,ext2,b050,0,1103,1103,24400334,ok,1.0,auto,0.7400967177693178,0.010545789930555556,False,True,0.5894008785867838,0.011609157986111111,0.7400967177693178,0.010545789930555556,masks/AUTOLab+44bb9c36+2023-11-30-11h-50m-56s/ext2_f00000.png
AUTOLab+5d05c5aa+2023-07-07-10h-04m-33s,ext1,b050,0,379,379,22008760,ok,1.0,auto,0.9967320261437909,0.02490234375,False,True,0.01287262872628725,0.003203125,0.9967320261437909,0.02490234375,masks/AUTOLab+5d05c5aa+2023-07-07-10h-04m-33s/ext1_f00000.png
AUTOLab+5d05c5aa+2023-07-07-10h-04m-33s,ext1,b100,52,379,379,22008760,ok,1.0,auto,0.850728397525444,0.016311848958333333,False,True,0.45448557502305365,0.008236762152777778,0.850728397525444,0.016311848958333333,masks/AUTOLab+5d05c5aa+2023-07-07-10h-04m-33s/ext1_f00052.png
AUTOLab+5d05c5aa+2023-07-07-10h-17m-57s,ext1,b050,0,423,423,22008760,ok,1.0,auto,0.6640622609369741,0.10637912326388889,False,True,0.5890836836485043,0.08027452256944445,0.6640622609369741,0.10637912326388889,masks/AUTOLab+5d05c5aa+2023-07-07-10h-17m-57s/ext1_f00000.png
AUTOLab+5d05c5aa+2023-07-07-10h-45m-46s,ext1,b050,92,553,553,22008760,ok,0.5555555555555556,auto,0.3957676449187485,0.01789496527777778,False,True,0.003855825649622835,0.0064724392361111115,0.3957676449187485,0.01789496527777778,masks/AUTOLab+5d05c5aa+2023-07-07-10h-45m-46s/ext1_f00092.png
AUTOLab+5d05c5aa+2023-07-07-10h-56m-37s,ext2,b050,74,227,227,24400334,ok,0.5,auto,0.23761046612372205,0.025047743055555554,False,True,0.0,0.01635959201388889,0.23761046612372205,0.025047743055555554,masks/AUTOLab+5d05c5aa+2023-07-07-10h-56m-37s/ext2_f00074.png
AUTOLab+5d05c5aa+2023-07-23-20h-55m-06s,ext1,b050,0,298,298,22008760,ok,1.0,auto,0.3683300928926334,0.020091145833333334,False,True,0.0,0.013076171875,0.3683300928926334,0.020091145833333334,masks/AUTOLab+5d05c5aa+2023-07-23-20h-55m-06s/ext1_f00000.png
AUTOLab+5d05c5aa+2023-07-23-20h-55m-06s,ext1,b100,73,298,298,22008760,ok,1.0,auto,0.24041459509564334,0.012876519097222223,False,True,0.0,0.009702690972222223,0.24041459509564334,0.012876519097222223,masks/AUTOLab+5d05c5aa+2023-07-23-20h-55m-06s/ext1_f00073.png
AUTOLab+5d05c5aa+2023-07-23-20h-55m-06s,ext2,b100,73,298,298,24400334,ok,1.0,auto,0.5229203622444216,0.03486653645833333,False,True,0.0,0.011361762152777777,0.5229203622444216,0.03486653645833333,masks/AUTOLab+5d05c5aa+2023-07-23-20h-55m-06s/ext2_f00073.png
AUTOLab+5d05c5aa+2023-07-23-21h-15m-38s,ext1,b050,42,355,355,22008760,ok,0.7777777777777778,auto,0.49396676985280186,0.01717556423611111,False,True,0.0,0.008782552083333334,0.49396676985280186,0.01717556423611111,masks/AUTOLab+5d05c5aa+2023-07-23-21h-15m-38s/ext1_f00042.png
AUTOLab+5d05c5aa+2023-07-23-21h-15m-38s,ext2,b100,71,355,355,24400334,ok,1.0,auto,0.6238968425181408,0.02213107638888889,False,True,0.0,0.006284722222222222,0.6238968425181408,0.02213107638888889,masks/AUTOLab+5d05c5aa+2023-07-23-21h-15m-38s/ext2_f00071.png
AUTOLab+5d05c5aa+2023-07-23-21h-50m-23s,ext1,b050,0,248,248,22008760,ok,1.0,auto,0.4542340284872889,0.018054470486111113,False,True,0.0,0.010109592013888889,0.4542340284872889,0.018054470486111113,masks/AUTOLab+5d05c5aa+2023-07-23-21h-50m-23s/ext1_f00000.png
AUTOLab+5d05c5aa+2023-07-23-21h-50m-23s,ext1,b100,52,248,248,22008760,ok,1.0,auto,0.40282065250287513,0.017926432291666666,False,True,0.0,0.01098849826388889,0.40282065250287513,0.017926432291666666,masks/AUTOLab+5d05c5aa+2023-07-23-21h-50m-23s/ext1_f00052.png
AUTOLab+5d05c5aa+2023-08-12-14h-49m-19s,ext2,b050,17,143,143,24400334,ok,0.5,auto,0.2753775167785235,0.010347222222222223,False,True,0.0018207398824795495,0.013110894097222223,0.2753775167785235,0.010347222222222223,masks/AUTOLab+5d05c5aa+2023-08-12-14h-49m-19s/ext2_f00017.png
AUTOLab+5d05c5aa+2023-08-12-14h-49m-19s,ext2,b100,26,143,143,24400334,ok,1.0,auto,0.2458946470462785,0.025439453125,False,True,0.12922973103248814,0.022510850694444445,0.2458946470462785,0.025439453125,masks/AUTOLab+5d05c5aa+2023-08-12-14h-49m-19s/ext2_f00026.png
AUTOLab+5d05c5aa+2023-08-12-14h-50m-15s,ext2,b050,0,130,130,24400334,ok,1.0,auto,0.7963205351948808,0.02984375,False,True,0.7221238938053097,0.027587890625,0.7963205351948808,0.02984375,masks/AUTOLab+5d05c5aa+2023-08-12-14h-50m-15s/ext2_f00000.png
AUTOLab+5d05c5aa+2023-08-12-14h-50m-15s,ext2,b100,19,130,130,24400334,ok,1.0,auto,0.7381080158071913,0.022240668402777778,False,True,0.7330510610413832,0.021526692708333333,0.7381080158071913,0.022240668402777778,masks/AUTOLab+5d05c5aa+2023-08-12-14h-50m-15s/ext2_f00019.png
AUTOLab+5d05c5aa+2023-09-02-09h-55m-32s,ext2,b050,34,236,236,24400334,ok,0.8703703703703703,auto,0.3324005957485219,0.024041883680555556,False,True,0.2691978878551672,0.02157660590277778,0.3324005957485219,0.024041883680555556,masks/AUTOLab+5d05c5aa+2023-09-02-09h-55m-32s/ext2_f00034.png
AUTOLab+5d05c5aa+2023-09-02-09h-55m-32s,ext2,b100,49,236,236,24400334,ok,1.0,auto,0.29663682555044757,0.013453776041666667,False,True,0.22503172013775607,0.01197265625,0.29663682555044757,0.013453776041666667,masks/AUTOLab+5d05c5aa+2023-09-02-09h-55m-32s/ext2_f00049.png
AUTOLab+5d05c5aa+2023-10-15-19h-37m-16s,ext2,b050,0,148,148,24400334,ok,1.0,auto,0.24274727240207472,0.06066623263888889,False,True,0.15806357538641003,0.05953125,0.24274727240207472,0.06066623263888889,masks/AUTOLab+5d05c5aa+2023-10-15-19h-37m-16s/ext2_f00000.png
AUTOLab+5d05c5aa+2023-11-12-16h-46m-22s,ext1,b050,23,720,720,22008760,ok,0.7592592592592593,auto,0.5491299897645855,0.0021202256944444445,False,True,0.0025739289595607673,0.01897026909722222,0.5491299897645855,0.0021202256944444445,masks/AUTOLab+5d05c5aa+2023-11-12-16h-46m-22s/ext1_f00023.png
AUTOLab+5d05c5aa+2023-11-12-16h-46m-22s,ext2,b050,23,720,720,24400334,ok,0.5,auto,1.0,0.023129340277777778,False,True,1.0,0.011317274305555555,1.0,0.023129340277777778,masks/AUTOLab+5d05c5aa+2023-11-12-16h-46m-22s/ext2_f00023.png
AUTOLab+5d05c5aa+2023-11-12-16h-46m-22s,ext2,b100,32,720,720,24400334,ok,1.0,auto,1.0,0.032242838541666666,False,True,0.01726618705035976,0.0007541232638888889,1.0,0.032242838541666666,masks/AUTOLab+5d05c5aa+2023-11-12-16h-46m-22s/ext2_f00032.png
AUTOLab+5d05c5aa+2023-11-17-22h-50m-18s,ext1,b100,32,783,783,22008760,ok,1.0,auto,0.23702133417527405,0.024057074652777777,False,True,0.21562593070584735,0.021859809027777777,0.23702133417527405,0.024057074652777777,masks/AUTOLab+5d05c5aa+2023-11-17-22h-50m-18s/ext1_f00032.png
AUTOLab+5d05c5aa+2023-11-18-01h-24m-07s,ext1,b050,0,115,115,22008760,ok,0.5185185185185185,auto,1.0,0.0015538194444444445,False,True,0.0,0.0021940104166666666,1.0,0.0015538194444444445,masks/AUTOLab+5d05c5aa+2023-11-18-01h-24m-07s/ext1_f00000.png
AUTOLab+7cb094d5+2023-12-13-21h-25m-01s,ext1,b050,0,495,495,22008760,ok,1.0,auto,0.6447172355069892,0.015291883680555556,False,True,0.0,0.0030501302083333335,0.6447172355069892,0.015291883680555556,masks/AUTOLab+7cb094d5+2023-12-13-21h-25m-01s/ext1_f00000.png
AUTOLab+7cb094d5+2023-12-13-21h-29m-17s,ext1,b050,13,808,808,22008760,ok,1.0,auto,0.23274576865737084,0.02474609375,False,True,0.0008588605782994252,0.015160590277777778,0.23274576865737084,0.02474609375,masks/AUTOLab+7cb094d5+2023-12-13-21h-29m-17s/ext1_f00013.png
AUTOLab+7cb094d5+2023-12-13-22h-15m-18s,ext1,b050,0,88,88,22008760,ok,1.0,auto,0.999959349593496,0.026692708333333332,False,True,0.9498090561920349,0.005966796875,0.999959349593496,0.026692708333333332,masks/AUTOLab+7cb094d5+2023-12-13-22h-15m-18s/ext1_f00000.png
AUTOLab+7cb094d5+2023-12-13-23h-07m-10s,ext1,b050,14,324,324,22008760,ok,0.5185185185185185,auto,0.31618280387090236,0.04283203125,False,True,0.29044176706827307,0.04052734375,0.31618280387090236,0.04283203125,masks/AUTOLab+7cb094d5+2023-12-13-23h-07m-10s/ext1_f00014.png
AUTOLab+7cb094d5+2023-12-13-23h-37m-51s,ext1,b050,25,537,537,22008760,ok,0.5,auto,0.3659476479157855,0.023089192708333334,False,True,0.36458478878487266,0.023297526041666666,0.3659476479157855,0.023089192708333334,masks/AUTOLab+7cb094d5+2023-12-13-23h-37m-51s/ext1_f00025.png
AUTOLab+7cb094d5+2023-12-13-23h-37m-51s,ext2,b100,31,537,537,24400334,ok,1.0,auto,0.48751950078003126,0.013910590277777777,False,True,0.4406794734969761,0.012200520833333334,0.48751950078003126,0.013910590277777777,masks/AUTOLab+7cb094d5+2023-12-13-23h-37m-51s/ext2_f00031.png
AUTOLab+7cb094d5+2023-12-14-00h-31m-33s,ext1,b050,54,325,325,22008760,ok,0.5185185185185185,auto,1.0,0.015325520833333333,False,True,0.9988579586009992,0.015201822916666666,1.0,0.015325520833333333,masks/AUTOLab+7cb094d5+2023-12-14-00h-31m-33s/ext1_f00054.png
AUTOLab+7cb094d5+2023-12-14-10h-01m-50s,ext1,b050,0,219,219,22008760,ok,1.0,auto,0.6481336945043845,0.023633897569444444,False,True,0.646542662583977,0.023742404513888888,0.6481336945043845,0.023633897569444444,masks/AUTOLab+7cb094d5+2023-12-14-10h-01m-50s/ext1_f00000.png
AUTOLab+7cb094d5+2023-12-14-10h-34m-30s,ext1,b050,0,103,103,22008760,ok,1.0,auto,0.8378887229760437,0.016713324652777778,False,True,0.7346674514420247,0.009217664930555555,0.8378887229760437,0.016713324652777778,masks/AUTOLab+7cb094d5+2023-12-14-10h-34m-30s/ext1_f00000.png
AUTOLab+7cb094d5+2023-12-14-10h-34m-30s,ext2,b050,0,103,103,24400334,ok,1.0,auto,0.5476614944426104,0.049300130208333334,False,True,0.022937749156700438,0.017692057291666667,0.5476614944426104,0.049300130208333334,masks/AUTOLab+7cb094d5+2023-12-14-10h-34m-30s/ext2_f00000.png
AUTOLab+7cb094d5+2023-12-14-10h-45m-51s,ext1,b050,0,1015,1015,22008760,ok,1.0,auto,0.8223898508486199,0.01898763020833333,False,True,0.7459149546106068,0.011355251736111112,0.8223898508486199,0.01898763020833333,masks/AUTOLab+7cb094d5+2023-12-14-10h-45m-51s/ext1_f00000.png
AUTOLab+7cb094d5+2023-12-14-10h-45m-51s,ext2,b050,0,1015,1015,24400334,ok,1.0,auto,0.3927330228678668,0.06244357638888889,False,True,0.18843745066049156,0.04123480902777778,0.3927330228678668,0.06244357638888889,masks/AUTOLab+7cb094d5+2023-12-14-10h-45m-51s/ext2_f00000.png
AUTOLab+7cb094d5+2023-12-14-12h-13m-55s,ext2,b050,0,368,368,24400334,ok,1.0,auto,0.6261025564359396,0.029032118055555556,False,True,0.0015212981744422427,0.008559027777777778,0.6261025564359396,0.029032118055555556,masks/AUTOLab+7cb094d5+2023-12-14-12h-13m-55s/ext2_f00000.png
AUTOLab+7cb094d5+2023-12-14-12h-18m-51s,ext2,b050,0,66,66,24400334,ok,1.0,auto,0.8760258551819304,0.029880642361111112,False,True,0.8495620375882302,0.025518663194444444,0.8760258551819304,0.029880642361111112,masks/AUTOLab+7cb094d5+2023-12-14-12h-18m-51s/ext2_f00000.png
AUTOLab+7cb094d5+2023-12-14-21h-26m-06s,ext1,b050,53,119,119,22008760,ok,1.0,auto,0.8858127280097284,0.026768663194444445,False,True,0.8794440708361354,0.024202473958333335,0.8858127280097284,0.026768663194444445,masks/AUTOLab+7cb094d5+2023-12-14-21h-26m-06s/ext1_f00053.png
AUTOLab+7cb094d5+2023-12-14-21h-26m-06s,ext2,b050,53,119,119,24400334,ok,0.5,auto,0.9510141062530704,0.03092230902777778,False,True,0.0,7.269965277777777e-05,0.9510141062530704,0.03092230902777778,masks/AUTOLab+7cb094d5+2023-12-14-21h-26m-06s/ext2_f00053.png
AUTOLab+7cb094d5+2023-12-14-21h-57m-38s,ext1,b050,33,143,143,22008760,ok,1.0,auto,0.4201051206999654,0.034475911458333335,False,True,0.2980083117697797,0.02767578125,0.4201051206999654,0.034475911458333335,masks/AUTOLab+7cb094d5+2023-12-14-21h-57m-38s/ext1_f00033.png
AUTOLab+7cb094d5+2023-12-15-10h-14m-28s,ext1,b050,0,204,204,22008760,ok,0.9444444444444444,auto,0.9342316207344072,0.028426649305555555,False,True,0.9346910681026803,0.02679904513888889,0.9342316207344072,0.028426649305555555,masks/AUTOLab+7cb094d5+2023-12-15-10h-14m-28s/ext1_f00000.png
AUTOLab+7cb094d5+2023-12-15-10h-14m-28s,ext1,b100,26,204,204,22008760,ok,1.0,auto,0.9054721453970762,0.010985243055555555,False,True,0.8968662074318424,0.011183810763888889,0.9054721453970762,0.010985243055555555,masks/AUTOLab+7cb094d5+2023-12-15-10h-14m-28s/ext1_f00026.png
AUTOLab+7cb094d5+2023-12-15-10h-14m-28s,ext2,b100,26,204,204,24400334,ok,1.0,auto,0.32682458386683744,0.006779513888888889,False,True,0.31290154540718873,0.006248914930555556,0.32682458386683744,0.006779513888888889,masks/AUTOLab+7cb094d5+2023-12-15-10h-14m-28s/ext2_f00026.png
AUTOLab+7cb094d5+2023-12-15-17h-07m-32s,ext1,b050,0,134,134,20521388,ok,0.9444444444444444,auto,1.0,0.03013671875,False,True,0.0,0.0020225694444444445,1.0,0.03013671875,masks/AUTOLab+7cb094d5+2023-12-15-17h-07m-32s/ext1_f00000.png
AUTOLab+7cb094d5+2023-12-15-17h-07m-32s,ext1,b100,11,134,134,20521388,ok,1.0,auto,0.9490016189962224,0.03217013888888889,False,True,0.0,0.016761067708333334,0.9490016189962224,0.03217013888888889,masks/AUTOLab+7cb094d5+2023-12-15-17h-07m-32s/ext1_f00011.png
AUTOLab+7cb094d5+2023-12-15-17h-35m-53s,ext1,b050,0,66,66,20521388,ok,0.6111111111111112,auto,1.0,0.014090711805555555,False,True,0.0,0.0022298177083333332,1.0,0.014090711805555555,masks/AUTOLab+7cb094d5+2023-12-15-17h-35m-53s/ext1_f00000.png
AUTOLab+7cb094d5+2023-12-15-17h-35m-53s,ext1,b100,14,66,66,20521388,ok,1.0,auto,0.25232148575088054,0.010166015625,False,True,0.003002573634543926,0.007588975694444444,0.25232148575088054,0.010166015625,masks/AUTOLab+7cb094d5+2023-12-15-17h-35m-53s/ext1_f00014.png
AUTOLab+7cb094d5+2023-12-15-17h-43m-21s,ext2,b050,0,413,413,24259877,ok,1.0,auto,1.0,0.015911458333333333,False,True,0.43150950717889014,0.0027962239583333333,1.0,0.015911458333333333,masks/AUTOLab+7cb094d5+2023-12-15-17h-43m-21s/ext2_f00000.png
AUTOLab+7cb094d5+2023-12-15-17h-43m-21s,ext2,b100,10,413,413,24259877,ok,1.0,auto,1.0,0.015578342013888889,False,True,0.9649932157394844,0.0039984809027777775,1.0,0.015578342013888889,masks/AUTOLab+7cb094d5+2023-12-15-17h-43m-21s/ext2_f00010.png
AUTOLab+7cb094d5+2023-12-15-18h-17m-49s,ext1,b050,24,246,246,20521388,ok,0.5,auto,0.2896735003796507,0.014290364583333333,False,True,0.0,0.005593532986111111,0.2896735003796507,0.014290364583333333,masks/AUTOLab+7cb094d5+2023-12-15-18h-17m-49s/ext1_f00024.png
AUTOLab+7cb094d5+2023-12-15-18h-17m-49s,ext1,b100,50,246,246,20521388,ok,1.0,auto,0.3932894933492751,0.014520399305555556,False,True,0.015254976027894829,0.007468532986111111,0.3932894933492751,0.014520399305555556,masks/AUTOLab+7cb094d5+2023-12-15-18h-17m-49s/ext1_f00050.png
AUTOLab+7cb094d5+2023-12-15-23h-30m-06s,ext1,b050,0,242,242,20521388,ok,1.0,auto,1.0,0.024670138888888887,False,True,0.9904930055683825,0.023968098958333333,1.0,0.024670138888888887,masks/AUTOLab+7cb094d5+2023-12-15-23h-30m-06s/ext1_f00000.png
AUTOLab+7cb094d5+2023-12-15-23h-30m-06s,ext2,b050,0,242,242,24259877,ok,0.6111111111111112,auto,1.0,0.010388454861111111,False,True,0.0,0.0008365885416666667,1.0,0.010388454861111111,masks/AUTOLab+7cb094d5+2023-12-15-23h-30m-06s/ext2_f00000.png
AUTOLab+7cb094d5+2023-12-15-23h-30m-06s,ext1,b100,21,242,242,20521388,ok,1.0,auto,1.0,0.008727213541666667,False,True,0.9113842173350583,0.010065104166666667,1.0,0.008727213541666667,masks/AUTOLab+7cb094d5+2023-12-15-23h-30m-06s/ext1_f00021.png
AUTOLab+7cb094d5+2023-12-15-23h-30m-06s,ext2,b100,21,242,242,24259877,ok,1.0,auto,0.7393357077776858,0.026200086805555557,False,True,0.6457614942528735,0.030208333333333334,0.7393357077776858,0.026200086805555557,masks/AUTOLab+7cb094d5+2023-12-15-23h-30m-06s/ext2_f00021.png
AUTOLab+7cb094d5+2023-12-16-00h-23m-42s,ext2,b050,26,454,454,24259877,ok,0.5185185185185185,auto,1.0,0.0023111979166666667,False,True,0.0006267542305911089,0.07963758680555555,1.0,0.0023111979166666667,masks/AUTOLab+7cb094d5+2023-12-16-00h-23m-42s/ext2_f00026.png
AUTOLab+84bd5053+2023-07-08-08h-58m-33s,ext2,b050,32,680,680,24400334,ok,0.7407407407407407,auto,1.0,0.013828125,False,True,0.0,0.0032703993055555555,1.0,0.013828125,masks/AUTOLab+84bd5053+2023-07-08-08h-58m-33s/ext2_f00032.png
AUTOLab+84bd5053+2023-07-08-08h-58m-33s,ext2,b100,69,680,680,24400334,ok,1.0,auto,0.9108510766632487,0.017989366319444443,False,True,0.8643615602155701,0.020335286458333334,0.9108510766632487,0.017989366319444443,masks/AUTOLab+84bd5053+2023-07-08-08h-58m-33s/ext2_f00069.png
AUTOLab+84bd5053+2023-07-08-08h-59m-35s,ext2,b050,58,720,720,24400334,ok,0.9444444444444444,auto,0.9907510173880874,0.026396484375,False,True,0.0,0.0037467447916666665,0.9907510173880874,0.026396484375,masks/AUTOLab+84bd5053+2023-07-08-08h-59m-35s/ext2_f00058.png
AUTOLab+84bd5053+2023-07-08-08h-59m-35s,ext2,b100,78,720,720,24400334,ok,1.0,auto,0.9988572779572858,0.02753689236111111,False,True,0.07472868217054263,0.0034993489583333335,0.9988572779572858,0.02753689236111111,masks/AUTOLab+84bd5053+2023-07-08-08h-59m-35s/ext2_f00078.png
AUTOLab+84bd5053+2023-07-08-09h-09m-59s,ext2,b050,20,431,431,24400334,ok,1.0,auto,1.0,0.02351019965277778,False,True,0.0,0.005137803819444444,1.0,0.02351019965277778,masks/AUTOLab+84bd5053+2023-07-08-09h-09m-59s/ext2_f00020.png
AUTOLab+84bd5053+2023-07-08-09h-09m-59s,ext2,b100,25,431,431,24400334,ok,1.0,auto,1.0,0.01830078125,False,True,0.002411575562700996,0.0040494791666666665,1.0,0.01830078125,masks/AUTOLab+84bd5053+2023-07-08-09h-09m-59s/ext2_f00025.png
AUTOLab+84bd5053+2023-07-08-09h-16m-01s,ext2,b050,28,470,470,24400334,ok,0.7777777777777778,auto,1.0,0.013241102430555556,False,True,0.00031328320802004317,0.003463541666666667,1.0,0.013241102430555556,masks/AUTOLab+84bd5053+2023-07-08-09h-16m-01s/ext2_f00028.png
AUTOLab+84bd5053+2023-07-08-09h-16m-01s,ext2,b100,34,470,470,24400334,ok,1.0,auto,1.0,0.022428385416666665,False,True,0.6829337094499295,0.0038465711805555558,1.0,0.022428385416666665,masks/AUTOLab+84bd5053+2023-07-08-09h-16m-01s/ext2_f00034.png
AUTOLab+84bd5053+2023-07-08-09h-16m-49s,ext2,b050,30,456,456,24400334,ok,0.9814814814814815,auto,1.0,0.020462239583333333,False,True,0.0,0.003874782986111111,1.0,0.020462239583333333,masks/AUTOLab+84bd5053+2023-07-08-09h-16m-49s/ext2_f00030.png
AUTOLab+84bd5053+2023-07-08-09h-16m-49s,ext2,b100,58,456,456,24400334,ok,1.0,auto,1.0,0.015521918402777777,False,True,0.0,0.0040885416666666665,1.0,0.015521918402777777,masks/AUTOLab+84bd5053+2023-07-08-09h-16m-49s/ext2_f00058.png
AUTOLab+84bd5053+2023-07-14-15h-58m-46s,ext1,b050,13,86,86,22008760,ok,0.8333333333333334,auto,1.0,0.006740451388888889,False,True,0.0016488046166529546,0.001316189236111111,1.0,0.006740451388888889,masks/AUTOLab+84bd5053+2023-07-14-15h-58m-46s/ext1_f00013.png
AUTOLab+84bd5053+2023-07-14-15h-58m-46s,ext1,b100,20,86,86,22008760,ok,1.0,auto,1.0,0.008586154513888888,False,True,0.9996249531191399,0.008679470486111111,1.0,0.008586154513888888,masks/AUTOLab+84bd5053+2023-07-14-15h-58m-46s/ext1_f00020.png
AUTOLab+84bd5053+2023-07-14-16h-01m-03s,ext1,b050,0,150,150,22008760,ok,1.0,auto,1.0,0.007746310763888889,False,True,0.9900935608145295,0.005914713541666667,1.0,0.007746310763888889,masks/AUTOLab+84bd5053+2023-07-14-16h-01m-03s/ext1_f00000.png
AUTOLab+84bd5053+2023-07-14-16h-18m-41s,ext1,b050,0,112,112,22008760,ok,0.6851851851851852,auto,1.0,0.010320095486111111,False,True,0.01918465227817745,0.0018098958333333333,1.0,0.010320095486111111,masks/AUTOLab+84bd5053+2023-07-14-16h-18m-41s/ext1_f00000.png
AUTOLab+84bd5053+2023-07-14-16h-18m-41s,ext1,b100,17,112,112,22008760,ok,1.0,auto,1.0,0.016765407986111112,False,True,0.0026954177897574594,0.0004025607638888889,1.0,0.016765407986111112,masks/AUTOLab+84bd5053+2023-07-14-16h-18m-41s/ext1_f00017.png
AUTOLab+84bd5053+2023-07-14-16h-41m-36s,ext1,b050,0,145,145,22008760,ok,0.9814814814814815,auto,1.0,0.009462890625,False,True,1.0,0.009167751736111111,1.0,0.009462890625,masks/AUTOLab+84bd5053+2023-07-14-16h-41m-36s/ext1_f00000.png
AUTOLab+84bd5053+2023-07-14-16h-41m-36s,ext1,b100,23,145,145,22008760,ok,1.0,auto,1.0,0.005238715277777778,False,True,1.0,0.005172526041666667,1.0,0.005238715277777778,masks/AUTOLab+84bd5053+2023-07-14-16h-41m-36s/ext1_f00023.png
AUTOLab+84bd5053+2023-07-14-16h-53m-21s,ext1,b050,0,86,86,22008760,ok,0.9629629629629629,auto,1.0,0.015777994791666666,False,True,0.9857640906449738,0.014939236111111111,1.0,0.015777994791666666,masks/AUTOLab+84bd5053+2023-07-14-16h-53m-21s/ext1_f00000.png
AUTOLab+84bd5053+2023-07-14-16h-53m-21s,ext1,b100,10,86,86,22008760,ok,1.0,auto,1.0,0.014995659722222223,False,True,0.995868367642795,0.014969618055555555,1.0,0.014995659722222223,masks/AUTOLab+84bd5053+2023-07-14-16h-53m-21s/ext1_f00010.png
AUTOLab+84bd5053+2023-07-14-16h-54m-39s,ext1,b050,0,95,95,22008760,ok,1.0,auto,1.0,0.008133680555555555,False,True,0.9980463298911527,0.007775607638888889,1.0,0.008133680555555555,masks/AUTOLab+84bd5053+2023-07-14-16h-54m-39s/ext1_f00000.png
AUTOLab+84bd5053+2023-07-14-16h-54m-39s,ext1,b100,15,95,95,22008760,ok,1.0,auto,1.0,0.007770182291666667,False,True,1.0,0.00763671875,1.0,0.007770182291666667,masks/AUTOLab+84bd5053+2023-07-14-16h-54m-39s/ext1_f00015.png
AUTOLab+84bd5053+2023-07-14-17h-08m-01s,ext1,b050,6,101,101,22008760,ok,0.8333333333333334,auto,1.0,0.007422960069444444,False,True,1.0,0.007297092013888889,1.0,0.007422960069444444,masks/AUTOLab+84bd5053+2023-07-14-17h-08m-01s/ext1_f00006.png
AUTOLab+84bd5053+2023-07-14-17h-08m-01s,ext1,b100,14,101,101,22008760,ok,1.0,auto,1.0,0.007388237847222222,False,True,0.9901055408970976,0.0032899305555555555,1.0,0.007388237847222222,masks/AUTOLab+84bd5053+2023-07-14-17h-08m-01s/ext1_f00014.png
AUTOLab+84bd5053+2023-07-14-17h-25m-19s,ext1,b050,18,125,125,22008760,ok,0.8333333333333334,auto,1.0,0.006489800347222222,False,True,0.9994879672299027,0.006357421875,1.0,0.006489800347222222,masks/AUTOLab+84bd5053+2023-07-14-17h-25m-19s/ext1_f00018.png
AUTOLab+84bd5053+2023-07-14-17h-25m-19s,ext1,b100,23,125,125,22008760,ok,1.0,auto,1.0,0.006064453125,False,True,1.0,0.006005859375,1.0,0.006064453125,masks/AUTOLab+84bd5053+2023-07-14-17h-25m-19s/ext1_f00023.png
AUTOLab+84bd5053+2023-07-14-17h-27m-13s,ext1,b050,0,106,106,22008760,ok,1.0,auto,1.0,0.011117621527777777,False,True,0.9908903908316191,0.011077473958333334,1.0,0.011117621527777777,masks/AUTOLab+84bd5053+2023-07-14-17h-27m-13s/ext1_f00000.png
AUTOLab+84bd5053+2023-07-21-15h-14m-28s,ext1,b050,0,149,149,22008760,ok,1.0,auto,0.47531319086219603,0.005889756944444445,False,True,0.0,0.0052007378472222225,0.47531319086219603,0.005889756944444445,masks/AUTOLab+84bd5053+2023-07-21-15h-14m-28s/ext1_f00000.png
AUTOLab+84bd5053+2023-08-21-13h-54m-18s,ext2,b050,14,161,161,24400334,ok,0.6666666666666666,auto,0.8091044037605146,0.010964626736111111,False,True,0.0,0.0026627604166666666,0.8091044037605146,0.010964626736111111,masks/AUTOLab+84bd5053+2023-08-21-13h-54m-18s/ext2_f00014.png
AUTOLab+84bd5053+2023-08-21-13h-54m-18s,ext2,b100,20,161,161,24400334,ok,1.0,auto,0.8878518518518519,0.00732421875,False,True,0.20391558606661586,0.004267578125,0.8878518518518519,0.00732421875,masks/AUTOLab+84bd5053+2023-08-21-13h-54m-18s/ext2_f00020.png
AUTOLab+84bd5053+2023-08-21-13h-58m-26s,ext2,b050,13,155,155,24400334,ok,0.6111111111111112,auto,0.6839080459770115,0.008873697916666666,False,True,0.0002680246582685841,0.004048394097222222,0.6839080459770115,0.008873697916666666,masks/AUTOLab+84bd5053+2023-08-21-13h-58m-26s/ext2_f00013.png
AUTOLab+84bd5053+2023-08-21-13h-58m-26s,ext2,b100,19,155,155,24400334,ok,1.0,auto,0.9121287128712872,0.005260416666666667,False,True,0.5710154241645244,0.003376736111111111,0.9121287128712872,0.005260416666666667,masks/AUTOLab+84bd5053+2023-08-21-13h-58m-26s/ext2_f00019.png
AUTOLab+84bd5053+2023-08-21-14h-01m-37s,ext2,b100,10,171,171,24400334,ok,1.0,auto,0.2990987422006537,0.010955946180555556,False,True,0.2678484464790104,0.011140407986111111,0.2990987422006537,0.010955946180555556,masks/AUTOLab+84bd5053+2023-08-21-14h-01m-37s/ext2_f00010.png
AUTOLab+84bd5053+2023-08-21-14h-16m-58s,ext2,b050,0,144,144,24400334,ok,0.6666666666666666,auto,0.6090602647373181,0.013197699652777778,False,True,0.014332706766917336,0.009236111111111112,0.6090602647373181,0.013197699652777778,masks/AUTOLab+84bd5053+2023-08-21-14h-16m-58s/ext2_f00000.png
AUTOLab+84bd5053+2023-08-21-14h-16m-58s,ext2,b100,14,144,144,24400334,ok,1.0,auto,0.8684645719374126,0.008529730902777777,False,True,0.007418584182069643,0.008629557291666666,0.8684645719374126,0.008529730902777777,masks/AUTOLab+84bd5053+2023-08-21-14h-16m-58s/ext2_f00014.png
AUTOLab+84bd5053+2023-08-27-21h-02m-48s,ext1,b050,0,584,584,22008760,ok,1.0,auto,0.4301675977653632,0.008740234375,False,True,0.4303389612063411,0.008419053819444444,0.4301675977653632,0.008740234375,masks/AUTOLab+84bd5053+2023-08-27-21h-02m-48s/ext1_f00000.png
AUTOLab+84bd5053+2023-08-27-21h-19m-46s,ext1,b050,21,128,128,22008760,ok,0.5,auto,0.6296741854636592,0.021647135416666668,False,True,0.0007739938080495445,0.0014019097222222221,0.6296741854636592,0.021647135416666668,masks/AUTOLab+84bd5053+2023-08-27-21h-19m-46s/ext1_f00021.png
AUTOLab+84bd5053+2023-08-27-21h-19m-46s,ext1,b100,29,128,128,22008760,ok,1.0,auto,0.35340073529411764,0.011805555555555555,False,True,0.3393868385081039,0.01111328125,0.35340073529411764,0.011805555555555555,masks/AUTOLab+84bd5053+2023-08-27-21h-19m-46s/ext1_f00029.png
AUTOLab+84bd5053+2023-09-05-08h-55m-46s,ext1,b050,13,181,181,22008760,ok,0.5,auto,1.0,0.006298828125,False,True,0.00012462612163510745,0.008706597222222221,1.0,0.006298828125,masks/AUTOLab+84bd5053+2023-09-05-08h-55m-46s/ext1_f00013.png
AUTOLab+84bd5053+2023-09-05-08h-55m-46s,ext1,b100,27,181,181,22008760,ok,1.0,auto,0.22031783010233796,0.013041449652777778,False,True,0.03178155774395708,0.009696180555555555,0.22031783010233796,0.013041449652777778,masks/AUTOLab+84bd5053+2023-09-05-08h-55m-46s/ext1_f00027.png
AUTOLab+84bd5053+2023-09-05-08h-56m-34s,ext1,b050,10,175,175,22008760,ok,0.5,auto,1.0,0.008079427083333333,False,True,0.0,0.010055338541666667,1.0,0.008079427083333333,masks/AUTOLab+84bd5053+2023-09-05-08h-56m-34s/ext1_f00010.png
AUTOLab+84bd5053+2023-09-05-09h-03m-25s,ext1,b050,18,130,130,22008760,ok,0.5,auto,1.0,0.006510416666666667,False,True,0.009662203286670779,0.014262152777777778,1.0,0.006510416666666667,masks/AUTOLab+84bd5053+2023-09-05-09h-03m-25s/ext1_f00018.png
AUTOLab+84bd5053+2023-09-05-09h-10m-10s,ext1,b050,0,80,80,22008760,ok,0.8703703703703703,box(auto empty),1.0,3.2552083333333335e-06,True,True,0.09874243129948768,0.020966796875,0.09874243129948768,0.020966796875,masks/AUTOLab+84bd5053+2023-09-05-09h-10m-10s/ext1_f00000.png
AUTOLab+84bd5053+2023-09-05-09h-10m-10s,ext1,b100,16,80,80,22008760,ok,1.0,auto,0.2221346987002757,0.024794921875,False,True,0.0,0.014799262152777777,0.2221346987002757,0.024794921875,masks/AUTOLab+84bd5053+2023-09-05-09h-10m-10s/ext1_f00016.png
AUTOLab+84bd5053+2023-09-05-09h-14m-22s,ext1,b050,15,114,114,22008760,ok,0.5,box(auto empty),nan,0.0,True,False,0.03665054721303129,0.0042632378472222225,0.03665054721303129,0.0042632378472222225,masks/AUTOLab+84bd5053+2023-09-05-09h-14m-22s/ext1_f00015.png
AUTOLab+84bd5053+2023-10-07-17h-36m-34s,ext1,b050,29,261,261,22008760,ok,0.5555555555555556,auto,1.0,0.005811631944444445,False,True,0.999693392610762,0.007077907986111111,1.0,0.005811631944444445,masks/AUTOLab+84bd5053+2023-10-07-17h-36m-34s/ext1_f00029.png
AUTOLab+84bd5053+2023-10-07-17h-36m-34s,ext1,b100,36,261,261,22008760,ok,1.0,auto,1.0,0.007581380208333334,False,True,0.7549846112672287,0.008108723958333333,1.0,0.007581380208333334,masks/AUTOLab+84bd5053+2023-10-07-17h-36m-34s/ext1_f00036.png
AUTOLab+84bd5053+2023-10-07-17h-41m-23s,ext1,b050,0,419,419,22008760,ok,1.0,auto,1.0,0.008719618055555555,False,True,0.00040257648953301306,0.0026953125,1.0,0.008719618055555555,masks/AUTOLab+84bd5053+2023-10-07-17h-41m-23s/ext1_f00000.png
AUTOLab+84bd5053+2023-10-07-17h-52m-20s,ext1,b050,0,308,308,22008760,ok,0.8333333333333334,auto,1.0,0.0066384548611111115,False,True,0.9824742268041237,0.006315104166666667,1.0,0.0066384548611111115,masks/AUTOLab+84bd5053+2023-10-07-17h-52m-20s/ext1_f00000.png
AUTOLab+84bd5053+2023-10-07-17h-52m-20s,ext1,b100,15,308,308,22008760,ok,1.0,auto,1.0,0.007975260416666666,False,True,1.0,0.006021050347222222,1.0,0.007975260416666666,masks/AUTOLab+84bd5053+2023-10-07-17h-52m-20s/ext1_f00015.png
AUTOLab+84bd5053+2023-10-07-19h-10m-39s,ext1,b050,54,572,572,22008760,ok,0.7592592592592593,auto,0.8957117117117117,0.015055338541666666,False,True,0.0,0.007364366319444445,0.8957117117117117,0.015055338541666666,masks/AUTOLab+84bd5053+2023-10-07-19h-10m-39s/ext1_f00054.png
AUTOLab+84bd5053+2023-10-13-20h-18m-20s,ext2,b050,18,117,117,24400334,ok,0.5,auto,0.47391078453202706,0.02923828125,False,True,0.46204595719158825,0.028946397569444445,0.47391078453202706,0.02923828125,masks/AUTOLab+84bd5053+2023-10-13-20h-18m-20s/ext2_f00018.png
AUTOLab+84bd5053+2023-10-13-20h-18m-20s,ext2,b100,25,117,117,24400334,ok,1.0,auto,0.48670322138450994,0.015831163194444445,False,True,0.47960708947256037,0.015244140625,0.48670322138450994,0.015831163194444445,masks/AUTOLab+84bd5053+2023-10-13-20h-18m-20s/ext2_f00025.png
AUTOLab+84bd5053+2023-10-13-20h-21m-40s,ext2,b050,0,145,145,24400334,ok,0.8333333333333334,auto,1.0,0.008247612847222223,False,True,0.9857217030114226,0.008359375,1.0,0.008247612847222223,masks/AUTOLab+84bd5053+2023-10-13-20h-21m-40s/ext2_f00000.png
AUTOLab+84bd5053+2023-10-13-20h-21m-40s,ext2,b100,35,145,145,24400334,ok,1.0,auto,0.8775324379694969,0.009533420138888889,False,True,0.8736351228389445,0.009539930555555555,0.8775324379694969,0.009533420138888889,masks/AUTOLab+84bd5053+2023-10-13-20h-21m-40s/ext2_f00035.png
AUTOLab+84bd5053+2023-10-13-20h-25m-47s,ext2,b050,0,108,108,24400334,ok,1.0,auto,0.5358047432650241,0.009424913194444445,False,True,0.5139556165637154,0.009485677083333333,0.5358047432650241,0.009424913194444445,masks/AUTOLab+84bd5053+2023-10-13-20h-25m-47s/ext2_f00000.png
AUTOLab+84bd5053+2023-10-13-20h-28m-45s,ext2,b050,0,99,99,24400334,ok,1.0,auto,0.6928166351606806,0.013776041666666667,False,True,0.619715019855174,0.013935546875,0.6928166351606806,0.013776041666666667,masks/AUTOLab+84bd5053+2023-10-13-20h-28m-45s/ext2_f00000.png
AUTOLab+84bd5053+2023-11-11-08h-52m-38s,ext1,b050,99,2331,2331,22008760,ok,1.0,auto,0.8062443725208673,0.044588758680555556,False,True,0.0,0.012316623263888889,0.8062443725208673,0.044588758680555556,masks/AUTOLab+84bd5053+2023-11-11-08h-52m-38s/ext1_f00099.png
AUTOLab+84bd5053+2023-11-11-08h-52m-38s,ext1,b100,111,2331,2331,22008760,ok,1.0,auto,0.6232230823363829,0.015418836805555556,False,True,0.3990951079272316,0.011511501736111112,0.6232230823363829,0.015418836805555556,masks/AUTOLab+84bd5053+2023-11-11-08h-52m-38s/ext1_f00111.png
AUTOLab+84bd5053+2023-11-19-13h-16m-03s,ext1,b050,0,266,266,22008760,ok,1.0,auto,0.4384392831310777,0.027003038194444443,False,True,0.24967469942226617,0.020847439236111112,0.4384392831310777,0.027003038194444443,masks/AUTOLab+84bd5053+2023-11-19-13h-16m-03s/ext1_f00000.png
AUTOLab+84bd5053+2023-11-19-13h-16m-03s,ext2,b050,0,266,266,24400334,ok,1.0,auto,1.0,0.0019476996527777778,False,True,0.8653846153846154,0.0005078125,1.0,0.0019476996527777778,masks/AUTOLab+84bd5053+2023-11-19-13h-16m-03s/ext2_f00000.png
AUTOLab+84bd5053+2023-12-02-12h-57m-57s,ext1,b050,54,143,143,22008760,ok,0.5925925925925926,auto,0.9812684850476503,0.01650933159722222,False,True,0.0,0.0013856336805555555,0.9812684850476503,0.01650933159722222,masks/AUTOLab+84bd5053+2023-12-02-12h-57m-57s/ext1_f00054.png
AUTOLab+84bd5053+2023-12-02-12h-57m-57s,ext2,b050,54,143,143,24400334,ok,1.0,auto,0.47425296168519426,0.059443359375,False,True,0.0,0.02336480034722222,0.47425296168519426,0.059443359375,masks/AUTOLab+84bd5053+2023-12-02-12h-57m-57s/ext2_f00054.png
AUTOLab+84bd5053+2023-12-02-12h-57m-57s,ext1,b100,60,143,143,22008760,ok,1.0,auto,0.8741515175157993,0.013907335069444445,False,True,0.8254279466103612,0.014389105902777777,0.8741515175157993,0.013907335069444445,masks/AUTOLab+84bd5053+2023-12-02-12h-57m-57s/ext1_f00060.png
AUTOLab+84bd5053+2023-12-02-12h-57m-57s,ext2,b100,60,143,143,24400334,ok,1.0,auto,0.28496125250776916,0.02758355034722222,False,True,0.007343342036553513,0.013298611111111112,0.28496125250776916,0.02758355034722222,masks/AUTOLab+84bd5053+2023-12-02-12h-57m-57s/ext2_f00060.png
AUTOLab+9aed6d7a+2023-11-06-19h-35m-41s,ext1,b050,0,177,177,22008760,ok,1.0,auto,0.6081145911863477,0.01583224826388889,False,True,0.09372937293729378,0.011507161458333333,0.6081145911863477,0.01583224826388889,masks/AUTOLab+9aed6d7a+2023-11-06-19h-35m-41s/ext1_f00000.png
AUTOLab+9aed6d7a+2023-11-06-19h-35m-41s,ext2,b050,0,177,177,24400334,ok,0.7777777777777778,auto,1.0,0.07869900173611111,False,True,0.0007739938080495445,0.005607638888888889,1.0,0.07869900173611111,masks/AUTOLab+9aed6d7a+2023-11-06-19h-35m-41s/ext2_f00000.png
AUTOLab+9aed6d7a+2023-11-06-19h-35m-41s,ext1,b100,32,177,177,22008760,ok,1.0,auto,0.36262333709685335,0.022103949652777777,False,True,0.049794823232323204,0.01375,0.36262333709685335,0.022103949652777777,masks/AUTOLab+9aed6d7a+2023-11-06-19h-35m-41s/ext1_f00032.png
AUTOLab+9aed6d7a+2023-11-06-19h-35m-41s,ext2,b100,32,177,177,24400334,ok,1.0,auto,0.7994706840390879,0.07994791666666666,False,True,0.010989849652751293,0.014217664930555556,0.7994706840390879,0.07994791666666666,masks/AUTOLab+9aed6d7a+2023-11-06-19h-35m-41s/ext2_f00032.png
AUTOLab+9aed6d7a+2023-11-07-17h-14m-19s,ext2,b050,0,231,231,24400334,ok,0.5,auto,0.46414452009663953,0.019761284722222223,False,True,0.004690150683564487,0.010873480902777777,0.46414452009663953,0.019761284722222223,masks/AUTOLab+9aed6d7a+2023-11-07-17h-14m-19s/ext2_f00000.png
AUTOLab+9aed6d7a+2023-11-16-12h-25m-59s,ext1,b050,12,780,780,22008760,ok,1.0,auto,0.5095329834584468,0.016333550347222222,False,True,0.5079949153676323,0.01621853298611111,0.5095329834584468,0.016333550347222222,masks/AUTOLab+9aed6d7a+2023-11-16-12h-25m-59s/ext1_f00012.png
AUTOLab+9aed6d7a+2023-11-16-12h-25m-59s,ext1,b100,20,780,780,22008760,ok,1.0,auto,0.5387690451048424,0.014385850694444445,False,True,0.5386408058938505,0.01443359375,0.5387690451048424,0.014385850694444445,masks/AUTOLab+9aed6d7a+2023-11-16-12h-25m-59s/ext1_f00020.png
AUTOLab+9aed6d7a+2023-11-16-12h-43m-02s,ext1,b050,0,1190,1190,22008760,ok,1.0,auto,1.0,0.008179253472222222,False,True,0.999868576685504,0.008256293402777778,1.0,0.008179253472222222,masks/AUTOLab+9aed6d7a+2023-11-16-12h-43m-02s/ext1_f00000.png
AUTOLab+9aed6d7a+2023-11-16-12h-43m-02s,ext1,b100,15,1190,1190,22008760,ok,1.0,auto,0.9971098265895953,0.007508680555555556,False,True,0.9920543195608206,0.007510850694444444,0.9971098265895953,0.007508680555555556,masks/AUTOLab+9aed6d7a+2023-11-16-12h-43m-02s/ext1_f00015.png
AUTOLab+9aed6d7a+2023-11-16-13h-04m-31s,ext1,b050,0,520,520,22008760,ok,1.0,auto,0.7048432495389692,0.011179470486111112,False,True,0.704470037087644,0.011117621527777777,0.7048432495389692,0.011179470486111112,masks/AUTOLab+9aed6d7a+2023-11-16-13h-04m-31s/ext1_f00000.png
AUTOLab+9aed6d7a+2023-11-16-13h-24m-20s,ext1,b050,0,731,731,22008760,ok,1.0,auto,0.9833352488219745,0.00944118923611111,False,True,0.9819498735341458,0.009437934027777779,0.9833352488219745,0.00944118923611111,masks/AUTOLab+9aed6d7a+2023-11-16-13h-24m-20s/ext1_f00000.png
AUTOLab+9aed6d7a+2023-11-16-13h-24m-20s,ext1,b100,15,731,731,22008760,ok,1.0,auto,0.944965925163945,0.008438585069444445,False,True,0.9431114551083591,0.008411458333333333,0.944965925163945,0.008438585069444445,masks/AUTOLab+9aed6d7a+2023-11-16-13h-24m-20s/ext1_f00015.png
AUTOLab+9aed6d7a+2023-11-16-13h-32m-13s,ext1,b050,17,676,676,22008760,ok,1.0,auto,0.6531609909685973,0.013095703125,False,True,0.6483653606189169,0.013043619791666667,0.6531609909685973,0.013095703125,masks/AUTOLab+9aed6d7a+2023-11-16-13h-32m-13s/ext1_f00017.png
AUTOLab+9aed6d7a+2023-11-16-13h-32m-13s,ext1,b100,26,676,676,22008760,ok,1.0,auto,0.868020304568528,0.007054036458333334,False,True,0.8680587780355762,0.0070149739583333336,0.868020304568528,0.007054036458333334,masks/AUTOLab+9aed6d7a+2023-11-16-13h-32m-13s/ext1_f00026.png
AUTOLab+9aed6d7a+2023-11-16-13h-51m-11s,ext1,b050,0,710,710,22008760,ok,1.0,auto,1.0,0.009039713541666666,False,True,0.9950774402689399,0.009037543402777778,1.0,0.009039713541666666,masks/AUTOLab+9aed6d7a+2023-11-16-13h-51m-11s/ext1_f00000.png
AUTOLab+9aed6d7a+2023-11-16-13h-51m-11s,ext1,b100,20,710,710,22008760,ok,1.0,auto,0.7940936031064787,0.010618489583333333,False,True,0.7930787345141804,0.010597873263888889,0.7940936031064787,0.010618489583333333,masks/AUTOLab+9aed6d7a+2023-11-16-13h-51m-11s/ext1_f00020.png
AUTOLab+9aed6d7a+2023-11-16-15h-38m-38s,ext1,b050,0,152,152,22008760,ok,1.0,auto,0.9991254919108001,0.004963107638888889,False,True,0.9991536182818451,0.005128038194444445,0.9991254919108001,0.004963107638888889,masks/AUTOLab+9aed6d7a+2023-11-16-15h-38m-38s/ext1_f00000.png
AUTOLab+9aed6d7a+2023-11-16-15h-38m-38s,ext2,b050,0,152,152,24400334,ok,1.0,auto,1.0,0.02938693576388889,False,True,0.0,0.009669053819444445,1.0,0.02938693576388889,masks/AUTOLab+9aed6d7a+2023-11-16-15h-38m-38s/ext2_f00000.png
AUTOLab+9aed6d7a+2023-11-16-15h-39m-00s,ext1,b050,0,190,190,22008760,ok,1.0,auto,0.9587521211330113,0.008312717013888889,False,True,0.9568965517241379,0.007677951388888889,0.9587521211330113,0.008312717013888889,masks/AUTOLab+9aed6d7a+2023-11-16-15h-39m-00s/ext1_f00000.png
AUTOLab+9aed6d7a+2023-11-16-15h-39m-00s,ext2,b050,0,190,190,24400334,ok,1.0,auto,0.8886479003230272,0.023513454861111113,False,True,0.6905446701420097,0.012072482638888889,0.8886479003230272,0.023513454861111113,masks/AUTOLab+9aed6d7a+2023-11-16-15h-39m-00s/ext2_f00000.png
AUTOLab+9aed6d7a+2023-11-16-15h-41m-42s,ext1,b050,0,201,201,22008760,ok,1.0,auto,0.28196395629345816,0.007646484375,False,True,0.26864176327465294,0.007581380208333334,0.28196395629345816,0.007646484375,masks/AUTOLab+9aed6d7a+2023-11-16-15h-41m-42s/ext1_f00000.png
AUTOLab+9aed6d7a+2023-11-16-15h-41m-42s,ext2,b050,0,201,201,24400334,ok,0.8518518518518519,auto,0.9226141169289794,0.024888237847222223,False,True,0.8510323303457106,0.027118055555555555,0.9226141169289794,0.024888237847222223,masks/AUTOLab+9aed6d7a+2023-11-16-15h-41m-42s/ext2_f00000.png
AUTOLab+9aed6d7a+2023-11-16-15h-41m-42s,ext1,b100,15,201,201,22008760,ok,1.0,auto,0.5555816686251469,0.009233940972222222,False,True,0.5041808204860203,0.008305121527777778,0.5555816686251469,0.009233940972222222,masks/AUTOLab+9aed6d7a+2023-11-16-15h-41m-42s/ext1_f00015.png
AUTOLab+9aed6d7a+2023-11-16-15h-41m-42s,ext2,b100,15,201,201,24400334,ok,1.0,auto,1.0,0.021259765625,False,True,0.9847152525206022,0.023568793402777777,1.0,0.021259765625,masks/AUTOLab+9aed6d7a+2023-11-16-15h-41m-42s/ext2_f00015.png
AUTOLab+9aed6d7a+2023-11-16-15h-46m-25s,ext1,b050,0,135,135,22008760,ok,1.0,auto,0.44722719141323797,0.011524522569444445,False,True,0.2461237785016287,0.008327907986111112,0.44722719141323797,0.011524522569444445,masks/AUTOLab+9aed6d7a+2023-11-16-15h-46m-25s/ext1_f00000.png
AUTOLab+9aed6d7a+2023-11-16-15h-46m-25s,ext2,b050,0,135,135,24400334,ok,0.5555555555555556,auto,1.0,0.015088975694444444,False,True,0.0,0.0007280815972222222,1.0,0.015088975694444444,masks/AUTOLab+9aed6d7a+2023-11-16-15h-46m-25s/ext2_f00000.png
AUTOLab+9aed6d7a+2023-11-16-15h-46m-25s,ext1,b100,16,135,135,22008760,ok,1.0,auto,0.7939110070257611,0.007876519097222222,False,True,0.7691956819218488,0.007136501736111111,0.7939110070257611,0.007876519097222222,masks/AUTOLab+9aed6d7a+2023-11-16-15h-46m-25s/ext1_f00016.png
AUTOLab+9aed6d7a+2023-11-16-15h-46m-25s,ext2,b100,16,135,135,24400334,ok,1.0,auto,1.0,0.023187934027777777,False,True,0.969270166453265,0.005084635416666667,1.0,0.023187934027777777,masks/AUTOLab+9aed6d7a+2023-11-16-15h-46m-25s/ext2_f00016.png
AUTOLab+9aed6d7a+2023-11-16-15h-46m-57s,ext2,b050,0,196,196,24400334,ok,0.9629629629629629,auto,0.7636449117408215,0.025387369791666666,False,True,0.6868494683827644,0.029085286458333335,0.7636449117408215,0.025387369791666666,masks/AUTOLab+9aed6d7a+2023-11-16-15h-46m-57s/ext2_f00000.png
AUTOLab+9aed6d7a+2023-11-16-15h-46m-57s,ext2,b100,13,196,196,24400334,ok,1.0,auto,0.7848740344322714,0.021491970486111112,False,True,0.6780340202813215,0.026536458333333332,0.7848740344322714,0.021491970486111112,masks/AUTOLab+9aed6d7a+2023-11-16-15h-46m-57s/ext2_f00013.png
AUTOLab+9aed6d7a+2023-11-16-15h-52m-16s,ext1,b050,0,157,157,22008760,ok,1.0,auto,0.31859903381642507,0.0044921875,False,True,0.29756468797564684,0.00427734375,0.31859903381642507,0.0044921875,masks/AUTOLab+9aed6d7a+2023-11-16-15h-52m-16s/ext1_f00000.png
AUTOLab+9aed6d7a+2023-11-16-15h-52m-16s,ext2,b050,0,157,157,24400334,ok,1.0,auto,0.8937300743889479,0.01837890625,False,True,0.817906517445688,0.01648220486111111,0.8937300743889479,0.01837890625,masks/AUTOLab+9aed6d7a+2023-11-16-15h-52m-16s/ext2_f00000.png
AUTOLab+9aed6d7a+2023-11-16-15h-54m-26s,ext1,b050,0,207,207,22008760,ok,1.0,auto,0.6806261599289922,0.013447265625,False,True,0.6345863241405365,0.011488715277777778,0.6806261599289922,0.013447265625,masks/AUTOLab+9aed6d7a+2023-11-16-15h-54m-26s/ext1_f00000.png
AUTOLab+9aed6d7a+2023-11-16-15h-54m-26s,ext2,b050,0,207,207,24400334,ok,0.9814814814814815,auto,0.9641159859494456,0.031508246527777777,False,True,0.3940187431091511,0.00787326388888889,0.9641159859494456,0.031508246527777777,masks/AUTOLab+9aed6d7a+2023-11-16-15h-54m-26s/ext2_f00000.png
AUTOLab+9aed6d7a+2023-11-16-15h-54m-26s,ext1,b100,10,207,207,22008760,ok,1.0,auto,0.6885216930281877,0.012279730902777777,False,True,0.6784885340265527,0.011687282986111111,0.6885216930281877,0.012279730902777777,masks/AUTOLab+9aed6d7a+2023-11-16-15h-54m-26s/ext1_f00010.png
AUTOLab+9aed6d7a+2023-11-16-15h-54m-26s,ext2,b100,10,207,207,24400334,ok,1.0,auto,1.0,0.027901475694444445,False,True,0.9593437945791726,0.016733940972222222,1.0,0.027901475694444445,masks/AUTOLab+9aed6d7a+2023-11-16-15h-54m-26s/ext2_f00010.png
AUTOLab+9aed6d7a+2023-11-22-14h-11m-35s,ext2,b050,0,580,580,24400334,ok,0.9629629629629629,auto,0.9998428908091124,0.006906467013888889,False,True,0.1513822606302937,0.025237630208333334,0.9998428908091124,0.006906467013888889,masks/AUTOLab+9aed6d7a+2023-11-22-14h-11m-35s/ext2_f00000.png
AUTOLab+9aed6d7a+2023-11-22-14h-11m-35s,ext2,b100,10,580,580,24400334,ok,1.0,auto,0.967381174277726,0.005821397569444445,False,True,0.9817698442840866,0.002856987847222222,0.967381174277726,0.005821397569444445,masks/AUTOLab+9aed6d7a+2023-11-22-14h-11m-35s/ext2_f00010.png
AUTOLab+9aed6d7a+2023-11-22-14h-12m-52s,ext2,b050,0,438,438,24400334,ok,0.5185185185185185,auto,1.0,0.014034288194444444,False,True,0.9948291083364863,0.008603515625,1.0,0.014034288194444444,masks/AUTOLab+9aed6d7a+2023-11-22-14h-12m-52s/ext2_f00000.png
AUTOLab+9aed6d7a+2023-11-22-14h-12m-52s,ext2,b100,17,438,438,24400334,ok,1.0,auto,0.9709984808728076,0.007856987847222222,False,True,0.9532757745048248,0.0064095052083333335,0.9709984808728076,0.007856987847222222,masks/AUTOLab+9aed6d7a+2023-11-22-14h-12m-52s/ext2_f00017.png
AUTOLab+9aed6d7a+2023-11-22-14h-20m-20s,ext2,b050,0,350,350,24400334,ok,1.0,auto,0.9454173299977258,0.004771050347222222,False,True,0.574468085106383,5.099826388888889e-05,0.9454173299977258,0.004771050347222222,masks/AUTOLab+9aed6d7a+2023-11-22-14h-20m-20s/ext2_f00000.png
AUTOLab+9aed6d7a+2023-11-30-12h-45m-40s,ext1,b050,0,318,318,22008760,ok,1.0,auto,1.0,0.003324652777777778,False,True,0.0011727257497068377,0.006476779513888889,1.0,0.003324652777777778,masks/AUTOLab+9aed6d7a+2023-11-30-12h-45m-40s/ext1_f00000.png
AUTOLab+9aed6d7a+2023-11-30-12h-45m-40s,ext1,b100,18,318,318,22008760,ok,1.0,auto,1.0,0.016661241319444443,False,True,0.0038825118163403616,0.006427951388888889,1.0,0.016661241319444443,masks/AUTOLab+9aed6d7a+2023-11-30-12h-45m-40s/ext1_f00018.png
AUTOLab+9aed6d7a+2023-11-30-12h-45m-40s,ext2,b100,18,318,318,24400334,ok,1.0,auto,0.9907043999173725,0.005252821180555555,False,True,0.0005958587814688387,0.007284071180555555,0.9907043999173725,0.005252821180555555,masks/AUTOLab+9aed6d7a+2023-11-30-12h-45m-40s/ext2_f00018.png
AUTOLab+9aed6d7a+2023-11-30-12h-49m-39s,ext2,b050,0,99,99,24400334,ok,1.0,auto,1.0,0.017540147569444445,False,True,1.0,0.017127821180555555,1.0,0.017540147569444445,masks/AUTOLab+9aed6d7a+2023-11-30-12h-49m-39s/ext2_f00000.png
AUTOLab+9aed6d7a+2023-11-30-12h-51m-36s,ext1,b050,0,572,572,22008760,ok,1.0,auto,0.7518313183265424,0.048733723958333336,False,True,0.009740259740259716,0.010360243055555555,0.7518313183265424,0.048733723958333336,masks/AUTOLab+9aed6d7a+2023-11-30-12h-51m-36s/ext1_f00000.png
AUTOLab+9aed6d7a+2023-11-30-12h-55m-34s,ext2,b050,0,289,289,24400334,ok,1.0,auto,1.0,0.0016059027777777777,False,True,0.0,0.0019911024305555554,1.0,0.0016059027777777777,masks/AUTOLab+9aed6d7a+2023-11-30-12h-55m-34s/ext2_f00000.png
AUTOLab+9aed6d7a+2023-11-30-13h-00m-43s,ext2,b050,0,516,516,24400334,ok,1.0,box(auto empty),1.0,0.00037000868055555555,True,True,0.0,0.006624348958333333,0.0,0.006624348958333333,masks/AUTOLab+9aed6d7a+2023-11-30-13h-00m-43s/ext2_f00000.png
AUTOLab+9aed6d7a+2023-12-09-15h-58m-59s,ext2,b100,36,510,510,24259877,ok,1.0,auto,0.4743615727604378,0.010707465277777778,False,True,0.3256355521055696,0.011182725694444444,0.4743615727604378,0.010707465277777778,masks/AUTOLab+9aed6d7a+2023-12-09-15h-58m-59s/ext2_f00036.png
AUTOLab+cf2a60c6+2023-11-05-10h-16m-29s,ext1,b050,0,137,137,22008760,ok,1.0,auto,0.998829953198128,0.011128472222222222,False,True,0.0020860989948795483,0.005721571180555556,0.998829953198128,0.011128472222222222,masks/AUTOLab+cf2a60c6+2023-11-05-10h-16m-29s/ext1_f00000.png
AUTOLab+cf2a60c6+2023-11-18-18h-16m-50s,ext2,b050,0,361,361,24400334,ok,1.0,auto,0.7376031434184676,0.027615017361111112,False,True,0.5748556197245669,0.019539930555555557,0.7376031434184676,0.027615017361111112,masks/AUTOLab+cf2a60c6+2023-11-18-18h-16m-50s/ext2_f00000.png
AUTOLab+cf2a60c6+2023-11-18-18h-24m-34s,ext2,b050,0,595,595,24400334,ok,1.0,auto,1.0,0.010254991319444445,False,True,0.04693429199121235,0.016298828125,1.0,0.010254991319444445,masks/AUTOLab+cf2a60c6+2023-11-18-18h-24m-34s/ext2_f00000.png
AUTOLab+cf2a60c6+2023-11-18-18h-27m-29s,ext2,b050,0,512,512,24400334,ok,1.0,auto,0.3725133727231409,0.031036241319444446,False,True,0.0517702288583165,0.016641710069444444,0.3725133727231409,0.031036241319444446,masks/AUTOLab+cf2a60c6+2023-11-18-18h-27m-29s/ext2_f00000.png
AUTOLab+cf2a60c6+2023-11-18-18h-27m-29s,ext2,b100,49,512,512,24400334,ok,1.0,auto,0.49097533397545956,0.02591037326388889,False,True,0.21443089430894313,0.01921875,0.49097533397545956,0.02591037326388889,masks/AUTOLab+cf2a60c6+2023-11-18-18h-27m-29s/ext2_f00049.png
AUTOLab+cf2a60c6+2023-11-18-18h-34m-53s,ext2,b050,0,292,292,24400334,ok,1.0,auto,0.9029997196523689,0.015481770833333333,False,True,0.5296906750959585,0.0048057725694444445,0.9029997196523689,0.015481770833333333,masks/AUTOLab+cf2a60c6+2023-11-18-18h-34m-53s/ext2_f00000.png
AUTOLab+cf2a60c6+2023-11-18-18h-43m-44s,ext2,b050,0,597,597,24400334,ok,1.0,auto,0.897670737222976,0.019192708333333332,False,True,0.2497737556561086,0.007194010416666666,0.897670737222976,0.019192708333333332,masks/AUTOLab+cf2a60c6+2023-11-18-18h-43m-44s/ext2_f00000.png
AUTOLab+cf2a60c6+2023-11-18-18h-44m-44s,ext1,b050,0,413,413,22008760,ok,0.7777777777777778,auto,0.3197251853191104,0.03000759548611111,False,True,0.0,0.011573350694444444,0.3197251853191104,0.03000759548611111,masks/AUTOLab+cf2a60c6+2023-11-18-18h-44m-44s/ext1_f00000.png
AUTOLab+cf2a60c6+2023-11-18-18h-44m-44s,ext2,b050,0,413,413,24400334,ok,0.9444444444444444,auto,0.9573721696608908,0.020414496527777777,False,True,0.0021192854980320863,0.003583984375,0.9573721696608908,0.020414496527777777,masks/AUTOLab+cf2a60c6+2023-11-18-18h-44m-44s/ext2_f00000.png
AUTOLab+cf2a60c6+2023-11-18-18h-44m-44s,ext1,b100,96,413,413,22008760,ok,1.0,auto,0.4977233753178405,0.018349609375,False,True,0.31621135285457225,0.013266059027777779,0.4977233753178405,0.018349609375,masks/AUTOLab+cf2a60c6+2023-11-18-18h-44m-44s/ext1_f00096.png
AUTOLab+cf2a60c6+2023-11-18-18h-44m-44s,ext2,b100,96,413,413,24400334,ok,1.0,auto,1.0,0.006332465277777778,False,True,0.0,0.00294921875,1.0,0.006332465277777778,masks/AUTOLab+cf2a60c6+2023-11-18-18h-44m-44s/ext2_f00096.png
AUTOLab+cf2a60c6+2023-11-18-18h-56m-57s,ext2,b050,0,360,360,24400334,ok,0.7962962962962963,auto,0.7954863540937719,0.024809027777777777,False,True,0.0,0.001845703125,0.7954863540937719,0.024809027777777777,masks/AUTOLab+cf2a60c6+2023-11-18-18h-56m-57s/ext2_f00000.png
AUTOLab+cf2a60c6+2023-11-18-18h-56m-57s,ext1,b100,55,360,360,22008760,ok,1.0,auto,0.3826943369679916,0.037018229166666666,False,True,0.00014715620631300386,0.014747178819444444,0.3826943369679916,0.037018229166666666,masks/AUTOLab+cf2a60c6+2023-11-18-18h-56m-57s/ext1_f00055.png
AUTOLab+cf2a60c6+2023-11-18-18h-56m-57s,ext2,b100,55,360,360,24400334,ok,1.0,auto,0.9277268270173618,0.018811848958333332,False,True,0.7005537498495245,0.01802734375,0.9277268270173618,0.018811848958333332,masks/AUTOLab+cf2a60c6+2023-11-18-18h-56m-57s/ext2_f00055.png
AUTOLab+cf2a60c6+2023-11-18-19h-01m-37s,ext1,b050,0,290,290,22008760,ok,0.6851851851851852,auto,0.32580541237113403,0.033680555555555554,False,True,0.0,0.01578559027777778,0.32580541237113403,0.033680555555555554,masks/AUTOLab+cf2a60c6+2023-11-18-19h-01m-37s/ext1_f00000.png
AUTOLab+cf2a60c6+2023-11-18-19h-01m-37s,ext2,b050,0,290,290,24400334,ok,1.0,auto,1.0,0.016311848958333333,False,True,0.0,0.007294921875,1.0,0.016311848958333333,masks/AUTOLab+cf2a60c6+2023-11-18-19h-01m-37s/ext2_f00000.png
AUTOLab+cf2a60c6+2023-11-18-19h-01m-37s,ext2,b100,92,290,290,24400334,ok,1.0,auto,0.9743879777005736,0.01342990451388889,False,True,0.004992511233150254,0.006520182291666667,0.9743879777005736,0.01342990451388889,masks/AUTOLab+cf2a60c6+2023-11-18-19h-01m-37s/ext2_f00092.png
AUTOLab+cf2a60c6+2023-11-18-19h-22m-34s,ext2,b050,0,244,244,24400334,ok,1.0,auto,0.9498637602179837,0.011946614583333333,False,True,0.9373091603053435,0.011371527777777777,0.9498637602179837,0.011946614583333333,masks/AUTOLab+cf2a60c6+2023-11-18-19h-22m-34s/ext2_f00000.png
AUTOLab+cf2a60c6+2023-11-18-19h-31m-51s,ext1,b050,0,477,477,22008760,ok,1.0,auto,0.2103223274297209,0.02211697048611111,False,True,0.04058994856540865,0.017509765625,0.2103223274297209,0.02211697048611111,masks/AUTOLab+cf2a60c6+2023-11-18-19h-31m-51s/ext1_f00000.png
AUTOLab+cf2a60c6+2023-11-18-19h-31m-51s,ext2,b050,0,477,477,24400334,ok,1.0,auto,0.9324255144875602,0.010597873263888889,False,True,0.8530066815144766,0.005846354166666666,0.9324255144875602,0.010597873263888889,masks/AUTOLab+cf2a60c6+2023-11-18-19h-31m-51s/ext2_f00000.png
AUTOLab+cf2a60c6+2023-11-19-22h-25m-22s,ext2,b050,0,110,110,24400334,ok,1.0,auto,1.0,0.0153125,False,True,0.9070017726006584,0.017139756944444445,1.0,0.0153125,masks/AUTOLab+cf2a60c6+2023-11-19-22h-25m-22s/ext2_f00000.png
AUTOLab+cf2a60c6+2023-11-19-22h-47m-07s,ext1,b050,0,347,347,22008760,ok,1.0,auto,0.483029197080292,0.01189236111111111,False,True,0.3795214245965498,0.009749348958333333,0.483029197080292,0.01189236111111111,masks/AUTOLab+cf2a60c6+2023-11-19-22h-47m-07s/ext1_f00000.png
AUTOLab+cf2a60c6+2023-11-19-22h-47m-07s,ext2,b050,0,347,347,24400334,ok,1.0,auto,0.4211754607151479,0.04045030381944444,False,True,0.20341840318426596,0.02317165798611111,0.4211754607151479,0.04045030381944444,masks/AUTOLab+cf2a60c6+2023-11-19-22h-47m-07s/ext2_f00000.png
AUTOLab+cf2a60c6+2023-11-20-09h-03m-56s,ext1,b050,0,453,453,22008760,ok,1.0,auto,0.46437994722955145,0.01686089409722222,False,True,0.4455452263011468,0.01599066840277778,0.46437994722955145,0.01686089409722222,masks/AUTOLab+cf2a60c6+2023-11-20-09h-03m-56s/ext1_f00000.png
AUTOLab+cf2a60c6+2023-11-20-09h-03m-56s,ext2,b050,0,453,453,24400334,ok,0.5555555555555556,auto,0.6069732091962758,0.011421440972222223,False,True,0.010281517747858016,0.004432508680555555,0.6069732091962758,0.011421440972222223,masks/AUTOLab+cf2a60c6+2023-11-20-09h-03m-56s/ext2_f00000.png
AUTOLab+cf2a60c6+2023-11-20-09h-03m-56s,ext1,b100,49,453,453,22008760,ok,1.0,auto,0.6691917949726991,0.02205837673611111,False,True,0.6021361815754339,0.017879774305555554,0.6691917949726991,0.02205837673611111,masks/AUTOLab+cf2a60c6+2023-11-20-09h-03m-56s/ext1_f00049.png
AUTOLab+cf2a60c6+2023-11-20-09h-03m-56s,ext2,b100,49,453,453,24400334,ok,1.0,auto,1.0,0.009756944444444445,False,True,0.6508675412611087,0.015384114583333334,1.0,0.009756944444444445,masks/AUTOLab+cf2a60c6+2023-11-20-09h-03m-56s/ext2_f00049.png
AUTOLab+cf2a60c6+2023-11-20-09h-12m-01s,ext2,b050,0,902,902,24400334,ok,0.5555555555555556,auto,0.7720164609053498,0.006591796875,False,True,0.6874257190396957,0.0045648871527777775,0.7720164609053498,0.006591796875,masks/AUTOLab+cf2a60c6+2023-11-20-09h-12m-01s/ext2_f00000.png
AUTOLab+cf2a60c6+2023-11-20-09h-12m-01s,ext1,b100,101,902,902,22008760,ok,1.0,auto,0.6932840806381892,0.027611762152777778,False,True,0.6757214900199178,0.025604383680555554,0.6932840806381892,0.027611762152777778,masks/AUTOLab+cf2a60c6+2023-11-20-09h-12m-01s/ext1_f00101.png
AUTOLab+cf2a60c6+2023-11-20-09h-12m-01s,ext2,b100,101,902,902,24400334,ok,1.0,auto,1.0,0.010365668402777778,False,True,0.20461215932914045,0.002587890625,1.0,0.010365668402777778,masks/AUTOLab+cf2a60c6+2023-11-20-09h-12m-01s/ext2_f00101.png
AUTOLab+cf2a60c6+2023-11-20-09h-21m-37s,ext1,b050,17,683,683,22008760,ok,1.0,auto,0.29465253522823076,0.03603732638888889,False,True,0.2420661715057394,0.03535373263888889,0.29465253522823076,0.03603732638888889,masks/AUTOLab+cf2a60c6+2023-11-20-09h-21m-37s/ext1_f00017.png
AUTOLab+cf2a60c6+2023-11-20-09h-21m-37s,ext2,b050,17,683,683,24400334,ok,0.5,auto,0.2286315789473684,0.0025770399305555555,False,True,0.21943048576214408,0.0025911458333333333,0.2286315789473684,0.0025770399305555555,masks/AUTOLab+cf2a60c6+2023-11-20-09h-21m-37s/ext2_f00017.png
AUTOLab+cf2a60c6+2023-11-20-09h-21m-37s,ext1,b100,39,683,683,22008760,ok,1.0,auto,0.8132570338578922,0.02275390625,False,True,0.8104010842829175,0.021615668402777777,0.8132570338578922,0.02275390625,masks/AUTOLab+cf2a60c6+2023-11-20-09h-21m-37s/ext1_f00039.png
AUTOLab+cf2a60c6+2023-11-20-09h-21m-37s,ext2,b100,39,683,683,24400334,ok,1.0,auto,1.0,0.009482421875,False,True,0.7396759017250392,0.012454427083333334,1.0,0.009482421875,masks/AUTOLab+cf2a60c6+2023-11-20-09h-21m-37s/ext2_f00039.png
AUTOLab+cf2a60c6+2023-11-20-09h-28m-02s,ext1,b050,0,410,410,22008760,ok,1.0,auto,0.4883546908614723,0.011600477430555556,False,True,0.3564152316274557,0.00894748263888889,0.4883546908614723,0.011600477430555556,masks/AUTOLab+cf2a60c6+2023-11-20-09h-28m-02s/ext1_f00000.png
AUTOLab+cf2a60c6+2023-11-20-09h-28m-02s,ext2,b050,0,410,410,24400334,ok,1.0,auto,0.640525376179546,0.02552734375,False,True,0.5921428571428571,0.024305555555555556,0.640525376179546,0.02552734375,masks/AUTOLab+cf2a60c6+2023-11-20-09h-28m-02s/ext2_f00000.png
AUTOLab+cf2a60c6+2023-11-20-09h-44m-27s,ext1,b050,0,605,605,22008760,ok,1.0,auto,0.21691622824767298,0.016087239583333333,False,True,0.08297969081539858,0.01431857638888889,0.21691622824767298,0.016087239583333333,masks/AUTOLab+cf2a60c6+2023-11-20-09h-44m-27s/ext1_f00000.png
AUTOLab+cf2a60c6+2023-11-20-09h-44m-27s,ext2,b050,0,605,605,24400334,ok,1.0,auto,0.8703021370670597,0.01177951388888889,False,True,0.8380911343315738,0.010072699652777777,0.8703021370670597,0.01177951388888889,masks/AUTOLab+cf2a60c6+2023-11-20-09h-44m-27s/ext2_f00000.png
AUTOLab+cf2a60c6+2023-11-20-09h-46m-33s,ext1,b050,0,413,413,22008760,ok,0.9814814814814815,auto,0.5513420339817778,0.03084526909722222,False,True,0.4931517243995902,0.02859917534722222,0.5513420339817778,0.03084526909722222,masks/AUTOLab+cf2a60c6+2023-11-20-09h-46m-33s/ext1_f00000.png
AUTOLab+cf2a60c6+2023-11-20-09h-46m-33s,ext2,b050,0,413,413,24400334,ok,0.5740740740740741,auto,1.0,0.0015679253472222223,False,True,0.7672614429790535,0.004195963541666667,1.0,0.0015679253472222223,masks/AUTOLab+cf2a60c6+2023-11-20-09h-46m-33s/ext2_f00000.png
AUTOLab+cf2a60c6+2023-11-20-09h-46m-33s,ext1,b100,24,413,413,22008760,ok,1.0,auto,0.7110402988764662,0.039499782986111114,False,True,0.7037281330656725,0.03783637152777778,0.7110402988764662,0.039499782986111114,masks/AUTOLab+cf2a60c6+2023-11-20-09h-46m-33s/ext1_f00024.png
AUTOLab+cf2a60c6+2023-11-20-09h-46m-33s,ext2,b100,24,413,413,24400334,ok,1.0,auto,1.0,0.010786675347222222,False,True,0.9970881082096562,0.011551649305555555,1.0,0.010786675347222222,masks/AUTOLab+cf2a60c6+2023-11-20-09h-46m-33s/ext2_f00024.png
AUTOLab+cf2a60c6+2023-11-20-09h-49m-08s,ext1,b050,0,459,459,22008760,ok,1.0,auto,0.5265067650676507,0.017643229166666666,False,True,0.5097799511002445,0.016864149305555555,0.5265067650676507,0.017643229166666666,masks/AUTOLab+cf2a60c6+2023-11-20-09h-49m-08s/ext1_f00000.png
AUTOLab+cf2a60c6+2023-11-20-09h-49m-08s,ext2,b050,0,459,459,24400334,ok,1.0,auto,0.32250119331742244,0.056830512152777776,False,True,0.012437136748275956,0.03603190104166667,0.32250119331742244,0.056830512152777776,masks/AUTOLab+cf2a60c6+2023-11-20-09h-49m-08s/ext2_f00000.png
AUTOLab+cf2a60c6+2023-11-20-09h-52m-01s,ext2,b050,0,429,429,24400334,ok,1.0,auto,0.6571750422429439,0.01733832465277778,False,True,0.5185445068163592,0.021649305555555557,0.6571750422429439,0.01733832465277778,masks/AUTOLab+cf2a60c6+2023-11-20-09h-52m-01s/ext2_f00000.png
AUTOLab+cf2a60c6+2023-11-21-10h-28m-47s,ext1,b050,0,293,293,22008760,ok,1.0,auto,0.7397583470365339,0.015176866319444444,False,True,0.7295668816899412,0.015307074652777778,0.7397583470365339,0.015176866319444444,masks/AUTOLab+cf2a60c6+2023-11-21-10h-28m-47s/ext1_f00000.png
AUTOLab+cf2a60c6+2023-11-21-11h-20m-49s,ext1,b050,0,84,84,22008760,ok,1.0,auto,1.0,0.024935980902777776,False,True,1.0,0.023307291666666667,1.0,0.024935980902777776,masks/AUTOLab+cf2a60c6+2023-11-21-11h-20m-49s/ext1_f00000.png
AUTOLab+cf2a60c6+2023-11-21-11h-20m-49s,ext1,b100,49,84,84,22008760,ok,1.0,auto,1.0,0.01154296875,False,True,0.9895823557015486,0.011561414930555555,1.0,0.01154296875,masks/AUTOLab+cf2a60c6+2023-11-21-11h-20m-49s/ext1_f00049.png
AUTOLab+cf2a60c6+2023-11-21-11h-20m-49s,ext2,b100,49,84,84,24400334,ok,1.0,auto,0.3219235264651862,0.006498480902777778,False,True,0.2910673732021196,0.005733506944444445,0.3219235264651862,0.006498480902777778,masks/AUTOLab+cf2a60c6+2023-11-21-11h-20m-49s/ext2_f00049.png
AUTOLab+cf2a60c6+2023-11-21-11h-36m-00s,ext1,b050,0,667,667,22008760,ok,1.0,auto,1.0,0.013734809027777777,False,True,0.9996837194591602,0.013722873263888888,1.0,0.013734809027777777,masks/AUTOLab+cf2a60c6+2023-11-21-11h-36m-00s/ext1_f00000.png
AUTOLab+cf2a60c6+2023-12-16-17h-16m-01s,ext1,b050,82,419,419,20521388,ok,1.0,auto,0.5023466953912441,0.014102647569444444,False,True,0.3162912912912913,0.014453125,0.5023466953912441,0.014102647569444444,masks/AUTOLab+cf2a60c6+2023-12-16-17h-16m-01s/ext1_f00082.png
AUTOLab+cf2a60c6+2023-12-16-17h-16m-01s,ext2,b050,82,419,419,24259877,ok,0.5370370370370371,auto,0.36271414890220977,0.030591362847222223,False,True,0.33557564291219955,0.030970052083333335,0.36271414890220977,0.030591362847222223,masks/AUTOLab+cf2a60c6+2023-12-16-17h-16m-01s/ext2_f00082.png
AUTOLab+cf2a60c6+2023-12-16-17h-16m-01s,ext1,b100,98,419,419,20521388,ok,1.0,auto,0.20130241060207932,0.009497612847222222,False,True,0.1303338171262699,0.0074761284722222225,0.20130241060207932,0.009497612847222222,masks/AUTOLab+cf2a60c6+2023-12-16-17h-16m-01s/ext1_f00098.png
AUTOLab+cf2a60c6+2023-12-16-17h-16m-01s,ext2,b100,98,419,419,24259877,ok,1.0,auto,0.6472943384422897,0.017344835069444446,False,True,0.6469115714375118,0.01733832465277778,0.6472943384422897,0.017344835069444446,masks/AUTOLab+cf2a60c6+2023-12-16-17h-16m-01s/ext2_f00098.png
AUTOLab+cf2a60c6+2023-12-16-17h-20m-16s,ext1,b050,56,443,443,20521388,ok,1.0,auto,0.8368409392999557,0.009796006944444444,False,True,0.6562959610815703,0.009590928819444445,0.8368409392999557,0.009796006944444444,masks/AUTOLab+cf2a60c6+2023-12-16-17h-20m-16s/ext1_f00056.png
AUTOLab+cf2a60c6+2023-12-16-17h-20m-16s,ext2,b050,56,443,443,24259877,ok,0.5,auto,0.3459473664451702,0.028902994791666668,False,True,0.2975633768151612,0.026451822916666666,0.3459473664451702,0.028902994791666668,masks/AUTOLab+cf2a60c6+2023-12-16-17h-20m-16s/ext2_f00056.png
AUTOLab+cf2a60c6+2023-12-16-17h-20m-16s,ext1,b100,74,443,443,20521388,ok,1.0,auto,0.4359823399558499,0.004915364583333333,False,True,0.38547203239686156,0.004287109375,0.4359823399558499,0.004915364583333333,masks/AUTOLab+cf2a60c6+2023-12-16-17h-20m-16s/ext1_f00074.png
AUTOLab+cf2a60c6+2023-12-16-17h-20m-16s,ext2,b100,74,443,443,24259877,ok,1.0,auto,0.447264237133286,0.021378038194444445,False,True,0.4287361291252342,0.022587890625,0.447264237133286,0.021378038194444445,masks/AUTOLab+cf2a60c6+2023-12-16-17h-20m-16s/ext2_f00074.png
AUTOLab+cf2a60c6+2023-12-16-17h-36m-21s,ext1,b050,26,97,97,20521388,ok,1.0,auto,0.5707577931394288,0.008319227430555555,False,True,0.20710210338073742,0.012741970486111111,0.5707577931394288,0.008319227430555555,masks/AUTOLab+cf2a60c6+2023-12-16-17h-36m-21s/ext1_f00026.png
AUTOLab+cf2a60c6+2023-12-16-17h-36m-21s,ext2,b050,26,97,97,24259877,ok,0.5370370370370371,auto,1.0,0.01587890625,False,True,0.9441738816738817,0.01203125,1.0,0.01587890625,masks/AUTOLab+cf2a60c6+2023-12-16-17h-36m-21s/ext2_f00026.png
AUTOLab+cf2a60c6+2023-12-16-17h-36m-21s,ext1,b100,35,97,97,20521388,ok,1.0,auto,0.8254810882548109,0.006540798611111111,False,True,0.00014173339947554098,0.015311414930555555,0.8254810882548109,0.006540798611111111,masks/AUTOLab+cf2a60c6+2023-12-16-17h-36m-21s/ext1_f00035.png
AUTOLab+cf2a60c6+2023-12-16-17h-36m-21s,ext2,b100,35,97,97,24259877,ok,1.0,auto,1.0,0.009644097222222222,False,True,0.8807153392330384,0.005885416666666666,1.0,0.009644097222222222,masks/AUTOLab+cf2a60c6+2023-12-16-17h-36m-21s/ext2_f00035.png
AUTOLab+cf2a60c6+2023-12-16-17h-41m-35s,ext1,b050,32,274,274,20521388,ok,1.0,auto,0.8161720772754432,0.021792534722222222,False,True,0.5312235777267786,0.008983289930555555,0.8161720772754432,0.021792534722222222,masks/AUTOLab+cf2a60c6+2023-12-16-17h-41m-35s/ext1_f00032.png
AUTOLab+cf2a60c6+2023-12-16-17h-41m-35s,ext2,b050,32,274,274,24259877,ok,0.5,auto,1.0,0.008315972222222223,False,True,0.0,0.00056640625,1.0,0.008315972222222223,masks/AUTOLab+cf2a60c6+2023-12-16-17h-41m-35s/ext2_f00032.png
AUTOLab+cf2a60c6+2023-12-16-17h-41m-35s,ext1,b100,37,274,274,20521388,ok,1.0,auto,0.8627171492204899,0.012179904513888888,False,True,0.7869542346133613,0.008250868055555555,0.8627171492204899,0.012179904513888888,masks/AUTOLab+cf2a60c6+2023-12-16-17h-41m-35s/ext1_f00037.png
AUTOLab+cf2a60c6+2023-12-16-17h-41m-35s,ext2,b100,37,274,274,24259877,ok,1.0,auto,1.0,0.007624782986111111,False,True,0.0,0.0011317274305555555,1.0,0.007624782986111111,masks/AUTOLab+cf2a60c6+2023-12-16-17h-41m-35s/ext2_f00037.png
AUTOLab+cf2a60c6+2023-12-16-17h-50m-12s,ext1,b050,36,575,575,20521388,ok,1.0,auto,0.5564664310954064,0.007676866319444444,False,True,0.004262788365095305,0.004327256944444444,0.5564664310954064,0.007676866319444444,masks/AUTOLab+cf2a60c6+2023-12-16-17h-50m-12s/ext1_f00036.png
AUTOLab+cf2a60c6+2023-12-16-17h-50m-12s,ext2,b050,36,575,575,24259877,ok,0.5,auto,1.0,0.0110546875,False,True,0.9980612640558356,0.011193576388888888,1.0,0.0110546875,masks/AUTOLab+cf2a60c6+2023-12-16-17h-50m-12s/ext2_f00036.png
AUTOLab+cf2a60c6+2023-12-16-17h-50m-12s,ext1,b100,292,575,575,20521388,ok,1.0,auto,0.774861288945796,0.005084635416666667,False,True,0.0,0.00125,0.774861288945796,0.005084635416666667,masks/AUTOLab+cf2a60c6+2023-12-16-17h-50m-12s/ext1_f00292.png
AUTOLab+cf2a60c6+2023-12-16-17h-50m-12s,ext2,b100,292,575,575,24259877,ok,1.0,auto,1.0,0.004864366319444444,False,True,0.9877216916780355,0.004772135416666667,1.0,0.004864366319444444,masks/AUTOLab+cf2a60c6+2023-12-16-17h-50m-12s/ext2_f00292.png
AUTOLab+cf2a60c6+2023-12-16-17h-53m-09s,ext1,b050,42,249,249,20521388,ok,1.0,auto,0.47259308400364874,0.013084852430555556,False,True,0.38198520030620053,0.012757161458333333,0.47259308400364874,0.013084852430555556,masks/AUTOLab+cf2a60c6+2023-12-16-17h-53m-09s/ext1_f00042.png
AUTOLab+cf2a60c6+2023-12-16-17h-53m-09s,ext2,b050,42,249,249,24259877,ok,0.5555555555555556,auto,1.0,0.009175347222222222,False,True,0.9319444444444445,0.00390625,1.0,0.009175347222222222,masks/AUTOLab+cf2a60c6+2023-12-16-17h-53m-09s/ext2_f00042.png
AUTOLab+cf2a60c6+2023-12-16-17h-53m-09s,ext1,b100,51,249,249,20521388,ok,1.0,auto,0.6632282434984744,0.007468532986111111,False,True,0.5558980106472402,0.007745225694444444,0.6632282434984744,0.007468532986111111,masks/AUTOLab+cf2a60c6+2023-12-16-17h-53m-09s/ext1_f00051.png
AUTOLab+cf2a60c6+2023-12-16-17h-53m-09s,ext2,b100,51,249,249,24259877,ok,1.0,auto,1.0,0.007880859375,False,True,0.3277986073915372,0.002025824652777778,1.0,0.007880859375,masks/AUTOLab+cf2a60c6+2023-12-16-17h-53m-09s/ext2_f00051.png
AUTOLab+cf2a60c6+2023-12-17-15h-52m-26s,ext2,b100,162,591,591,24259877,ok,1.0,auto,0.30572985468956404,0.013142361111111112,False,True,0.27832619900410593,0.012420789930555556,0.30572985468956404,0.013142361111111112,masks/AUTOLab+cf2a60c6+2023-12-17-15h-52m-26s/ext2_f00162.png
AUTOLab+cf2a60c6+2023-12-18-10h-49m-04s,ext2,b050,0,533,533,24259877,ok,1.0,auto,0.4167470516849737,0.03487087673611111,False,True,0.39296900155138603,0.03706922743055555,0.4167470516849737,0.03487087673611111,masks/AUTOLab+cf2a60c6+2023-12-18-10h-49m-04s/ext2_f00000.png
AUTOLab+cf2a60c6+2023-12-18-11h-01m-10s,ext2,b050,0,926,926,24259877,ok,0.9074074074074074,auto,0.9987689151064375,0.021153428819444445,False,True,0.024770429817115525,0.014061414930555556,0.9987689151064375,0.021153428819444445,masks/AUTOLab+cf2a60c6+2023-12-18-11h-01m-10s/ext2_f00000.png
AUTOLab+cf2a60c6+2023-12-18-11h-32m-14s,ext2,b050,0,1262,1262,24259877,ok,0.6851851851851852,auto,1.0,0.007759331597222223,False,True,0.0,0.014350043402777778,1.0,0.007759331597222223,masks/AUTOLab+cf2a60c6+2023-12-18-11h-32m-14s/ext2_f00000.png
AUTOLab+cf2a60c6+2023-12-18-11h-32m-14s,ext2,b100,22,1262,1262,24259877,ok,1.0,auto,1.0,0.006908637152777778,False,True,0.0,0.0014973958333333334,1.0,0.006908637152777778,masks/AUTOLab+cf2a60c6+2023-12-18-11h-32m-14s/ext2_f00022.png
AUTOLab+cf2a60c6+2023-12-18-11h-42m-44s,ext2,b050,14,712,712,24259877,ok,0.5,auto,0.9933684134650039,0.015053168402777779,False,True,0.0,0.0010546875,0.9933684134650039,0.015053168402777779,masks/AUTOLab+cf2a60c6+2023-12-18-11h-42m-44s/ext2_f00014.png
AUTOLab+cf2a60c6+2023-12-18-11h-42m-44s,ext1,b100,27,712,712,20521388,ok,1.0,auto,0.2366071428571429,0.005590277777777777,False,True,0.1836115326251897,0.005005425347222222,0.2366071428571429,0.005590277777777777,masks/AUTOLab+cf2a60c6+2023-12-18-11h-42m-44s/ext1_f00027.png
AUTOLab+cf2a60c6+2023-12-18-11h-42m-44s,ext2,b100,27,712,712,24259877,ok,1.0,auto,1.0,0.018834635416666665,False,True,0.998643531340078,0.019198133680555556,1.0,0.018834635416666665,masks/AUTOLab+cf2a60c6+2023-12-18-11h-42m-44s/ext2_f00027.png
AUTOLab+cf2a60c6+2023-12-18-12h-12m-12s,ext1,b050,28,340,340,20521388,ok,1.0,auto,0.4604163381170162,0.013760850694444444,False,True,0.4538827258320127,0.013693576388888889,0.4604163381170162,0.013760850694444444,masks/AUTOLab+cf2a60c6+2023-12-18-12h-12m-12s/ext1_f00028.png
AUTOLab+cf2a60c6+2023-12-18-12h-12m-12s,ext1,b100,39,340,340,20521388,ok,1.0,auto,0.4632520610419225,0.006185980902777778,False,True,0.42662908307080083,0.006544053819444445,0.4632520610419225,0.006185980902777778,masks/AUTOLab+cf2a60c6+2023-12-18-12h-12m-12s/ext1_f00039.png
AUTOLab+cf2a60c6+2023-12-18-12h-19m-01s,ext1,b050,14,290,290,20521388,ok,1.0,auto,0.46058545580269683,0.01883029513888889,False,True,0.4615206170619962,0.018709852430555556,0.46058545580269683,0.01883029513888889,masks/AUTOLab+cf2a60c6+2023-12-18-12h-19m-01s/ext1_f00014.png
AUTOLab+cf2a60c6+2023-12-18-12h-19m-01s,ext1,b100,20,290,290,20521388,ok,1.0,auto,0.5803317535545024,0.009157986111111112,False,True,0.5585987261146497,0.008517795138888888,0.5803317535545024,0.009157986111111112,masks/AUTOLab+cf2a60c6+2023-12-18-12h-19m-01s/ext1_f00020.png
AUTOLab+cf2a60c6+2023-12-18-12h-25m-14s,ext1,b050,0,676,676,20521388,ok,1.0,auto,0.5051896921975663,0.01212673611111111,False,True,0.4977039915224303,0.01228732638888889,0.5051896921975663,0.01212673611111111,masks/AUTOLab+cf2a60c6+2023-12-18-12h-25m-14s/ext1_f00000.png
AUTOLab+cf2a60c6+2023-12-18-12h-25m-14s,ext1,b100,32,676,676,20521388,ok,1.0,auto,0.41422167889160555,0.005325520833333333,False,True,0.3811457887986319,0.005075954861111111,0.41422167889160555,0.005325520833333333,masks/AUTOLab+cf2a60c6+2023-12-18-12h-25m-14s/ext1_f00032.png
AUTOLab+cf2a60c6+2023-12-18-12h-39m-32s,ext1,b050,0,297,297,20521388,ok,1.0,auto,0.2573579739904175,0.011097005208333333,False,True,0.12517482517482514,0.009309895833333333,0.2573579739904175,0.011097005208333333,masks/AUTOLab+cf2a60c6+2023-12-18-12h-39m-32s/ext1_f00000.png
AUTOLab+cf2a60c6+2023-12-18-12h-39m-32s,ext1,b100,42,297,297,20521388,ok,1.0,auto,0.30415890751086283,0.008740234375,False,True,0.0,0.005257161458333334,0.30415890751086283,0.008740234375,masks/AUTOLab+cf2a60c6+2023-12-18-12h-39m-32s/ext1_f00042.png
AUTOLab+cf2a60c6+2023-12-18-12h-41m-06s,ext1,b050,31,1123,1123,20521388,ok,1.0,auto,0.32715764488692556,0.01645724826388889,False,True,0.31934747145187603,0.016628689236111112,0.32715764488692556,0.01645724826388889,masks/AUTOLab+cf2a60c6+2023-12-18-12h-41m-06s/ext1_f00031.png
AUTOLab+cf2a60c6+2023-12-18-12h-41m-06s,ext1,b100,38,1123,1123,20521388,ok,1.0,auto,0.25597862391449566,0.008121744791666666,False,True,0.24514325646401114,0.007763671875,0.25597862391449566,0.008121744791666666,masks/AUTOLab+cf2a60c6+2023-12-18-12h-41m-06s/ext1_f00038.png
AUTOLab+cf2a60c6+2023-12-18-12h-42m-39s,ext1,b050,25,1221,1221,20521388,ok,1.0,auto,0.5350877192982456,0.010638020833333333,False,True,0.5333604143393926,0.010684678819444444,0.5350877192982456,0.010638020833333333,masks/AUTOLab+cf2a60c6+2023-12-18-12h-42m-39s/ext1_f00025.png
AUTOLab+cf2a60c6+2023-12-18-12h-42m-39s,ext1,b100,33,1221,1221,20521388,ok,1.0,auto,0.5500349895031491,0.004651692708333334,False,True,0.44577636261472187,0.005793185763888889,0.5500349895031491,0.004651692708333334,masks/AUTOLab+cf2a60c6+2023-12-18-12h-42m-39s/ext1_f00033.png
AUTOLab+cf2a60c6+2023-12-18-16h-40m-01s,ext1,b050,0,178,178,20521388,ok,1.0,auto,0.5065287788572026,0.020774739583333333,False,True,0.37031471004243277,0.012274305555555556,0.5065287788572026,0.020774739583333333,masks/AUTOLab+cf2a60c6+2023-12-18-16h-40m-01s/ext1_f00000.png
AUTOLab+cf2a60c6+2023-12-18-16h-40m-01s,ext1,b100,59,178,178,20521388,ok,1.0,auto,0.39701173959445035,0.01830078125,False,True,0.38911338245780847,0.01825954861111111,0.39701173959445035,0.01830078125,masks/AUTOLab+cf2a60c6+2023-12-18-16h-40m-01s/ext1_f00059.png
AUTOLab+cf2a60c6+2023-12-18-17h-14m-40s,ext1,b050,75,568,568,20521388,ok,0.9444444444444444,auto,1.0,0.014893663194444445,False,True,0.8625745526838966,0.017465277777777777,1.0,0.014893663194444445,masks/AUTOLab+cf2a60c6+2023-12-18-17h-14m-40s/ext1_f00075.png
AUTOLab+cf2a60c6+2023-12-18-17h-14m-40s,ext2,b050,75,568,568,24259877,ok,0.5370370370370371,auto,0.7754329190622096,0.031518012152777775,False,True,0.0,0.002744140625,0.7754329190622096,0.031518012152777775,masks/AUTOLab+cf2a60c6+2023-12-18-17h-14m-40s/ext2_f00075.png
AUTOLab+cf2a60c6+2023-12-18-17h-14m-40s,ext1,b100,102,568,568,20521388,ok,1.0,auto,0.9998504449263441,0.014510633680555555,False,True,0.0018545994065282123,0.0029253472222222224,0.9998504449263441,0.014510633680555555,masks/AUTOLab+cf2a60c6+2023-12-18-17h-14m-40s/ext1_f00102.png
AUTOLab+cf2a60c6+2023-12-18-17h-14m-40s,ext2,b100,102,568,568,24259877,ok,1.0,auto,0.9963816415920776,0.005697699652777778,False,True,0.5121168923734853,0.0030447048611111113,0.9963816415920776,0.005697699652777778,masks/AUTOLab+cf2a60c6+2023-12-18-17h-14m-40s/ext2_f00102.png
AUTOLab+cf2a60c6+2023-12-19-12h-04m-58s,ext1,b050,0,132,132,20521388,ok,0.9629629629629629,auto,0.4646233812788457,0.024215494791666667,False,True,0.0009882399446585755,0.010979817708333334,0.4646233812788457,0.024215494791666667,masks/AUTOLab+cf2a60c6+2023-12-19-12h-04m-58s/ext1_f00000.png
AUTOLab+cf2a60c6+2023-12-19-12h-04m-58s,ext1,b100,25,132,132,20521388,ok,1.0,auto,0.924988055422838,0.002271050347222222,False,True,0.22918149466192173,0.0015245225694444444,0.924988055422838,0.002271050347222222,masks/AUTOLab+cf2a60c6+2023-12-19-12h-04m-58s/ext1_f00025.png
AUTOLab+t3d58310+2023-08-12-13h-03m-32s,ext2,b050,0,1562,1562,24400334,ok,0.6296296296296297,auto,0.4921527370563278,0.03145724826388889,False,True,0.003401360544217691,0.0070182291666666665,0.4921527370563278,0.03145724826388889,masks/AUTOLab+t3d58310+2023-08-12-13h-03m-32s/ext2_f00000.png
AUTOLab+t3d58310+2023-08-12-13h-03m-32s,ext2,b100,35,1562,1562,24400334,ok,1.0,auto,0.30581213585334655,0.030542534722222223,False,True,0.008575899843505486,0.017333984375,0.30581213585334655,0.030542534722222223,masks/AUTOLab+t3d58310+2023-08-12-13h-03m-32s/ext2_f00035.png
AUTOLab+t3d58310+2023-08-19-17h-40m-34s,ext2,b050,0,771,771,24400334,ok,0.8333333333333334,auto,0.33158176943699735,0.010118272569444444,False,True,0.0,0.0005360243055555555,0.33158176943699735,0.010118272569444444,masks/AUTOLab+t3d58310+2023-08-19-17h-40m-34s/ext2_f00000.png
AUTOLab+t3d58310+2023-08-19-17h-41m-40s,ext2,b050,28,1221,1221,24400334,ok,0.5,auto,0.8174366616989568,0.0014561631944444444,False,True,0.0,0.013020833333333334,0.8174366616989568,0.0014561631944444444,masks/AUTOLab+t3d58310+2023-08-19-17h-41m-40s/ext2_f00028.png
AUTOLab+t3d58310+2023-09-02-15h-15m-44s,ext1,b050,52,972,972,22008760,ok,0.5,auto,0.9994953318193288,0.004300130208333333,False,True,0.0,0.0018587239583333333,0.9994953318193288,0.004300130208333333,masks/AUTOLab+t3d58310+2023-09-02-15h-15m-44s/ext1_f00052.png
CLVR+13759f6e+2023-05-15-00h-57m-17s,ext1,b050,39,184,184,20103212,ok,0.5,auto,0.9792707511613639,0.024759114583333332,False,True,0.0,0.0055414496527777775,0.9792707511613639,0.024759114583333332,masks/CLVR+13759f6e+2023-05-15-00h-57m-17s/ext1_f00039.png
CLVR+13759f6e+2023-05-15-01h-03m-33s,ext1,b050,79,235,235,20103212,ok,0.5,auto,0.9992299329588694,0.023953993055555556,False,True,0.0,0.012184244791666667,0.9992299329588694,0.023953993055555556,masks/CLVR+13759f6e+2023-05-15-01h-03m-33s/ext1_f00079.png
CLVR+13759f6e+2023-05-15-22h-10m-46s,ext1,b050,70,224,224,20103212,ok,0.5,auto,1.0,0.019239366319444444,False,True,0.019230769230769273,5.642361111111111e-05,1.0,0.019239366319444444,masks/CLVR+13759f6e+2023-05-15-22h-10m-46s/ext1_f00070.png
CLVR+13759f6e+2023-05-15-22h-10m-46s,ext2,b050,70,224,224,20655732,ok,1.0,auto,0.6322269807280514,0.024322916666666666,False,True,0.6253940066592675,0.024441189236111112,0.6322269807280514,0.024322916666666666,masks/CLVR+13759f6e+2023-05-15-22h-10m-46s/ext2_f00070.png
CLVR+13759f6e+2023-05-15-22h-10m-46s,ext1,b100,110,224,224,20103212,ok,1.0,auto,1.0,0.015596788194444445,False,True,1.0,0.01481662326388889,1.0,0.015596788194444445,masks/CLVR+13759f6e+2023-05-15-22h-10m-46s/ext1_f00110.png
CLVR+13759f6e+2023-05-15-22h-10m-46s,ext2,b100,110,224,224,20655732,ok,1.0,auto,0.5133177959047778,0.013036024305555555,False,True,0.4125043660495983,0.012426215277777777,0.5133177959047778,0.013036024305555555,masks/CLVR+13759f6e+2023-05-15-22h-10m-46s/ext2_f00110.png
CLVR+13759f6e+2023-05-15-23h-24m-03s,ext1,b050,19,236,236,20103212,ok,0.5370370370370371,auto,1.0,0.0014680989583333334,False,True,0.0003676470588235281,0.02361111111111111,1.0,0.0014680989583333334,masks/CLVR+13759f6e+2023-05-15-23h-24m-03s/ext1_f00019.png
CLVR+13759f6e+2023-05-15-23h-24m-03s,ext1,b100,35,236,236,20103212,ok,1.0,auto,1.0,0.012547743055555555,False,True,1.0,0.01115993923611111,1.0,0.012547743055555555,masks/CLVR+13759f6e+2023-05-15-23h-24m-03s/ext1_f00035.png
CLVR+13759f6e+2023-05-15-23h-26m-52s,ext1,b050,18,224,224,20103212,ok,0.5,auto,1.0,0.00919921875,False,True,0.8798387096774194,0.010763888888888889,1.0,0.00919921875,masks/CLVR+13759f6e+2023-05-15-23h-26m-52s/ext1_f00018.png
CLVR+13759f6e+2023-05-15-23h-26m-52s,ext1,b100,37,224,224,20103212,ok,1.0,auto,1.0,0.017360026041666667,False,True,1.0,0.017376302083333333,1.0,0.017360026041666667,masks/CLVR+13759f6e+2023-05-15-23h-26m-52s/ext1_f00037.png
CLVR+13759f6e+2023-05-15-23h-41m-47s,ext1,b050,27,288,288,20103212,ok,0.5,auto,0.6547874624302276,0.002527126736111111,False,True,0.0,0.03222113715277778,0.6547874624302276,0.002527126736111111,masks/CLVR+13759f6e+2023-05-15-23h-41m-47s/ext1_f00027.png
CLVR+13759f6e+2023-05-15-23h-41m-47s,ext1,b100,86,288,288,20103212,ok,1.0,auto,1.0,0.011692708333333333,False,True,0.8761935852444299,0.013295355902777778,1.0,0.011692708333333333,masks/CLVR+13759f6e+2023-05-15-23h-41m-47s/ext1_f00086.png
CLVR+13759f6e+2023-05-16-13h-58m-29s,ext2,b050,42,264,264,20655732,ok,1.0,auto,0.2049979044425817,0.020711805555555556,False,True,0.16685601383057547,0.021967230902777777,0.2049979044425817,0.020711805555555556,masks/CLVR+13759f6e+2023-05-16-13h-58m-29s/ext2_f00042.png
CLVR+13759f6e+2023-05-16-13h-58m-29s,ext2,b100,49,264,264,20655732,ok,1.0,auto,0.29912162696842604,0.013712022569444444,False,True,0.23614787768142398,0.01188693576388889,0.29912162696842604,0.013712022569444444,masks/CLVR+13759f6e+2023-05-16-13h-58m-29s/ext2_f00049.png
CLVR+13759f6e+2023-05-16-14h-00m-56s,ext1,b050,35,243,243,20103212,ok,0.5185185185185185,auto,0.20410030665743395,0.04387586805555556,False,True,0.10733910641848154,0.037715928819444446,0.20410030665743395,0.04387586805555556,masks/CLVR+13759f6e+2023-05-16-14h-00m-56s/ext1_f00035.png
CLVR+13759f6e+2023-05-16-14h-00m-56s,ext2,b050,35,243,243,20655732,ok,1.0,auto,0.32338936377717864,0.018913845486111112,False,True,0.22655746162775703,0.016825086805555556,0.32338936377717864,0.018913845486111112,masks/CLVR+13759f6e+2023-05-16-14h-00m-56s/ext2_f00035.png
CLVR+13759f6e+2023-05-16-14h-00m-56s,ext2,b100,45,243,243,20655732,ok,1.0,auto,0.574010237125248,0.010387369791666667,False,True,0.5362044486512068,0.011463758680555556,0.574010237125248,0.010387369791666667,masks/CLVR+13759f6e+2023-05-16-14h-00m-56s/ext2_f00045.png
CLVR+13759f6e+2023-05-16-14h-48m-00s,ext2,b050,16,274,274,20655732,ok,1.0,auto,0.5431903686982693,0.014420572916666667,False,True,0.464808988764045,0.012071397569444444,0.5431903686982693,0.014420572916666667,masks/CLVR+13759f6e+2023-05-16-14h-48m-00s/ext2_f00016.png
CLVR+13759f6e+2023-05-16-14h-48m-00s,ext2,b100,24,274,274,20655732,ok,1.0,auto,0.5607153370621136,0.01474392361111111,False,True,0.5047603140136964,0.012992621527777777,0.5607153370621136,0.01474392361111111,masks/CLVR+13759f6e+2023-05-16-14h-48m-00s/ext2_f00024.png
CLVR+13759f6e+2023-05-16-21h-52m-56s,ext1,b050,44,301,301,20103212,ok,0.5,auto,0.4013366023410313,0.027439236111111112,False,True,0.002651560805110309,0.009002821180555556,0.4013366023410313,0.027439236111111112,masks/CLVR+13759f6e+2023-05-16-21h-52m-56s/ext1_f00044.png
CLVR+13759f6e+2023-05-16-21h-52m-56s,ext2,b050,44,301,301,20655732,ok,1.0,auto,0.3363710416454536,0.02131293402777778,False,True,0.32743086297588664,0.020834418402777777,0.3363710416454536,0.02131293402777778,masks/CLVR+13759f6e+2023-05-16-21h-52m-56s/ext2_f00044.png
CLVR+13759f6e+2023-05-16-21h-52m-56s,ext2,b100,54,301,301,20655732,ok,1.0,auto,0.3487997022517214,0.01749240451388889,False,True,0.34138601036269434,0.01675347222222222,0.3487997022517214,0.01749240451388889,masks/CLVR+13759f6e+2023-05-16-21h-52m-56s/ext2_f00054.png
CLVR+13759f6e+2023-05-16-22h-07m-43s,ext1,b050,28,173,173,20103212,ok,0.5,auto,0.6361517029624154,0.057249348958333335,False,True,0.0,0.0124609375,0.6361517029624154,0.057249348958333335,masks/CLVR+13759f6e+2023-05-16-22h-07m-43s/ext1_f00028.png
CLVR+13759f6e+2023-05-16-22h-07m-43s,ext2,b050,28,173,173,20655732,ok,1.0,auto,0.5188867768192231,0.022262369791666667,False,True,0.42551588221655456,0.018719618055555557,0.5188867768192231,0.022262369791666667,masks/CLVR+13759f6e+2023-05-16-22h-07m-43s/ext2_f00028.png
CLVR+13759f6e+2023-05-16-22h-07m-43s,ext2,b100,36,173,173,20655732,ok,1.0,auto,0.5884386012469505,0.016011284722222224,False,True,0.5483358652119873,0.015713975694444444,0.5884386012469505,0.016011284722222224,masks/CLVR+13759f6e+2023-05-16-22h-07m-43s/ext2_f00036.png
CLVR+13759f6e+2023-05-16-22h-12m-26s,ext1,b050,36,197,197,20103212,ok,0.5,auto,0.7989373102339703,0.024301215277777777,False,True,0.7969968364300672,0.024352213541666667,0.7989373102339703,0.024301215277777777,masks/CLVR+13759f6e+2023-05-16-22h-12m-26s/ext1_f00036.png
CLVR+13759f6e+2023-05-16-22h-12m-26s,ext2,b050,36,197,197,20655732,ok,1.0,auto,0.4497846293357516,0.009572482638888888,False,True,0.3814872192099148,0.008404947916666667,0.4497846293357516,0.009572482638888888,masks/CLVR+13759f6e+2023-05-16-22h-12m-26s/ext2_f00036.png
CLVR+13759f6e+2023-05-16-22h-12m-26s,ext1,b100,95,197,197,20103212,ok,1.0,auto,0.22989189189189185,0.020073784722222224,False,True,0.21528640831544454,0.019207899305555557,0.22989189189189185,0.020073784722222224,masks/CLVR+13759f6e+2023-05-16-22h-12m-26s/ext1_f00095.png
CLVR+13759f6e+2023-05-16-22h-12m-26s,ext2,b100,95,197,197,20655732,ok,1.0,auto,0.45022522522522523,0.009635416666666667,False,True,0.2204521316947352,0.007151692708333333,0.45022522522522523,0.009635416666666667,masks/CLVR+13759f6e+2023-05-16-22h-12m-26s/ext2_f00095.png
CLVR+13759f6e+2023-05-16-22h-23m-59s,ext1,b050,58,171,171,20103212,ok,0.5185185185185185,auto,0.7673213900280595,0.015081380208333333,False,True,0.5662269854355593,0.007897135416666666,0.7673213900280595,0.015081380208333333,masks/CLVR+13759f6e+2023-05-16-22h-23m-59s/ext1_f00058.png
CLVR+13759f6e+2023-05-16-22h-23m-59s,ext2,b050,58,171,171,20655732,ok,1.0,auto,0.3831137140068326,0.006669921875,False,True,0.3796835970024979,0.006515842013888889,0.3831137140068326,0.006669921875,masks/CLVR+13759f6e+2023-05-16-22h-23m-59s/ext2_f00058.png
CLVR+13759f6e+2023-05-16-22h-23m-59s,ext1,b100,88,171,171,20103212,ok,1.0,auto,0.29143150333504364,0.01057400173611111,False,True,0.00658978583196046,0.004610460069444444,0.29143150333504364,0.01057400173611111,masks/CLVR+13759f6e+2023-05-16-22h-23m-59s/ext1_f00088.png
CLVR+13759f6e+2023-05-16-22h-23m-59s,ext2,b100,88,171,171,20655732,ok,1.0,auto,0.26168224299065423,0.004527994791666667,False,True,0.1169429097605893,0.00353515625,0.26168224299065423,0.004527994791666667,masks/CLVR+13759f6e+2023-05-16-22h-23m-59s/ext2_f00088.png
CLVR+13759f6e+2023-05-17-17h-10m-15s,ext1,b100,33,222,222,20103212,ok,1.0,auto,0.4951575772009209,0.027337239583333332,False,True,0.3430155796144706,0.020545789930555555,0.4951575772009209,0.027337239583333332,masks/CLVR+13759f6e+2023-05-17-17h-10m-15s/ext1_f00033.png
CLVR+13759f6e+2023-05-17-17h-35m-09s,ext1,b050,25,202,202,20103212,ok,0.5185185185185185,auto,1.0,0.01892361111111111,False,True,0.0,0.003352864583333333,1.0,0.01892361111111111,masks/CLVR+13759f6e+2023-05-17-17h-35m-09s/ext1_f00025.png
CLVR+13759f6e+2023-05-17-17h-35m-09s,ext1,b100,75,202,202,20103212,ok,1.0,auto,0.39990029910269187,0.021766493055555555,False,True,0.14378191757174708,0.015085720486111112,0.39990029910269187,0.021766493055555555,masks/CLVR+13759f6e+2023-05-17-17h-35m-09s/ext1_f00075.png
CLVR+13759f6e+2023-05-17-17h-38m-15s,ext1,b050,42,300,300,20103212,ok,0.5185185185185185,auto,0.5078629032258064,0.010763888888888889,False,True,0.09449785232153818,0.005304904513888889,0.5078629032258064,0.010763888888888889,masks/CLVR+13759f6e+2023-05-17-17h-38m-15s/ext1_f00042.png
CLVR+13759f6e+2023-05-17-17h-38m-15s,ext1,b100,68,300,300,20103212,ok,1.0,auto,0.6195914224083239,0.017102864583333332,False,True,0.2693319964907883,0.008657769097222223,0.6195914224083239,0.017102864583333332,masks/CLVR+13759f6e+2023-05-17-17h-38m-15s/ext1_f00068.png
CLVR+13759f6e+2023-05-17-17h-52m-31s,ext1,b050,34,227,227,20103212,ok,0.5925925925925926,auto,1.0,0.01968315972222222,False,True,0.0,0.0015516493055555555,1.0,0.01968315972222222,masks/CLVR+13759f6e+2023-05-17-17h-52m-31s/ext1_f00034.png
CLVR+13759f6e+2023-05-17-17h-52m-31s,ext2,b050,34,227,227,20655732,ok,1.0,auto,1.0,0.009249131944444445,False,True,0.9974628070580095,0.009408637152777777,1.0,0.009249131944444445,masks/CLVR+13759f6e+2023-05-17-17h-52m-31s/ext2_f00034.png
CLVR+13759f6e+2023-05-17-17h-52m-31s,ext1,b100,46,227,227,20103212,ok,1.0,box(auto empty),1.0,0.00033094618055555557,True,True,0.1804835924006909,0.0012565104166666666,0.1804835924006909,0.0012565104166666666,masks/CLVR+13759f6e+2023-05-17-17h-52m-31s/ext1_f00046.png
CLVR+13759f6e+2023-05-17-17h-52m-31s,ext2,b100,46,227,227,20655732,ok,1.0,auto,1.0,0.006473524305555555,False,True,1.0,0.006208767361111111,1.0,0.006473524305555555,masks/CLVR+13759f6e+2023-05-17-17h-52m-31s/ext2_f00046.png
CLVR+13759f6e+2023-05-17-18h-07m-41s,ext1,b050,135,341,341,20103212,ok,0.5,auto,1.0,0.018018663194444444,False,True,0.0,0.0010687934027777779,1.0,0.018018663194444444,masks/CLVR+13759f6e+2023-05-17-18h-07m-41s/ext1_f00135.png
CLVR+13759f6e+2023-05-17-18h-11m-21s,ext1,b050,70,189,189,20103212,ok,0.5,auto,0.0,0.0003938802083333333,True,False,0.0,0.0010416666666666667,0.0,0.0003938802083333333,masks/CLVR+13759f6e+2023-05-17-18h-11m-21s/ext1_f00070.png
CLVR+13759f6e+2023-05-17-21h-53m-35s,ext1,b050,0,257,257,20103212,ok,1.0,auto,1.0,0.0028851996527777778,False,True,0.10569105691056913,0.001201171875,1.0,0.0028851996527777778,masks/CLVR+13759f6e+2023-05-17-21h-53m-35s/ext1_f00000.png
CLVR+13759f6e+2023-05-17-21h-53m-35s,ext1,b100,23,257,257,20103212,ok,1.0,auto,1.0,0.002900390625,False,True,0.9821763602251408,0.0023133680555555555,1.0,0.002900390625,masks/CLVR+13759f6e+2023-05-17-21h-53m-35s/ext1_f00023.png
CLVR+13759f6e+2023-05-17-21h-54m-27s,ext1,b050,0,436,436,20103212,ok,1.0,auto,0.0,0.00012261284722222223,True,False,0.0,0.00010959201388888889,0.0,0.00012261284722222223,masks/CLVR+13759f6e+2023-05-17-21h-54m-27s/ext1_f00000.png
CLVR+13759f6e+2023-05-17-21h-54m-27s,ext1,b100,23,436,436,20103212,ok,1.0,auto,0.8230475150191152,0.001986762152777778,False,True,0.8260368663594471,0.0018836805555555555,0.8230475150191152,0.001986762152777778,masks/CLVR+13759f6e+2023-05-17-21h-54m-27s/ext1_f00023.png
CLVR+13759f6e+2023-05-17-21h-57m-56s,ext1,b050,20,131,131,20103212,ok,0.9814814814814815,auto,1.0,0.004396701388888889,False,True,0.18803418803418803,0.00025390625,1.0,0.004396701388888889,masks/CLVR+13759f6e+2023-05-17-21h-57m-56s/ext1_f00020.png
CLVR+13759f6e+2023-05-17-21h-57m-56s,ext1,b100,26,131,131,20103212,ok,1.0,auto,0.5184534270650263,0.0018522135416666667,False,True,0.51879235982748,0.0017610677083333332,0.5184534270650263,0.0018522135416666667,masks/CLVR+13759f6e+2023-05-17-21h-57m-56s/ext1_f00026.png
CLVR+13759f6e+2023-05-17-22h-12m-16s,ext1,b050,18,153,153,20103212,ok,0.8888888888888888,auto,1.0,0.007613932291666667,False,True,0.0,0.00020182291666666667,1.0,0.007613932291666667,masks/CLVR+13759f6e+2023-05-17-22h-12m-16s/ext1_f00018.png
CLVR+13759f6e+2023-05-17-22h-12m-16s,ext1,b100,25,153,153,20103212,ok,1.0,auto,1.0,0.000634765625,False,True,1.0,0.0005967881944444445,1.0,0.000634765625,masks/CLVR+13759f6e+2023-05-17-22h-12m-16s/ext1_f00025.png
CLVR+13759f6e+2023-05-18-15h-32m-26s,ext1,b050,93,212,212,20103212,ok,0.5,box(auto empty),0.12244897959183676,0.00015950520833333333,True,False,0.0,0.0006304253472222222,0.0,0.0006304253472222222,masks/CLVR+13759f6e+2023-05-18-15h-32m-26s/ext1_f00093.png
CLVR+13759f6e+2023-05-18-17h-44m-10s,ext2,b050,32,233,233,20655732,ok,1.0,auto,0.4443838232285344,0.01591037326388889,False,True,0.4390895040044963,0.015444878472222222,0.4443838232285344,0.01591037326388889,masks/CLVR+13759f6e+2023-05-18-17h-44m-10s/ext2_f00032.png
CLVR+13759f6e+2023-05-18-17h-44m-10s,ext2,b100,41,233,233,20655732,ok,1.0,auto,0.4730085320149908,0.013607855902777778,False,True,0.4443466783985922,0.012331814236111112,0.4730085320149908,0.013607855902777778,masks/CLVR+13759f6e+2023-05-18-17h-44m-10s/ext2_f00041.png
CLVR+13759f6e+2023-05-19-20h-52m-07s,ext1,b050,21,161,161,20103212,ok,0.5,auto,0.43491367497944644,0.003959418402777777,False,True,0.0,0.0022298177083333332,0.43491367497944644,0.003959418402777777,masks/CLVR+13759f6e+2023-05-19-20h-52m-07s/ext1_f00021.png
CLVR+13759f6e+2023-05-19-21h-51m-05s,ext1,b050,27,201,201,20103212,ok,0.5,auto,1.0,0.006124131944444444,False,True,0.0,0.002419704861111111,1.0,0.006124131944444444,masks/CLVR+13759f6e+2023-05-19-21h-51m-05s/ext1_f00027.png
CLVR+13759f6e+2023-05-19-21h-51m-05s,ext2,b050,27,201,201,20655732,ok,1.0,auto,0.800964592400894,0.018448350694444445,False,True,0.7667695946389856,0.01651584201388889,0.800964592400894,0.018448350694444445,masks/CLVR+13759f6e+2023-05-19-21h-51m-05s/ext2_f00027.png
CLVR+13759f6e+2023-05-19-21h-51m-05s,ext1,b100,47,201,201,20103212,ok,1.0,box(auto empty),0.007968127490039834,0.0002723524305555556,True,False,0.0,0.006807725694444444,0.0,0.006807725694444444,masks/CLVR+13759f6e+2023-05-19-21h-51m-05s/ext1_f00047.png
CLVR+13759f6e+2023-05-19-21h-51m-05s,ext2,b100,47,201,201,20655732,ok,1.0,auto,0.8533258173618941,0.009624565972222223,False,True,0.5846099038118988,0.0030457899305555555,0.8533258173618941,0.009624565972222223,masks/CLVR+13759f6e+2023-05-19-21h-51m-05s/ext2_f00047.png
CLVR+13759f6e+2023-05-19-21h-52m-54s,ext2,b050,22,199,199,20655732,ok,1.0,auto,0.44966682532127555,0.027356770833333332,False,True,0.3686448511739693,0.0234765625,0.44966682532127555,0.027356770833333332,masks/CLVR+13759f6e+2023-05-19-21h-52m-54s/ext2_f00022.png
CLVR+13759f6e+2023-05-19-21h-52m-54s,ext2,b100,38,199,199,20655732,ok,1.0,auto,0.4448923540356162,0.024494357638888888,False,True,0.03357038276511193,0.010375434027777778,0.4448923540356162,0.024494357638888888,masks/CLVR+13759f6e+2023-05-19-21h-52m-54s/ext2_f00038.png
CLVR+13759f6e+2023-05-19-21h-54m-55s,ext2,b050,22,223,223,20655732,ok,1.0,auto,0.3980318492766626,0.038702256944444444,False,True,0.34946922870196184,0.03230034722222222,0.3980318492766626,0.038702256944444444,masks/CLVR+13759f6e+2023-05-19-21h-54m-55s/ext2_f00022.png
CLVR+13759f6e+2023-05-19-21h-54m-55s,ext2,b100,30,223,223,20655732,ok,1.0,auto,0.7395816701261376,0.020387369791666665,False,True,0.6943217412256044,0.013510199652777779,0.7395816701261376,0.020387369791666665,masks/CLVR+13759f6e+2023-05-19-21h-54m-55s/ext2_f00030.png
CLVR+13759f6e+2023-05-19-21h-56m-36s,ext2,b050,19,256,256,20655732,ok,1.0,auto,0.5839335406776887,0.026514756944444443,False,True,0.4570596797671034,0.019381510416666668,0.5839335406776887,0.026514756944444443,masks/CLVR+13759f6e+2023-05-19-21h-56m-36s/ext2_f00019.png
CLVR+13759f6e+2023-05-19-21h-56m-36s,ext2,b100,32,256,256,20655732,ok,1.0,auto,0.7002673044456951,0.015425347222222222,False,True,0.44543635524088043,0.007049696180555555,0.7002673044456951,0.015425347222222222,masks/CLVR+13759f6e+2023-05-19-21h-56m-36s/ext2_f00032.png
CLVR+13759f6e+2023-05-19-22h-01m-34s,ext1,b050,43,265,265,20103212,ok,0.5,auto,0.31117994931005355,0.007706163194444444,False,True,0.04548380175927913,0.005057508680555556,0.31117994931005355,0.007706163194444444,masks/CLVR+13759f6e+2023-05-19-22h-01m-34s/ext1_f00043.png
CLVR+13759f6e+2023-05-19-22h-01m-34s,ext2,b050,43,265,265,20655732,ok,1.0,auto,0.6990555998935888,0.032630208333333334,False,True,0.5656478158643732,0.01753689236111111,0.6990555998935888,0.032630208333333334,masks/CLVR+13759f6e+2023-05-19-22h-01m-34s/ext2_f00043.png
CLVR+13759f6e+2023-05-19-22h-01m-34s,ext2,b100,159,265,265,20655732,ok,1.0,auto,1.0,0.009521484375,False,True,0.9661121380160197,0.01056640625,1.0,0.009521484375,masks/CLVR+13759f6e+2023-05-19-22h-01m-34s/ext2_f00159.png
CLVR+13759f6e+2023-05-19-22h-43m-05s,ext1,b050,21,156,156,20103212,ok,0.5,auto,1.0,0.003688151041666667,False,True,0.08696305196755783,0.007224392361111111,1.0,0.003688151041666667,masks/CLVR+13759f6e+2023-05-19-22h-43m-05s/ext1_f00021.png
CLVR+13759f6e+2023-05-19-22h-43m-05s,ext2,b050,21,156,156,20655732,ok,0.8333333333333334,auto,1.0,0.008597005208333333,False,True,0.0,0.006737196180555556,1.0,0.008597005208333333,masks/CLVR+13759f6e+2023-05-19-22h-43m-05s/ext2_f00021.png
CLVR+13759f6e+2023-05-19-22h-43m-05s,ext2,b100,42,156,156,20655732,ok,1.0,auto,1.0,0.01986328125,False,True,0.0013978194017333356,0.0038812934027777778,1.0,0.01986328125,masks/CLVR+13759f6e+2023-05-19-22h-43m-05s/ext2_f00042.png
CLVR+13759f6e+2023-05-19-23h-16m-50s,ext1,b050,18,119,119,20103212,ok,0.5,auto,0.40601023017902815,0.0016970486111111112,False,True,0.0,0.0009830729166666666,0.40601023017902815,0.0016970486111111112,masks/CLVR+13759f6e+2023-05-19-23h-16m-50s/ext1_f00018.png
CLVR+13759f6e+2023-05-20-15h-22m-44s,ext1,b050,0,227,227,20103212,ok,0.5740740740740741,auto,1.0,0.003931206597222223,False,True,0.0,0.0018088107638888889,1.0,0.003931206597222223,masks/CLVR+13759f6e+2023-05-20-15h-22m-44s/ext1_f00000.png
CLVR+13759f6e+2023-05-20-15h-22m-44s,ext2,b050,0,227,227,20655732,ok,1.0,auto,0.8052434456928839,0.006953125,False,True,0.1346328195829556,0.0023936631944444444,0.8052434456928839,0.006953125,masks/CLVR+13759f6e+2023-05-20-15h-22m-44s/ext2_f00000.png
CLVR+13759f6e+2023-05-20-15h-22m-44s,ext1,b100,30,227,227,20103212,ok,1.0,auto,0.9939367691641403,0.0050108506944444445,False,True,0.40600122473974276,0.0035438368055555557,0.9939367691641403,0.0050108506944444445,masks/CLVR+13759f6e+2023-05-20-15h-22m-44s/ext1_f00030.png
CLVR+13759f6e+2023-05-20-15h-22m-44s,ext2,b100,30,227,227,20655732,ok,1.0,auto,0.7330804846813122,0.02202907986111111,False,True,0.2554143126177024,0.004609375,0.7330804846813122,0.02202907986111111,masks/CLVR+13759f6e+2023-05-20-15h-22m-44s/ext2_f00030.png
CLVR+13759f6e+2023-05-20-15h-25m-34s,ext1,b050,19,180,180,20103212,ok,0.5,auto,1.0,0.005416666666666667,False,True,0.0,0.0017632378472222222,1.0,0.005416666666666667,masks/CLVR+13759f6e+2023-05-20-15h-25m-34s/ext1_f00019.png
CLVR+13759f6e+2023-05-20-15h-25m-34s,ext2,b050,19,180,180,20655732,ok,0.8518518518518519,auto,0.5143231604568432,0.005795355902777778,False,True,0.009265175718849883,0.003396267361111111,0.5143231604568432,0.005795355902777778,masks/CLVR+13759f6e+2023-05-20-15h-25m-34s/ext2_f00019.png
CLVR+13759f6e+2023-05-20-15h-25m-34s,ext1,b100,27,180,180,20103212,ok,1.0,auto,0.9963552915766739,0.008038194444444445,False,True,0.606221454141464,0.008790147569444445,0.9963552915766739,0.008038194444444445,masks/CLVR+13759f6e+2023-05-20-15h-25m-34s/ext1_f00027.png
CLVR+13759f6e+2023-05-20-15h-25m-34s,ext2,b100,27,180,180,20655732,ok,1.0,auto,0.7092198581560284,0.020654296875,False,True,0.09642372114078768,0.0023969184027777778,0.7092198581560284,0.020654296875,masks/CLVR+13759f6e+2023-05-20-15h-25m-34s/ext2_f00027.png
CLVR+13759f6e+2023-05-20-15h-25m-58s,ext1,b050,19,179,179,20103212,ok,0.5370370370370371,auto,1.0,0.004670138888888889,False,True,0.0,0.0018218315972222223,1.0,0.004670138888888889,masks/CLVR+13759f6e+2023-05-20-15h-25m-58s/ext1_f00019.png
CLVR+13759f6e+2023-05-20-15h-25m-58s,ext2,b050,19,179,179,20655732,ok,0.9814814814814815,auto,0.8941618911174785,0.006059027777777778,False,True,0.002116402116402072,0.001025390625,0.8941618911174785,0.006059027777777778,masks/CLVR+13759f6e+2023-05-20-15h-25m-58s/ext2_f00019.png
CLVR+13759f6e+2023-05-20-15h-25m-58s,ext1,b100,51,179,179,20103212,ok,1.0,auto,0.9984101748807631,0.0027300347222222222,False,True,0.5575611712795828,0.002705078125,0.9984101748807631,0.0027300347222222222,masks/CLVR+13759f6e+2023-05-20-15h-25m-58s/ext1_f00051.png
CLVR+13759f6e+2023-05-20-15h-25m-58s,ext2,b100,51,179,179,20655732,ok,1.0,auto,0.5765635074145712,0.0201953125,False,True,0.0007900454276120739,0.005493706597222222,0.5765635074145712,0.0201953125,masks/CLVR+13759f6e+2023-05-20-15h-25m-58s/ext2_f00051.png
CLVR+13759f6e+2023-05-20-17h-33m-35s,ext2,b100,48,170,170,20655732,ok,1.0,auto,1.0,0.0071538628472222225,False,True,0.0,0.009850260416666666,1.0,0.0071538628472222225,masks/CLVR+13759f6e+2023-05-20-17h-33m-35s/ext2_f00048.png
CLVR+13759f6e+2023-06-03-00h-01m-15s,ext1,b050,84,113,113,20103212,ok,0.5,auto,1.0,0.003833550347222222,False,True,0.0,0.0032118055555555554,1.0,0.003833550347222222,masks/CLVR+13759f6e+2023-06-03-00h-01m-15s/ext1_f00084.png
CLVR+13759f6e+2023-06-03-00h-38m-37s,ext1,b050,43,227,227,20103212,ok,0.5,auto,1.0,0.010731336805555556,False,True,0.8799524564183835,0.002738715277777778,1.0,0.010731336805555556,masks/CLVR+13759f6e+2023-06-03-00h-38m-37s/ext1_f00043.png
CLVR+13759f6e+2023-06-03-00h-38m-37s,ext2,b050,43,227,227,20655732,ok,1.0,auto,0.2599748485194924,0.009491102430555556,False,True,0.09185230393652732,0.007111545138888889,0.2599748485194924,0.009491102430555556,masks/CLVR+13759f6e+2023-06-03-00h-38m-37s/ext2_f00043.png
CLVR+13759f6e+2023-06-03-17h-47m-31s,ext1,b050,105,249,249,20103212,ok,0.5,auto,1.0,0.006990017361111111,False,True,0.0003079386586192223,0.017618272569444444,1.0,0.006990017361111111,masks/CLVR+13759f6e+2023-06-03-17h-47m-31s/ext1_f00105.png
CLVR+13759f6e+2023-06-03-22h-12m-07s,ext1,b050,26,309,309,20103212,ok,0.5555555555555556,auto,1.0,0.008377821180555555,False,True,0.0,0.0015104166666666666,1.0,0.008377821180555555,masks/CLVR+13759f6e+2023-06-03-22h-12m-07s/ext1_f00026.png
CLVR+13759f6e+2023-06-03-22h-12m-07s,ext1,b100,35,309,309,20103212,ok,1.0,auto,1.0,0.017641059027777777,False,True,0.0,0.0019227430555555556,1.0,0.017641059027777777,masks/CLVR+13759f6e+2023-06-03-22h-12m-07s/ext1_f00035.png
CLVR+13759f6e+2023-06-03-22h-54m-58s,ext1,b050,31,283,283,20103212,ok,0.5,auto,0.8652983787512936,0.006291232638888889,False,True,0.0,0.01056640625,0.8652983787512936,0.006291232638888889,masks/CLVR+13759f6e+2023-06-03-22h-54m-58s/ext1_f00031.png
CLVR+13759f6e+2023-06-03-23h-57m-50s,ext1,b050,0,210,210,20103212,ok,0.9444444444444444,auto,0.382023742227247,0.028792317708333334,False,True,0.0,0.012643229166666667,0.382023742227247,0.028792317708333334,masks/CLVR+13759f6e+2023-06-03-23h-57m-50s/ext1_f00000.png
CLVR+13759f6e+2023-06-03-23h-57m-50s,ext1,b100,19,210,210,20103212,ok,1.0,auto,0.3136609745939192,0.02605251736111111,False,True,0.0,0.012087673611111112,0.3136609745939192,0.02605251736111111,masks/CLVR+13759f6e+2023-06-03-23h-57m-50s/ext1_f00019.png
CLVR+13759f6e+2023-06-04-00h-00m-11s,ext1,b050,16,166,166,20103212,ok,1.0,auto,0.2220907831142056,0.032103949652777776,False,True,0.0,0.012556423611111112,0.2220907831142056,0.032103949652777776,masks/CLVR+13759f6e+2023-06-04-00h-00m-11s/ext1_f00016.png
CLVR+13759f6e+2023-06-04-15h-06m-37s,ext2,b050,32,154,154,20655732,ok,0.5740740740740741,auto,1.0,0.0049956597222222225,False,True,0.0,7.269965277777777e-05,1.0,0.0049956597222222225,masks/CLVR+13759f6e+2023-06-04-15h-06m-37s/ext2_f00032.png
CLVR+13759f6e+2023-06-04-15h-06m-37s,ext2,b100,67,154,154,20655732,ok,1.0,auto,1.0,0.004138454861111111,False,True,0.0,0.002038845486111111,1.0,0.004138454861111111,masks/CLVR+13759f6e+2023-06-04-15h-06m-37s/ext2_f00067.png
CLVR+13759f6e+2023-06-04-15h-12m-26s,ext2,b050,39,174,174,20655732,ok,0.6296296296296297,auto,1.0,0.020823567708333334,False,True,0.0,0.00035047743055555554,1.0,0.020823567708333334,masks/CLVR+13759f6e+2023-06-04-15h-12m-26s/ext2_f00039.png
CLVR+13759f6e+2023-06-04-15h-12m-26s,ext2,b100,43,174,174,20655732,ok,1.0,auto,1.0,0.013064236111111112,False,True,0.0,0.005354817708333333,1.0,0.013064236111111112,masks/CLVR+13759f6e+2023-06-04-15h-12m-26s/ext2_f00043.png
CLVR+13759f6e+2023-06-04-15h-23m-28s,ext1,b050,20,236,236,20103212,ok,1.0,auto,0.5128317806292846,0.012345920138888888,False,True,0.0074336283185840735,0.0030653211805555555,0.5128317806292846,0.012345920138888888,masks/CLVR+13759f6e+2023-06-04-15h-23m-28s/ext1_f00020.png
CLVR+13759f6e+2023-06-04-15h-23m-28s,ext2,b050,20,236,236,20655732,ok,0.5555555555555556,auto,1.0,0.014578993055555555,False,True,0.0,0.0002560763888888889,1.0,0.014578993055555555,masks/CLVR+13759f6e+2023-06-04-15h-23m-28s/ext2_f00020.png
CLVR+13759f6e+2023-06-04-15h-23m-28s,ext2,b100,24,236,236,20655732,ok,1.0,auto,1.0,0.008644748263888889,False,True,0.0,0.0005414496527777777,1.0,0.008644748263888889,masks/CLVR+13759f6e+2023-06-04-15h-23m-28s/ext2_f00024.png
CLVR+13759f6e+2023-06-04-15h-23m-55s,ext1,b050,17,238,238,20103212,ok,1.0,auto,0.49473168341092866,0.008856336805555556,False,True,0.022702702702702693,0.005018446180555556,0.49473168341092866,0.008856336805555556,masks/CLVR+13759f6e+2023-06-04-15h-23m-55s/ext1_f00017.png
CLVR+13759f6e+2023-06-04-15h-23m-55s,ext2,b050,17,238,238,20655732,ok,0.5555555555555556,auto,1.0,0.013561197916666667,False,True,0.0,0.00024848090277777775,1.0,0.013561197916666667,masks/CLVR+13759f6e+2023-06-04-15h-23m-55s/ext2_f00017.png
CLVR+13759f6e+2023-06-04-15h-23m-55s,ext1,b100,21,238,238,20103212,ok,1.0,auto,0.45215342322293495,0.008288845486111111,False,True,0.10377358490566035,0.004140625,0.45215342322293495,0.008288845486111111,masks/CLVR+13759f6e+2023-06-04-15h-23m-55s/ext1_f00021.png
CLVR+13759f6e+2023-06-04-15h-23m-55s,ext2,b100,21,238,238,20655732,ok,1.0,auto,1.0,0.011870659722222222,False,True,0.0,0.006281467013888889,1.0,0.011870659722222222,masks/CLVR+13759f6e+2023-06-04-15h-23m-55s/ext2_f00021.png
CLVR+13759f6e+2023-06-04-15h-53m-35s,ext1,b050,16,137,137,20103212,ok,1.0,auto,1.0,0.023173828125,False,True,1.0,0.013745659722222222,1.0,0.023173828125,masks/CLVR+13759f6e+2023-06-04-15h-53m-35s/ext1_f00016.png
CLVR+13759f6e+2023-06-04-15h-53m-35s,ext2,b050,16,137,137,20655732,ok,0.5555555555555556,auto,1.0,0.009177517361111111,False,True,1.0,0.009898003472222222,1.0,0.009177517361111111,masks/CLVR+13759f6e+2023-06-04-15h-53m-35s/ext2_f00016.png
CLVR+13759f6e+2023-06-04-15h-53m-35s,ext2,b100,81,137,137,20655732,ok,1.0,auto,1.0,0.009010416666666667,False,True,0.9985500241662639,0.0022450086805555556,1.0,0.009010416666666667,masks/CLVR+13759f6e+2023-06-04-15h-53m-35s/ext2_f00081.png
CLVR+13759f6e+2023-06-04-16h-15m-21s,ext1,b050,0,397,397,20103212,ok,0.7222222222222222,auto,0.8891572084037672,0.017973090277777777,False,True,0.0,0.015616319444444445,0.8891572084037672,0.017973090277777777,masks/CLVR+13759f6e+2023-06-04-16h-15m-21s/ext1_f00000.png
CLVR+13759f6e+2023-06-04-17h-22m-49s,ext1,b050,0,182,182,20103212,ok,1.0,auto,0.8679930403207504,0.01434353298611111,False,True,0.3895993179880648,0.0012727864583333332,0.8679930403207504,0.01434353298611111,masks/CLVR+13759f6e+2023-06-04-17h-22m-49s/ext1_f00000.png
CLVR+13759f6e+2023-06-04-17h-22m-49s,ext2,b050,0,182,182,20655732,ok,1.0,auto,1.0,0.012328559027777778,False,True,0.9974489795918368,0.0008506944444444444,1.0,0.012328559027777778,masks/CLVR+13759f6e+2023-06-04-17h-22m-49s/ext2_f00000.png
CLVR+13759f6e+2023-06-04-17h-23m-13s,ext1,b050,0,186,186,20103212,ok,0.5555555555555556,auto,0.9998639178063551,0.015947265625,False,True,0.9953713907868635,0.014768880208333333,0.9998639178063551,0.015947265625,masks/CLVR+13759f6e+2023-06-04-17h-23m-13s/ext1_f00000.png
CLVR+13759f6e+2023-06-04-17h-23m-13s,ext2,b050,0,186,186,20655732,ok,1.0,auto,0.9939077458659704,0.02244140625,False,True,0.05362776025236593,0.0010319010416666666,0.9939077458659704,0.02244140625,masks/CLVR+13759f6e+2023-06-04-17h-23m-13s/ext2_f00000.png
CLVR+13759f6e+2023-06-04-17h-23m-13s,ext1,b100,23,186,186,20103212,ok,1.0,auto,1.0,0.013257378472222222,False,True,0.9985698662404308,0.012898220486111112,1.0,0.013257378472222222,masks/CLVR+13759f6e+2023-06-04-17h-23m-13s/ext1_f00023.png
CLVR+13759f6e+2023-06-04-17h-23m-13s,ext2,b100,23,186,186,20655732,ok,1.0,auto,0.8390710382513661,0.019856770833333332,False,True,0.03545006165228115,0.0035199652777777777,0.8390710382513661,0.019856770833333332,masks/CLVR+13759f6e+2023-06-04-17h-23m-13s/ext2_f00023.png
CLVR+13759f6e+2023-06-04-18h-02m-43s,ext2,b050,0,235,235,20655732,ok,1.0,auto,1.0,0.01312282986111111,False,True,0.9402620087336244,0.012424045138888888,1.0,0.01312282986111111,masks/CLVR+13759f6e+2023-06-04-18h-02m-43s/ext2_f00000.png
CLVR+13759f6e+2023-06-04-18h-05m-10s,ext1,b050,0,137,137,20103212,ok,1.0,auto,0.5237557116886946,0.022084418402777778,False,True,0.0,0.005806206597222223,0.5237557116886946,0.022084418402777778,masks/CLVR+13759f6e+2023-06-04-18h-05m-10s/ext1_f00000.png
CLVR+13759f6e+2023-06-04-18h-05m-10s,ext2,b050,0,137,137,20655732,ok,1.0,auto,1.0,0.003062065972222222,False,True,0.02115965924704588,0.003948567708333333,1.0,0.003062065972222222,masks/CLVR+13759f6e+2023-06-04-18h-05m-10s/ext2_f00000.png
CLVR+13759f6e+2023-06-05-23h-14m-28s,ext1,b050,0,168,168,20103212,ok,0.8703703703703703,auto,0.4107136358673896,0.02981662326388889,False,True,0.0,0.018145616319444443,0.4107136358673896,0.02981662326388889,masks/CLVR+13759f6e+2023-06-05-23h-14m-28s/ext1_f00000.png
CLVR+13759f6e+2023-06-05-23h-41m-18s,ext1,b050,0,119,119,20103212,ok,0.8703703703703703,auto,1.0,0.006351996527777778,False,True,0.0,0.008330078125,1.0,0.006351996527777778,masks/CLVR+13759f6e+2023-06-05-23h-41m-18s/ext1_f00000.png
CLVR+13759f6e+2023-06-05-23h-41m-18s,ext2,b050,0,119,119,20655732,ok,0.9444444444444444,auto,1.0,0.004069010416666667,False,True,0.0,0.005925564236111111,1.0,0.004069010416666667,masks/CLVR+13759f6e+2023-06-05-23h-41m-18s/ext2_f00000.png
CLVR+13759f6e+2023-06-05-23h-41m-18s,ext1,b100,19,119,119,20103212,ok,1.0,auto,0.36691866527632955,0.008324652777777778,False,True,0.08595922150139013,0.004683159722222222,0.36691866527632955,0.008324652777777778,masks/CLVR+13759f6e+2023-06-05-23h-41m-18s/ext1_f00019.png
CLVR+13759f6e+2023-06-05-23h-41m-18s,ext2,b100,19,119,119,20655732,ok,1.0,auto,1.0,0.020377604166666667,False,True,0.0,0.004572482638888889,1.0,0.020377604166666667,masks/CLVR+13759f6e+2023-06-05-23h-41m-18s/ext2_f00019.png
CLVR+13759f6e+2023-06-05-23h-44m-21s,ext2,b050,16,160,160,20655732,ok,0.6666666666666666,auto,0.5626930998970134,0.008428819444444444,False,True,0.01596790686698657,0.013794487847222222,0.5626930998970134,0.008428819444444444,masks/CLVR+13759f6e+2023-06-05-23h-44m-21s/ext2_f00016.png
CLVR+13759f6e+2023-06-05-23h-46m-37s,ext2,b050,13,249,249,20655732,ok,1.0,auto,0.7295353982300885,0.003923611111111111,False,True,0.008685353335965207,0.01374240451388889,0.7295353982300885,0.003923611111111111,masks/CLVR+13759f6e+2023-06-05-23h-46m-37s/ext2_f00013.png
CLVR+13759f6e+2023-06-05-23h-53m-19s,ext2,b050,0,190,190,20655732,ok,0.8888888888888888,auto,0.9490392648287385,0.00259765625,False,True,0.26166032392247096,0.024520399305555555,0.9490392648287385,0.00259765625,masks/CLVR+13759f6e+2023-06-05-23h-53m-19s/ext2_f00000.png
CLVR+13759f6e+2023-06-05-23h-53m-41s,ext1,b050,0,126,126,20103212,ok,0.7777777777777778,box(auto empty),0.9939393939393939,0.00035807291666666664,True,True,0.0,0.013897569444444445,0.0,0.013897569444444445,masks/CLVR+13759f6e+2023-06-05-23h-53m-41s/ext1_f00000.png
CLVR+13759f6e+2023-06-05-23h-56m-24s,ext2,b050,0,199,199,20655732,ok,0.8888888888888888,auto,0.5659267691140202,0.0057194010416666665,False,True,0.7817174284404816,0.026042751736111112,0.5659267691140202,0.0057194010416666665,masks/CLVR+13759f6e+2023-06-05-23h-56m-24s/ext2_f00000.png
CLVR+13759f6e+2023-06-05-23h-56m-24s,ext2,b100,13,199,199,20655732,ok,1.0,auto,0.5280229479258605,0.009835069444444445,False,True,0.4394690781796966,0.014878472222222222,0.5280229479258605,0.009835069444444445,masks/CLVR+13759f6e+2023-06-05-23h-56m-24s/ext2_f00013.png
CLVR+13759f6e+2023-06-06-00h-02m-01s,ext2,b050,0,177,177,20655732,ok,1.0,auto,0.3160975609756097,0.0033365885416666665,False,True,0.0011652152581871356,0.017693142361111112,0.3160975609756097,0.0033365885416666665,masks/CLVR+13759f6e+2023-06-06-00h-02m-01s/ext2_f00000.png
CLVR+13759f6e+2023-06-09-11h-23m-32s,ext1,b050,14,118,118,20103212,ok,0.5,auto,1.0,0.005222439236111111,False,True,nan,0.0,1.0,0.005222439236111111,masks/CLVR+13759f6e+2023-06-09-11h-23m-32s/ext1_f00014.png
CLVR+13759f6e+2023-06-09-11h-23m-32s,ext2,b050,14,118,118,20655732,ok,1.0,auto,1.0,0.02926540798611111,False,True,0.0,0.004529079861111111,1.0,0.02926540798611111,masks/CLVR+13759f6e+2023-06-09-11h-23m-32s/ext2_f00014.png
CLVR+13759f6e+2023-06-09-11h-23m-32s,ext1,b100,18,118,118,20103212,ok,1.0,auto,1.0,0.014383680555555556,False,True,1.0,0.01407986111111111,1.0,0.014383680555555556,masks/CLVR+13759f6e+2023-06-09-11h-23m-32s/ext1_f00018.png
CLVR+13759f6e+2023-06-09-11h-23m-32s,ext2,b100,18,118,118,20655732,ok,1.0,auto,1.0,0.0018467881944444445,False,True,0.09864364981504314,0.002639973958333333,1.0,0.0018467881944444445,masks/CLVR+13759f6e+2023-06-09-11h-23m-32s/ext2_f00018.png
CLVR+13759f6e+2023-06-13-01h-33m-52s,ext1,b050,45,142,142,20103212,ok,0.5740740740740741,auto,0.978505423865006,0.01080295138888889,False,True,0.2329113924050633,0.0017144097222222222,0.978505423865006,0.01080295138888889,masks/CLVR+13759f6e+2023-06-13-01h-33m-52s/ext1_f00045.png
CLVR+13759f6e+2023-06-13-01h-33m-52s,ext2,b050,45,142,142,20655732,ok,0.5555555555555556,auto,0.8966741405082213,0.011614583333333333,False,True,0.8700534759358289,0.012174479166666667,0.8966741405082213,0.011614583333333333,masks/CLVR+13759f6e+2023-06-13-01h-33m-52s/ext2_f00045.png
CLVR+13759f6e+2023-06-13-01h-33m-52s,ext1,b100,55,142,142,20103212,ok,1.0,auto,0.991411501120239,0.020340711805555557,False,True,0.0,0.0019151475694444444,0.991411501120239,0.020340711805555557,masks/CLVR+13759f6e+2023-06-13-01h-33m-52s/ext1_f00055.png
CLVR+13759f6e+2023-06-13-01h-33m-52s,ext2,b100,55,142,142,20655732,ok,1.0,auto,0.597463768115942,0.008984375,False,True,0.4189095928226363,0.00314453125,0.597463768115942,0.008984375,masks/CLVR+13759f6e+2023-06-13-01h-33m-52s/ext2_f00055.png
CLVR+13759f6e+2023-06-13-02h-29m-03s,ext1,b050,42,168,168,20103212,ok,0.5,auto,0.5417904115400933,0.017902560763888888,False,True,0.5079386168869993,0.016333550347222222,0.5417904115400933,0.017902560763888888,masks/CLVR+13759f6e+2023-06-13-02h-29m-03s/ext1_f00042.png
CLVR+13759f6e+2023-06-13-02h-29m-03s,ext1,b100,48,168,168,20103212,ok,1.0,auto,0.3960040408575598,0.009666883680555556,False,True,0.022433718558803495,0.006384548611111111,0.3960040408575598,0.009666883680555556,masks/CLVR+13759f6e+2023-06-13-02h-29m-03s/ext1_f00048.png
CLVR+13759f6e+2023-06-13-02h-29m-24s,ext1,b050,38,126,126,20103212,ok,0.5,auto,0.5798865679900401,0.023531901041666668,False,True,0.0017391304347825765,0.008110894097222222,0.5798865679900401,0.023531901041666668,masks/CLVR+13759f6e+2023-06-13-02h-29m-24s/ext1_f00038.png
CLVR+13759f6e+2023-06-19-17h-31m-46s,ext1,b050,38,181,181,20103212,ok,0.5,auto,0.9792103424178896,0.012421875,False,True,0.0,0.005693359375,0.9792103424178896,0.012421875,masks/CLVR+13759f6e+2023-06-19-17h-31m-46s/ext1_f00038.png
CLVR+13759f6e+2023-06-19-17h-31m-46s,ext2,b050,38,181,181,20655732,ok,0.8333333333333334,auto,0.9715088544729792,0.016604817708333334,False,True,0.16053740014524331,0.07470703125,0.9715088544729792,0.016604817708333334,masks/CLVR+13759f6e+2023-06-19-17h-31m-46s/ext2_f00038.png
CLVR+13759f6e+2023-06-19-17h-31m-46s,ext1,b100,48,181,181,20103212,ok,1.0,auto,0.9108900523560209,0.010362413194444444,False,True,0.003117505995203884,0.004524739583333334,0.9108900523560209,0.010362413194444444,masks/CLVR+13759f6e+2023-06-19-17h-31m-46s/ext1_f00048.png
CLVR+13759f6e+2023-06-19-17h-31m-46s,ext2,b100,48,181,181,20655732,ok,1.0,auto,1.0,0.008575303819444444,False,True,0.0008904719501335867,0.0012185329861111112,1.0,0.008575303819444444,masks/CLVR+13759f6e+2023-06-19-17h-31m-46s/ext2_f00048.png
CLVR+13759f6e+2023-06-19-17h-38m-19s,ext1,b050,26,256,256,20103212,ok,0.5,auto,0.9942016806722689,0.012912326388888888,False,True,0.0,0.008057725694444445,0.9942016806722689,0.012912326388888888,masks/CLVR+13759f6e+2023-06-19-17h-38m-19s/ext1_f00026.png
CLVR+13759f6e+2023-06-19-17h-38m-19s,ext2,b050,26,256,256,20655732,ok,0.8148148148148148,auto,1.0,0.017821180555555555,False,True,0.005382938130280679,0.01592447916666667,1.0,0.017821180555555555,masks/CLVR+13759f6e+2023-06-19-17h-38m-19s/ext2_f00026.png
CLVR+13759f6e+2023-06-19-17h-38m-19s,ext1,b100,70,256,256,20103212,ok,1.0,auto,1.0,0.005556640625,False,True,0.0,0.004613715277777777,1.0,0.005556640625,masks/CLVR+13759f6e+2023-06-19-17h-38m-19s/ext1_f00070.png
CLVR+13759f6e+2023-06-19-17h-38m-19s,ext2,b100,70,256,256,20655732,ok,1.0,auto,1.0,0.022093098958333335,False,True,0.9998002097797313,0.02172417534722222,1.0,0.022093098958333335,masks/CLVR+13759f6e+2023-06-19-17h-38m-19s/ext2_f00070.png
CLVR+13759f6e+2023-06-19-17h-46m-00s,ext1,b050,37,163,163,20103212,ok,0.5925925925925926,auto,1.0,0.010092230902777779,False,True,0.04751215862326974,0.002900390625,1.0,0.010092230902777779,masks/CLVR+13759f6e+2023-06-19-17h-46m-00s/ext1_f00037.png
CLVR+13759f6e+2023-06-19-17h-46m-00s,ext2,b050,37,163,163,20655732,ok,1.0,auto,0.7896036945548276,0.010103081597222223,False,True,0.7761028245001587,0.006838107638888889,0.7896036945548276,0.010103081597222223,masks/CLVR+13759f6e+2023-06-19-17h-46m-00s/ext2_f00037.png
CLVR+13759f6e+2023-06-19-17h-46m-00s,ext1,b100,54,163,163,20103212,ok,1.0,auto,1.0,0.0075217013888888885,False,True,0.0,0.0027137586805555556,1.0,0.0075217013888888885,masks/CLVR+13759f6e+2023-06-19-17h-46m-00s/ext1_f00054.png
CLVR+13759f6e+2023-06-19-17h-46m-00s,ext2,b100,54,163,163,20655732,ok,1.0,auto,1.0,0.014758029513888889,False,True,0.9982480473027229,0.014864366319444445,1.0,0.014758029513888889,masks/CLVR+13759f6e+2023-06-19-17h-46m-00s/ext2_f00054.png
CLVR+13759f6e+2023-06-19-17h-47m-51s,ext1,b050,52,236,236,20103212,ok,0.5,auto,1.0,0.006820746527777778,False,True,0.0,0.0062586805555555555,1.0,0.006820746527777778,masks/CLVR+13759f6e+2023-06-19-17h-47m-51s/ext1_f00052.png
CLVR+13759f6e+2023-06-19-17h-47m-51s,ext2,b050,52,236,236,20655732,ok,0.6666666666666666,auto,0.6797444508149726,0.026495225694444444,False,True,0.32580362076250524,0.03338433159722222,0.6797444508149726,0.026495225694444444,masks/CLVR+13759f6e+2023-06-19-17h-47m-51s/ext2_f00052.png
CLVR+13759f6e+2023-06-19-17h-47m-51s,ext1,b100,76,236,236,20103212,ok,1.0,auto,1.0,0.005317925347222223,False,True,0.0,0.004810112847222222,1.0,0.005317925347222223,masks/CLVR+13759f6e+2023-06-19-17h-47m-51s/ext1_f00076.png
CLVR+13759f6e+2023-06-19-17h-47m-51s,ext2,b100,76,236,236,20655732,ok,1.0,auto,1.0,0.02603732638888889,False,True,0.9999399651798043,0.018074001736111112,1.0,0.02603732638888889,masks/CLVR+13759f6e+2023-06-19-17h-47m-51s/ext2_f00076.png
CLVR+13759f6e+2023-06-19-23h-59m-53s,ext2,b050,0,136,136,20655732,ok,0.9259259259259259,box(auto empty),1.0,0.00045355902777777777,True,True,0.03138675116945833,0.028763020833333333,0.03138675116945833,0.028763020833333333,masks/CLVR+13759f6e+2023-06-19-23h-59m-53s/ext2_f00000.png
CLVR+13759f6e+2023-06-19-23h-59m-53s,ext2,b100,13,136,136,20655732,ok,1.0,auto,0.3091420534458509,0.0462890625,False,True,0.21494231435346778,0.040723741319444444,0.3091420534458509,0.0462890625,masks/CLVR+13759f6e+2023-06-19-23h-59m-53s/ext2_f00013.png
CLVR+13759f6e+2023-06-20-00h-05m-04s,ext2,b050,0,126,126,20655732,ok,1.0,auto,0.31584396376409685,0.088037109375,False,True,0.00018645121193283654,0.05237630208333333,0.31584396376409685,0.088037109375,masks/CLVR+13759f6e+2023-06-20-00h-05m-04s/ext2_f00000.png
CLVR+13759f6e+2023-06-20-00h-12m-20s,ext2,b050,0,215,215,20655732,ok,1.0,box(auto empty),1.0,2.387152777777778e-05,True,True,0.09413762203461773,0.023006727430555554,0.09413762203461773,0.023006727430555554,masks/CLVR+13759f6e+2023-06-20-00h-12m-20s/ext2_f00000.png
CLVR+13759f6e+2023-06-20-00h-19m-48s,ext2,b050,12,197,197,20655732,ok,0.5185185185185185,box(auto empty),1.0,0.00024848090277777775,True,True,0.03496148311182601,0.012817925347222222,0.03496148311182601,0.012817925347222222,masks/CLVR+13759f6e+2023-06-20-00h-19m-48s/ext2_f00012.png
CLVR+13759f6e+2023-06-20-00h-24m-22s,ext2,b050,14,243,243,20655732,ok,0.5185185185185185,box(auto empty),1.0,0.0002365451388888889,True,True,0.6459147869674186,0.010823567708333334,0.6459147869674186,0.010823567708333334,masks/CLVR+13759f6e+2023-06-20-00h-24m-22s/ext2_f00014.png
CLVR+13759f6e+2023-06-20-00h-24m-22s,ext2,b100,19,243,243,20655732,ok,1.0,box(auto empty),1.0,0.00022786458333333334,True,True,0.049119262579708334,0.017186414930555557,0.049119262579708334,0.017186414930555557,masks/CLVR+13759f6e+2023-06-20-00h-24m-22s/ext2_f00019.png
CLVR+13759f6e+2023-06-27-00h-49m-21s,ext1,b050,0,163,163,20103212,ok,1.0,auto,0.9251170046801872,0.02573459201388889,False,True,0.21328541331019957,0.008755425347222222,0.9251170046801872,0.02573459201388889,masks/CLVR+13759f6e+2023-06-27-00h-49m-21s/ext1_f00000.png
CLVR+13759f6e+2023-06-27-00h-59m-54s,ext1,b050,13,190,190,20103212,ok,0.5185185185185185,auto,0.9201113728849861,0.005066189236111111,False,True,0.0,0.019971788194444444,0.9201113728849861,0.005066189236111111,masks/CLVR+13759f6e+2023-06-27-00h-59m-54s/ext1_f00013.png
CLVR+13759f6e+2023-06-27-00h-59m-54s,ext1,b100,19,190,190,20103212,ok,1.0,auto,0.975410657051282,0.021666666666666667,False,True,0.0,0.0061957465277777775,0.975410657051282,0.021666666666666667,masks/CLVR+13759f6e+2023-06-27-00h-59m-54s/ext1_f00019.png
CLVR+13759f6e+2023-06-27-01h-04m-54s,ext1,b050,36,131,131,20103212,ok,0.5,auto,0.21232339089481944,0.0055295138888888885,False,True,0.01886199308393588,0.006903211805555556,0.21232339089481944,0.0055295138888888885,masks/CLVR+13759f6e+2023-06-27-01h-04m-54s/ext1_f00036.png
CLVR+13759f6e+2023-06-27-01h-23m-41s,ext1,b050,0,94,94,20103212,ok,1.0,auto,1.0,0.005438368055555556,False,True,0.006935123042505542,0.048502604166666664,1.0,0.005438368055555556,masks/CLVR+13759f6e+2023-06-27-01h-23m-41s/ext1_f00000.png
CLVR+13759f6e+2023-06-27-01h-23m-41s,ext2,b050,0,94,94,20655732,ok,0.6481481481481481,auto,0.3605366690204782,0.010756293402777778,False,True,0.3284710391822828,0.010190972222222223,0.3605366690204782,0.010756293402777778,masks/CLVR+13759f6e+2023-06-27-01h-23m-41s/ext2_f00000.png
CLVR+13759f6e+2023-06-27-01h-23m-41s,ext1,b100,23,94,94,20103212,ok,1.0,auto,1.0,0.005979817708333333,False,True,0.001435063381966084,0.004536675347222222,1.0,0.005979817708333333,masks/CLVR+13759f6e+2023-06-27-01h-23m-41s/ext1_f00023.png
CLVR+13759f6e+2023-06-27-01h-24m-15s,ext1,b050,12,213,213,20103212,ok,0.5370370370370371,auto,1.0,0.005857204861111111,False,True,0.0,0.026246744791666665,1.0,0.005857204861111111,masks/CLVR+13759f6e+2023-06-27-01h-24m-15s/ext1_f00012.png
CLVR+13759f6e+2023-06-27-01h-24m-15s,ext2,b050,12,213,213,20655732,ok,0.5740740740740741,auto,0.22937360632475168,0.010705295138888888,False,True,0.18447251735965864,0.012969835069444444,0.22937360632475168,0.010705295138888888,masks/CLVR+13759f6e+2023-06-27-01h-24m-15s/ext2_f00012.png
CLVR+13759f6e+2023-06-27-01h-24m-15s,ext1,b100,45,213,213,20103212,ok,1.0,auto,1.0,0.006974826388888889,False,True,0.00588235294117645,0.0014756944444444444,1.0,0.006974826388888889,masks/CLVR+13759f6e+2023-06-27-01h-24m-15s/ext1_f00045.png
CLVR+13759f6e+2023-06-27-01h-24m-53s,ext1,b050,0,106,106,20103212,ok,1.0,auto,0.9994748818484159,0.006199001736111111,False,True,0.004732435384055322,0.047690972222222225,0.9994748818484159,0.006199001736111111,masks/CLVR+13759f6e+2023-06-27-01h-24m-53s/ext1_f00000.png
CLVR+13759f6e+2023-06-27-01h-24m-53s,ext2,b050,0,106,106,20655732,ok,0.9629629629629629,auto,0.3211741586833702,0.008834635416666667,False,True,0.1821510297482838,0.014225260416666666,0.3211741586833702,0.008834635416666667,masks/CLVR+13759f6e+2023-06-27-01h-24m-53s/ext2_f00000.png
CLVR+13759f6e+2023-06-27-01h-24m-53s,ext1,b100,22,106,106,20103212,ok,1.0,auto,1.0,0.006373697916666666,False,True,0.6520039100684262,0.0011100260416666667,1.0,0.006373697916666666,masks/CLVR+13759f6e+2023-06-27-01h-24m-53s/ext1_f00022.png
CLVR+13759f6e+2023-06-27-01h-28m-43s,ext1,b050,24,137,137,20103212,ok,0.5,auto,1.0,0.005590277777777777,False,True,0.0,0.0329296875,1.0,0.005590277777777777,masks/CLVR+13759f6e+2023-06-27-01h-28m-43s/ext1_f00024.png
CLVR+13759f6e+2023-06-27-01h-29m-00s,ext1,b050,24,133,133,20103212,ok,0.5,auto,1.0,0.0059060329861111115,False,True,0.0,0.025629340277777777,1.0,0.0059060329861111115,masks/CLVR+13759f6e+2023-06-27-01h-29m-00s/ext1_f00024.png
CLVR+13759f6e+2023-06-27-01h-29m-36s,ext1,b050,18,175,175,20103212,ok,0.5555555555555556,auto,1.0,0.005610894097222222,False,True,0.0,0.03418402777777778,1.0,0.005610894097222222,masks/CLVR+13759f6e+2023-06-27-01h-29m-36s/ext1_f00018.png
CLVR+13759f6e+2023-06-27-01h-37m-34s,ext1,b050,22,246,246,20103212,ok,0.5185185185185185,auto,1.0,0.00546875,False,True,0.0020876826722338038,0.019750434027777777,1.0,0.00546875,masks/CLVR+13759f6e+2023-06-27-01h-37m-34s/ext1_f00022.png
CLVR+13759f6e+2023-06-27-01h-44m-18s,ext1,b050,19,101,101,20103212,ok,0.5555555555555556,auto,0.615679264555669,0.004249131944444444,False,True,0.0,0.0028190104166666667,0.615679264555669,0.004249131944444444,masks/CLVR+13759f6e+2023-06-27-01h-44m-18s/ext1_f00019.png
CLVR+13759f6e+2023-06-27-01h-45m-44s,ext1,b050,22,101,101,20103212,ok,0.5740740740740741,auto,1.0,0.005724826388888889,False,True,0.0,0.018662109375,1.0,0.005724826388888889,masks/CLVR+13759f6e+2023-06-27-01h-45m-44s/ext1_f00022.png
CLVR+236539bc+2023-05-09-02h-07m-26s,ext2,b050,21,147,147,20655732,ok,0.8518518518518519,auto,1.0,0.015620659722222222,False,True,0.9975216852540273,0.0008756510416666666,1.0,0.015620659722222222,masks/CLVR+236539bc+2023-05-09-02h-07m-26s/ext2_f00021.png
CLVR+236539bc+2023-05-09-02h-07m-26s,ext2,b100,27,147,147,20655732,ok,1.0,auto,1.0,0.02682074652777778,False,True,0.0038610038610038533,0.0014051649305555556,1.0,0.02682074652777778,masks/CLVR+236539bc+2023-05-09-02h-07m-26s/ext2_f00027.png
CLVR+236539bc+2023-05-09-03h-34m-28s,ext1,b050,24,150,150,20103212,ok,0.5925925925925926,auto,0.7752413850507741,0.05214409722222222,False,True,0.0,0.01741970486111111,0.7752413850507741,0.05214409722222222,masks/CLVR+236539bc+2023-05-09-03h-34m-28s/ext1_f00024.png
CLVR+236539bc+2023-05-09-03h-38m-02s,ext1,b050,18,179,179,20103212,ok,0.5,auto,0.7068958624825106,0.054286024305555555,False,True,0.0,0.016539713541666667,0.7068958624825106,0.054286024305555555,masks/CLVR+236539bc+2023-05-09-03h-38m-02s/ext1_f00018.png
CLVR+236539bc+2023-05-09-03h-38m-23s,ext1,b100,31,148,148,20103212,ok,1.0,auto,0.7889724310776942,0.049788411458333334,False,True,0.0,0.013091362847222222,0.7889724310776942,0.049788411458333334,masks/CLVR+236539bc+2023-05-09-03h-38m-23s/ext1_f00031.png
CLVR+236539bc+2023-05-09-03h-38m-44s,ext1,b050,0,138,138,20103212,ok,0.7037037037037037,auto,0.6161035226455787,0.06188259548611111,False,True,0.0,0.027279730902777778,0.6161035226455787,0.06188259548611111,masks/CLVR+236539bc+2023-05-09-03h-38m-44s/ext1_f00000.png
CLVR+236539bc+2023-05-09-03h-39m-28s,ext1,b050,22,194,194,20103212,ok,0.6111111111111112,auto,0.5955027961022,0.0648068576388889,False,True,0.0,0.02755859375,0.5955027961022,0.0648068576388889,masks/CLVR+236539bc+2023-05-09-03h-39m-28s/ext1_f00022.png
CLVR+236539bc+2023-05-09-03h-40m-54s,ext1,b050,17,190,190,20103212,ok,0.5,auto,0.6740692587451904,0.06175889756944444,False,True,0.0,0.021891276041666668,0.6740692587451904,0.06175889756944444,masks/CLVR+236539bc+2023-05-09-03h-40m-54s/ext1_f00017.png
CLVR+236539bc+2023-05-09-03h-40m-54s,ext1,b100,28,190,190,20103212,ok,1.0,auto,0.6267803426900002,0.06528971354166667,False,True,0.0,0.02523003472222222,0.6267803426900002,0.06528971354166667,masks/CLVR+236539bc+2023-05-09-03h-40m-54s/ext1_f00028.png
CLVR+236539bc+2023-05-09-03h-44m-37s,ext1,b050,28,169,169,20103212,ok,0.5555555555555556,auto,0.9148871417702257,0.04278428819444444,False,True,0.0,0.007052951388888889,0.9148871417702257,0.04278428819444444,masks/CLVR+236539bc+2023-05-09-03h-44m-37s/ext1_f00028.png
CLVR+236539bc+2023-05-09-03h-58m-00s,ext1,b050,20,150,150,20103212,ok,0.5,auto,1.0,0.016319444444444445,False,True,0.0,0.015183376736111111,1.0,0.016319444444444445,masks/CLVR+236539bc+2023-05-09-03h-58m-00s/ext1_f00020.png
CLVR+236539bc+2023-05-09-04h-00m-03s,ext1,b050,28,162,162,20103212,ok,0.5,auto,1.0,0.028292100694444444,False,True,0.0008091550109814438,0.018773871527777777,1.0,0.028292100694444444,masks/CLVR+236539bc+2023-05-09-04h-00m-03s/ext1_f00028.png
CLVR+236539bc+2023-05-09-04h-07m-08s,ext1,b050,32,154,154,20103212,ok,0.5,auto,0.8417489646384199,0.027248263888888888,False,True,0.0,0.004567057291666667,0.8417489646384199,0.027248263888888888,masks/CLVR+236539bc+2023-05-09-04h-07m-08s/ext1_f00032.png
CLVR+236539bc+2023-05-17-19h-01m-33s,ext1,b050,37,160,160,20103212,ok,0.5185185185185185,auto,0.6419600576487543,0.015810546875,False,True,0.509126649817467,0.011591796875,0.6419600576487543,0.015810546875,masks/CLVR+236539bc+2023-05-17-19h-01m-33s/ext1_f00037.png
CLVR+236539bc+2023-05-17-19h-01m-33s,ext2,b050,37,160,160,20655732,ok,1.0,auto,0.24936530324400563,0.0038465711805555558,False,True,0.10736533528765113,0.002961154513888889,0.24936530324400563,0.0038465711805555558,masks/CLVR+236539bc+2023-05-17-19h-01m-33s/ext2_f00037.png
CLVR+236539bc+2023-05-17-19h-01m-33s,ext1,b100,53,160,160,20103212,ok,1.0,auto,1.0,0.010870225694444444,False,True,0.7036144578313253,0.0013509114583333333,1.0,0.010870225694444444,masks/CLVR+236539bc+2023-05-17-19h-01m-33s/ext1_f00053.png
CLVR+236539bc+2023-05-17-19h-01m-33s,ext2,b100,53,160,160,20655732,ok,1.0,auto,0.317762399077278,0.0037630208333333335,False,True,0.011194029850746245,0.0020355902777777777,0.317762399077278,0.0037630208333333335,masks/CLVR+236539bc+2023-05-17-19h-01m-33s/ext2_f00053.png
CLVR+236539bc+2023-05-17-19h-03m-58s,ext1,b050,30,142,142,20103212,ok,0.5370370370370371,auto,1.0,0.013490668402777777,False,True,0.0,0.0005305989583333333,1.0,0.013490668402777777,masks/CLVR+236539bc+2023-05-17-19h-03m-58s/ext1_f00030.png
CLVR+236539bc+2023-05-17-19h-03m-58s,ext1,b100,57,142,142,20103212,ok,1.0,auto,1.0,0.007790798611111111,False,True,0.0,0.0010015190972222222,1.0,0.007790798611111111,masks/CLVR+236539bc+2023-05-17-19h-03m-58s/ext1_f00057.png
CLVR+236539bc+2023-05-18-20h-21m-20s,ext1,b050,23,164,164,20103212,ok,0.5185185185185185,auto,1.0,0.0005859375,False,True,0.9015544041450777,0.0006282552083333333,1.0,0.0005859375,masks/CLVR+236539bc+2023-05-18-20h-21m-20s/ext1_f00023.png
CLVR+236539bc+2023-05-18-20h-21m-20s,ext2,b050,23,164,164,20655732,ok,0.8888888888888888,auto,0.420320355430843,0.018561197916666668,False,True,0.4151564123282927,0.018799913194444445,0.420320355430843,0.018561197916666668,masks/CLVR+236539bc+2023-05-18-20h-21m-20s/ext2_f00023.png
CLVR+236539bc+2023-05-18-20h-21m-20s,ext1,b100,38,164,164,20103212,ok,1.0,auto,1.0,0.016228298611111112,False,True,0.9973078476241756,0.016121961805555557,1.0,0.016228298611111112,masks/CLVR+236539bc+2023-05-18-20h-21m-20s/ext1_f00038.png
CLVR+236539bc+2023-05-18-20h-21m-20s,ext2,b100,38,164,164,20655732,ok,1.0,auto,0.2257178106774338,0.019348958333333333,False,True,0.21106821106821105,0.018548177083333332,0.2257178106774338,0.019348958333333333,masks/CLVR+236539bc+2023-05-18-20h-21m-20s/ext2_f00038.png
CLVR+236539bc+2023-05-18-20h-22m-32s,ext1,b050,32,188,188,20103212,ok,0.5,auto,1.0,0.00015082465277777777,True,True,0.33333333333333337,0.0004069010416666667,1.0,0.00015082465277777777,masks/CLVR+236539bc+2023-05-18-20h-22m-32s/ext1_f00032.png
CLVR+236539bc+2023-05-18-20h-22m-32s,ext2,b050,32,188,188,20655732,ok,0.7407407407407407,auto,0.26367004198567545,0.021967230902777777,False,True,0.21569677177579094,0.02026801215277778,0.26367004198567545,0.021967230902777777,masks/CLVR+236539bc+2023-05-18-20h-22m-32s/ext2_f00032.png
CLVR+236539bc+2023-05-18-20h-22m-32s,ext1,b100,41,188,188,20103212,ok,1.0,auto,1.0,0.013984375,False,True,0.9972869454197255,0.013598090277777778,1.0,0.013984375,masks/CLVR+236539bc+2023-05-18-20h-22m-32s/ext1_f00041.png
CLVR+236539bc+2023-05-18-20h-22m-32s,ext2,b100,41,188,188,20655732,ok,1.0,auto,0.34243960957522224,0.019899088541666665,False,True,0.28494297500606647,0.017886284722222222,0.34243960957522224,0.019899088541666665,masks/CLVR+236539bc+2023-05-18-20h-22m-32s/ext2_f00041.png
CLVR+236539bc+2023-05-18-20h-27m-00s,ext1,b050,22,126,126,20103212,ok,0.5555555555555556,box(auto empty),1.0,0.0002734375,True,True,0.23276836158192094,0.0009602864583333333,0.23276836158192094,0.0009602864583333333,masks/CLVR+236539bc+2023-05-18-20h-27m-00s/ext1_f00022.png
CLVR+236539bc+2023-05-18-20h-27m-00s,ext2,b050,22,126,126,20655732,ok,0.8888888888888888,auto,0.31446400713171385,0.01947482638888889,False,True,0.3124721851357365,0.019505208333333333,0.31446400713171385,0.01947482638888889,masks/CLVR+236539bc+2023-05-18-20h-27m-00s/ext2_f00022.png
CLVR+236539bc+2023-05-18-20h-27m-00s,ext1,b100,29,126,126,20103212,ok,1.0,auto,1.0,0.020182291666666668,False,True,0.9757021142316188,0.020631510416666665,1.0,0.020182291666666668,masks/CLVR+236539bc+2023-05-18-20h-27m-00s/ext1_f00029.png
CLVR+236539bc+2023-05-18-20h-27m-00s,ext2,b100,29,126,126,20655732,ok,1.0,auto,0.41601574512577655,0.017642144097222222,False,True,0.4113034750972274,0.017298177083333335,0.41601574512577655,0.017642144097222222,masks/CLVR+236539bc+2023-05-18-20h-27m-00s/ext2_f00029.png
CLVR+236539bc+2023-05-18-20h-27m-23s,ext1,b050,26,135,135,20103212,ok,0.5,box(auto empty),1.0,0.0004144965277777778,True,True,0.29333333333333333,0.0008138020833333334,0.29333333333333333,0.0008138020833333334,masks/CLVR+236539bc+2023-05-18-20h-27m-23s/ext1_f00026.png
CLVR+236539bc+2023-05-18-20h-27m-23s,ext2,b050,26,135,135,20655732,ok,0.7407407407407407,auto,0.28389204672604396,0.024243706597222223,False,True,0.20065411980720682,0.018910590277777778,0.28389204672604396,0.024243706597222223,masks/CLVR+236539bc+2023-05-18-20h-27m-23s/ext2_f00026.png
CLVR+236539bc+2023-05-18-20h-27m-23s,ext1,b100,33,135,135,20103212,ok,1.0,auto,1.0,0.011177300347222223,False,True,0.9929303992830828,0.010897352430555556,1.0,0.011177300347222223,masks/CLVR+236539bc+2023-05-18-20h-27m-23s/ext1_f00033.png
CLVR+236539bc+2023-05-18-20h-28m-11s,ext1,b050,19,112,112,20103212,ok,0.5185185185185185,auto,1.0,0.0023426649305555557,False,True,1.0,0.0021820746527777776,1.0,0.0023426649305555557,masks/CLVR+236539bc+2023-05-18-20h-28m-11s/ext1_f00019.png
CLVR+236539bc+2023-05-18-20h-28m-11s,ext1,b100,25,112,112,20103212,ok,1.0,auto,1.0,0.02222113715277778,False,True,1.0,0.022152777777777778,1.0,0.02222113715277778,masks/CLVR+236539bc+2023-05-18-20h-28m-11s/ext1_f00025.png
CLVR+236539bc+2023-05-18-20h-31m-56s,ext1,b050,20,143,143,20103212,ok,0.5,auto,1.0,0.004691840277777777,False,True,1.0,0.004889322916666667,1.0,0.004691840277777777,masks/CLVR+236539bc+2023-05-18-20h-31m-56s/ext1_f00020.png
CLVR+236539bc+2023-05-18-20h-31m-56s,ext1,b100,37,143,143,20103212,ok,1.0,auto,0.9727878563495002,0.017584635416666668,False,True,0.9558965102286402,0.018033854166666665,0.9727878563495002,0.017584635416666668,masks/CLVR+236539bc+2023-05-18-20h-31m-56s/ext1_f00037.png
CLVR+236539bc+2023-05-18-20h-31m-56s,ext2,b100,37,143,143,20655732,ok,1.0,auto,0.4817117635770486,0.028271484375,False,True,0.46316830866894765,0.026322699652777778,0.4817117635770486,0.028271484375,masks/CLVR+236539bc+2023-05-18-20h-31m-56s/ext2_f00037.png
CLVR+236539bc+2023-05-21-19h-26m-30s,ext2,b050,52,148,148,20655732,ok,1.0,auto,0.8224633627922586,0.009699435763888889,False,True,0.8225141966373455,0.009745008680555556,0.8224633627922586,0.009699435763888889,masks/CLVR+236539bc+2023-05-21-19h-26m-30s/ext2_f00052.png
CLVR+236539bc+2023-05-21-19h-26m-30s,ext2,b100,67,148,148,20655732,ok,1.0,auto,0.6039981687776591,0.007110460069444445,False,True,0.6095761381475667,0.006911892361111111,0.6039981687776591,0.007110460069444445,masks/CLVR+236539bc+2023-05-21-19h-26m-30s/ext2_f00067.png
CLVR+236539bc+2023-05-22-11h-49m-49s,ext1,b050,27,284,284,20103212,ok,0.5555555555555556,auto,0.43551008125188084,0.03605685763888889,False,True,0.0,0.014802517361111111,0.43551008125188084,0.03605685763888889,masks/CLVR+236539bc+2023-05-22-11h-49m-49s/ext1_f00027.png
CLVR+236539bc+2023-05-22-11h-49m-49s,ext2,b050,27,284,284,20655732,ok,1.0,auto,0.9399906859157741,0.016309678819444444,False,True,0.9415277595484972,0.016534288194444444,0.9399906859157741,0.016309678819444444,masks/CLVR+236539bc+2023-05-22-11h-49m-49s/ext2_f00027.png
CLVR+236539bc+2023-05-22-11h-49m-49s,ext1,b100,45,284,284,20103212,ok,1.0,auto,1.0,0.019856770833333332,False,True,0.0011261261261261701,0.0038541666666666668,1.0,0.019856770833333332,masks/CLVR+236539bc+2023-05-22-11h-49m-49s/ext1_f00045.png
CLVR+236539bc+2023-05-22-11h-49m-49s,ext2,b100,45,284,284,20655732,ok,1.0,auto,0.8463414634146341,0.0080078125,False,True,0.0,0.003166232638888889,0.8463414634146341,0.0080078125,masks/CLVR+236539bc+2023-05-22-11h-49m-49s/ext2_f00045.png
CLVR+236539bc+2023-05-22-11h-51m-02s,ext1,b050,28,199,199,20103212,ok,0.5555555555555556,auto,0.99456685783278,0.0035948350694444443,False,True,0.0,0.006552734375,0.99456685783278,0.0035948350694444443,masks/CLVR+236539bc+2023-05-22-11h-51m-02s/ext1_f00028.png
CLVR+236539bc+2023-05-22-11h-51m-02s,ext2,b050,28,199,199,20655732,ok,1.0,auto,1.0,0.015705295138888888,False,True,1.0,0.015533854166666666,1.0,0.015705295138888888,masks/CLVR+236539bc+2023-05-22-11h-51m-02s/ext2_f00028.png
CLVR+236539bc+2023-05-22-11h-51m-02s,ext1,b100,40,199,199,20103212,ok,1.0,auto,0.9981353307417591,0.034332682291666666,False,True,0.0021668472372697867,0.0010015190972222222,0.9981353307417591,0.034332682291666666,masks/CLVR+236539bc+2023-05-22-11h-51m-02s/ext1_f00040.png
CLVR+236539bc+2023-05-22-11h-51m-02s,ext2,b100,40,199,199,20655732,ok,1.0,auto,1.0,0.009769965277777778,False,True,0.020706890396287037,0.0030392795138888887,1.0,0.009769965277777778,masks/CLVR+236539bc+2023-05-22-11h-51m-02s/ext2_f00040.png
CLVR+236539bc+2023-05-22-11h-51m-47s,ext1,b050,27,141,141,20103212,ok,0.5185185185185185,auto,0.880085653104925,0.002533637152777778,False,True,0.0,0.0007866753472222222,0.880085653104925,0.002533637152777778,masks/CLVR+236539bc+2023-05-22-11h-51m-47s/ext1_f00027.png
CLVR+236539bc+2023-05-22-11h-51m-47s,ext2,b050,27,141,141,20655732,ok,1.0,auto,1.0,0.01201171875,False,True,1.0,0.012518446180555556,1.0,0.01201171875,masks/CLVR+236539bc+2023-05-22-11h-51m-47s/ext2_f00027.png
CLVR+236539bc+2023-05-22-11h-51m-47s,ext1,b100,36,141,141,20103212,ok,1.0,auto,1.0,0.021676432291666665,False,True,0.0,0.0008919270833333333,1.0,0.021676432291666665,masks/CLVR+236539bc+2023-05-22-11h-51m-47s/ext1_f00036.png
CLVR+236539bc+2023-05-22-11h-51m-47s,ext2,b100,36,141,141,20655732,ok,1.0,auto,0.9918653259518698,0.009603949652777779,False,True,0.8364159080019167,0.011322699652777778,0.9918653259518698,0.009603949652777779,masks/CLVR+236539bc+2023-05-22-11h-51m-47s/ext2_f00036.png
CLVR+236539bc+2023-05-22-11h-55m-01s,ext1,b050,30,163,163,20103212,ok,0.5370370370370371,auto,0.7232233668014083,0.04160698784722222,False,True,0.0,0.0035123697916666667,0.7232233668014083,0.04160698784722222,masks/CLVR+236539bc+2023-05-22-11h-55m-01s/ext1_f00030.png
CLVR+236539bc+2023-05-22-11h-55m-01s,ext2,b050,30,163,163,20655732,ok,1.0,auto,0.9615594117189323,0.013944227430555555,False,True,0.9587794863537558,0.013477647569444445,0.9615594117189323,0.013944227430555555,masks/CLVR+236539bc+2023-05-22-11h-55m-01s/ext2_f00030.png
CLVR+236539bc+2023-05-22-11h-55m-01s,ext1,b100,48,163,163,20103212,ok,1.0,auto,0.9943746199067505,0.021410590277777777,False,True,0.0,0.004391276041666667,0.9943746199067505,0.021410590277777777,masks/CLVR+236539bc+2023-05-22-11h-55m-01s/ext1_f00048.png
CLVR+236539bc+2023-05-22-11h-55m-01s,ext2,b100,48,163,163,20655732,ok,1.0,auto,0.8659058487874465,0.008366970486111111,False,True,0.0003806623524933439,0.0028504774305555558,0.8659058487874465,0.008366970486111111,masks/CLVR+236539bc+2023-05-22-11h-55m-01s/ext2_f00048.png
CLVR+236539bc+2023-05-22-11h-59m-35s,ext1,b050,31,147,147,20103212,ok,0.5185185185185185,auto,0.9994152046783625,0.0037109375,False,True,0.0,0.0007302517361111111,0.9994152046783625,0.0037109375,masks/CLVR+236539bc+2023-05-22-11h-59m-35s/ext1_f00031.png
CLVR+236539bc+2023-05-22-11h-59m-35s,ext2,b050,31,147,147,20655732,ok,1.0,auto,1.0,0.011997612847222222,False,True,1.0,0.01188693576388889,1.0,0.011997612847222222,masks/CLVR+236539bc+2023-05-22-11h-59m-35s/ext2_f00031.png
CLVR+236539bc+2023-05-22-11h-59m-35s,ext1,b100,51,147,147,20103212,ok,1.0,auto,1.0,0.01592447916666667,False,True,1.0,0.018037109375,1.0,0.01592447916666667,masks/CLVR+236539bc+2023-05-22-11h-59m-35s/ext1_f00051.png
CLVR+236539bc+2023-05-22-11h-59m-35s,ext2,b100,51,147,147,20655732,ok,1.0,auto,1.0,0.0066265190972222224,False,True,0.9818493150684932,0.006336805555555556,1.0,0.0066265190972222224,masks/CLVR+236539bc+2023-05-22-11h-59m-35s/ext2_f00051.png
CLVR+236539bc+2023-05-22-12h-04m-00s,ext1,b050,44,162,162,20103212,ok,0.5,auto,0.9913913448115402,0.004663628472222223,False,True,0.0,0.0008973524305555555,0.9913913448115402,0.004663628472222223,masks/CLVR+236539bc+2023-05-22-12h-04m-00s/ext1_f00044.png
CLVR+236539bc+2023-05-22-12h-04m-00s,ext2,b050,44,162,162,20655732,ok,1.0,auto,1.0,0.016524522569444443,False,True,1.0,0.016141493055555556,1.0,0.016524522569444443,masks/CLVR+236539bc+2023-05-22-12h-04m-00s/ext2_f00044.png
CLVR+236539bc+2023-05-22-12h-04m-00s,ext1,b100,59,162,162,20103212,ok,1.0,auto,1.0,0.029463975694444443,False,True,0.9962212072421385,0.03302191840277778,1.0,0.029463975694444443,masks/CLVR+236539bc+2023-05-22-12h-04m-00s/ext1_f00059.png
CLVR+236539bc+2023-05-22-12h-04m-00s,ext2,b100,59,162,162,20655732,ok,1.0,auto,1.0,0.009865451388888889,False,True,0.9859484777517564,0.01019314236111111,1.0,0.009865451388888889,masks/CLVR+236539bc+2023-05-22-12h-04m-00s/ext2_f00059.png
CLVR+236539bc+2023-05-22-12h-21m-42s,ext2,b050,41,119,119,20655732,ok,1.0,auto,0.9022710101773255,0.024415147569444445,False,True,0.5063403125921557,0.0036794704861111112,0.9022710101773255,0.024415147569444445,masks/CLVR+236539bc+2023-05-22-12h-21m-42s/ext2_f00041.png
CLVR+236539bc+2023-05-22-12h-21m-42s,ext2,b100,50,119,119,20655732,ok,1.0,auto,0.515056771433273,0.013187934027777778,False,True,0.4499769124211175,0.01409939236111111,0.515056771433273,0.013187934027777778,masks/CLVR+236539bc+2023-05-22-12h-21m-42s/ext2_f00050.png
CLVR+236539bc+2023-05-22-12h-22m-59s,ext2,b050,0,116,116,20655732,ok,1.0,auto,0.9909395669112984,0.023951822916666667,False,True,0.00033388981636062187,0.0064995659722222225,0.9909395669112984,0.023951822916666667,masks/CLVR+236539bc+2023-05-22-12h-22m-59s/ext2_f00000.png
CLVR+236539bc+2023-05-22-12h-22m-59s,ext2,b100,40,116,116,20655732,ok,1.0,auto,0.4294729849424269,0.009800347222222222,False,True,0.25955949831752834,0.007094184027777777,0.4294729849424269,0.009800347222222222,masks/CLVR+236539bc+2023-05-22-12h-22m-59s/ext2_f00040.png
CLVR+236539bc+2023-05-29-21h-59m-48s,ext1,b050,0,126,126,20103212,ok,0.5,auto,1.0,0.008352864583333333,False,True,0.9996947496947497,0.007109375,1.0,0.008352864583333333,masks/CLVR+236539bc+2023-05-29-21h-59m-48s/ext1_f00000.png
CLVR+236539bc+2023-05-29-21h-59m-48s,ext2,b050,0,126,126,20655732,ok,0.7222222222222222,auto,1.0,0.0005588107638888889,False,True,0.0,0.0014040798611111112,1.0,0.0005588107638888889,masks/CLVR+236539bc+2023-05-29-21h-59m-48s/ext2_f00000.png
CLVR+236539bc+2023-05-29-21h-59m-48s,ext1,b100,103,126,126,20103212,ok,1.0,auto,1.0,0.007571614583333333,False,True,0.6226277372262774,0.0044596354166666664,1.0,0.007571614583333333,masks/CLVR+236539bc+2023-05-29-21h-59m-48s/ext1_f00103.png
CLVR+236539bc+2023-05-29-21h-59m-48s,ext2,b100,103,126,126,20655732,ok,1.0,auto,0.7910941475826971,0.008528645833333333,False,True,0.7350008173941475,0.006637369791666667,0.7910941475826971,0.008528645833333333,masks/CLVR+236539bc+2023-05-29-21h-59m-48s/ext2_f00103.png
CLVR+236539bc+2023-05-29-22h-34m-38s,ext1,b050,39,375,375,20103212,ok,0.6666666666666666,auto,0.9833230811291094,0.015875651041666668,False,True,0.005802707930367523,0.0005609809027777778,0.9833230811291094,0.015875651041666668,masks/CLVR+236539bc+2023-05-29-22h-34m-38s/ext1_f00039.png
CLVR+236539bc+2023-05-29-22h-34m-38s,ext1,b100,49,375,375,20103212,ok,1.0,auto,0.5006330449461911,0.010284288194444444,False,True,0.0,0.0014192708333333334,0.5006330449461911,0.010284288194444444,masks/CLVR+236539bc+2023-05-29-22h-34m-38s/ext1_f00049.png
CLVR+236539bc+2023-05-29-22h-39m-00s,ext1,b050,27,145,145,20103212,ok,1.0,auto,0.33731664137582196,0.017161458333333334,False,True,0.09627644830453663,0.011743706597222223,0.33731664137582196,0.017161458333333334,masks/CLVR+236539bc+2023-05-29-22h-39m-00s/ext1_f00027.png
CLVR+236539bc+2023-05-29-22h-39m-00s,ext1,b100,35,145,145,20103212,ok,1.0,auto,0.26974259349198637,0.011170789930555555,False,True,0.18962868117797693,0.00847439236111111,0.26974259349198637,0.011170789930555555,masks/CLVR+236539bc+2023-05-29-22h-39m-00s/ext1_f00035.png
CLVR+236539bc+2023-05-30-00h-17m-53s,ext1,b050,34,167,167,20103212,ok,1.0,auto,0.34608310822461064,0.037758246527777775,False,True,0.018916135921589583,0.028451605902777777,0.34608310822461064,0.037758246527777775,masks/CLVR+236539bc+2023-05-30-00h-17m-53s/ext1_f00034.png
CLVR+236539bc+2023-05-30-00h-17m-53s,ext2,b050,34,167,167,20655732,ok,0.5185185185185185,auto,0.6487713675213675,0.01625,False,True,0.0,0.0027452256944444442,0.6487713675213675,0.01625,masks/CLVR+236539bc+2023-05-30-00h-17m-53s/ext2_f00034.png
CLVR+236539bc+2023-05-30-00h-41m-43s,ext2,b050,28,124,124,20655732,ok,0.5,auto,0.2988498639624042,0.017547743055555554,False,True,0.009676755198682274,0.010540364583333333,0.2988498639624042,0.017547743055555554,masks/CLVR+236539bc+2023-05-30-00h-41m-43s/ext2_f00028.png
CLVR+236539bc+2023-05-30-01h-15m-45s,ext2,b050,36,198,198,20655732,ok,0.5,auto,0.34686684073107055,0.008311631944444444,False,True,0.004742547425474308,0.003203125,0.34686684073107055,0.008311631944444444,masks/CLVR+236539bc+2023-05-30-01h-15m-45s/ext2_f00036.png
CLVR+236539bc+2023-05-30-01h-38m-26s,ext2,b050,27,110,110,20655732,ok,0.5,auto,0.8359064644275912,0.024036458333333333,False,True,0.6852448453608248,0.026944444444444444,0.8359064644275912,0.024036458333333333,masks/CLVR+236539bc+2023-05-30-01h-38m-26s/ext2_f00027.png
CLVR+236539bc+2023-05-30-01h-38m-26s,ext2,b100,85,110,110,20655732,ok,1.0,auto,0.3352572061340223,0.03233615451388889,False,True,0.0029588102468270927,0.013935546875,0.3352572061340223,0.03233615451388889,masks/CLVR+236539bc+2023-05-30-01h-38m-26s/ext2_f00085.png
CLVR+236539bc+2023-05-30-01h-39m-29s,ext2,b050,28,194,194,20655732,ok,0.5,auto,0.7504166203755138,0.03906684027777778,False,True,0.6455989722056842,0.03462782118055555,0.7504166203755138,0.03906684027777778,masks/CLVR+236539bc+2023-05-30-01h-39m-29s/ext2_f00028.png
CLVR+236539bc+2023-05-30-01h-39m-29s,ext2,b100,36,194,194,20655732,ok,1.0,auto,0.6176407101613512,0.04021484375,False,True,0.09143025135969429,0.014763454861111112,0.6176407101613512,0.04021484375,masks/CLVR+236539bc+2023-05-30-01h-39m-29s/ext2_f00036.png
CLVR+236539bc+2023-06-06-00h-43m-50s,ext2,b050,16,134,134,20655732,ok,0.5,auto,0.27431754874651815,0.009738498263888888,False,True,0.0007623403849819077,0.01138671875,0.27431754874651815,0.009738498263888888,masks/CLVR+236539bc+2023-06-06-00h-43m-50s/ext2_f00016.png
CLVR+236539bc+2023-06-06-01h-20m-51s,ext2,b050,18,159,159,20655732,ok,0.5,auto,0.6423327388112323,0.05231987847222222,False,True,0.003613620569840159,0.015614149305555556,0.6423327388112323,0.05231987847222222,masks/CLVR+236539bc+2023-06-06-01h-20m-51s/ext2_f00018.png
CLVR+236539bc+2023-06-06-01h-20m-51s,ext2,b100,36,159,159,20655732,ok,1.0,auto,0.6788790537053944,0.027336154513888888,False,True,0.24253108183336425,0.011694878472222222,0.6788790537053944,0.027336154513888888,masks/CLVR+236539bc+2023-06-06-01h-20m-51s/ext2_f00036.png
CLVR+236539bc+2023-06-06-01h-27m-28s,ext2,b050,26,166,166,20655732,ok,0.6296296296296297,auto,0.20135908440629469,0.0273046875,False,True,0.04320141499005081,0.02453884548611111,0.20135908440629469,0.0273046875,masks/CLVR+236539bc+2023-06-06-01h-27m-28s/ext2_f00026.png
CLVR+236539bc+2023-06-06-01h-27m-28s,ext2,b100,46,166,166,20655732,ok,1.0,auto,0.26174263479710946,0.015616319444444445,False,True,0.0,0.009913194444444445,0.26174263479710946,0.015616319444444445,masks/CLVR+236539bc+2023-06-06-01h-27m-28s/ext2_f00046.png
CLVR+236539bc+2023-06-06-01h-51m-04s,ext1,b050,18,138,138,20103212,ok,0.5,auto,0.3180709326327641,0.0057823350694444445,False,True,0.0,0.004962022569444445,0.3180709326327641,0.0057823350694444445,masks/CLVR+236539bc+2023-06-06-01h-51m-04s/ext1_f00018.png
CLVR+236539bc+2023-06-06-01h-52m-42s,ext1,b050,21,171,171,20103212,ok,0.5185185185185185,auto,0.20160280490859006,0.008665364583333333,False,True,0.17964632860990748,0.009265407986111111,0.20160280490859006,0.008665364583333333,masks/CLVR+236539bc+2023-06-06-01h-52m-42s/ext1_f00021.png
CLVR+236539bc+2023-06-20-02h-57m-02s,ext1,b050,0,156,156,20103212,ok,1.0,auto,0.8656221753540223,0.010804036458333333,False,True,0.6730811283621255,0.00992404513888889,0.8656221753540223,0.010804036458333333,masks/CLVR+236539bc+2023-06-20-02h-57m-02s/ext1_f00000.png
CLVR+236539bc+2023-06-20-02h-57m-02s,ext2,b050,0,156,156,20655732,ok,1.0,auto,1.0,0.04449001736111111,False,True,1.0,0.032724609375,1.0,0.04449001736111111,masks/CLVR+236539bc+2023-06-20-02h-57m-02s/ext2_f00000.png
CLVR+236539bc+2023-06-20-03h-01m-57s,ext1,b050,0,118,118,20103212,ok,1.0,auto,0.8197101987739179,0.011681857638888888,False,True,0.8146369030799661,0.011520182291666667,0.8197101987739179,0.011681857638888888,masks/CLVR+236539bc+2023-06-20-03h-01m-57s/ext1_f00000.png
CLVR+236539bc+2023-06-20-03h-01m-57s,ext2,b050,0,118,118,20655732,ok,1.0,auto,1.0,0.03159830729166667,False,True,1.0,0.026704644097222223,1.0,0.03159830729166667,masks/CLVR+236539bc+2023-06-20-03h-01m-57s/ext2_f00000.png
CLVR+236539bc+2023-06-20-03h-03m-53s,ext1,b050,0,143,143,20103212,ok,1.0,auto,0.6638504716162259,0.018751085069444444,False,True,0.6438172043010753,0.017760416666666667,0.6638504716162259,0.018751085069444444,masks/CLVR+236539bc+2023-06-20-03h-03m-53s/ext1_f00000.png
CLVR+236539bc+2023-06-20-03h-03m-53s,ext2,b050,0,143,143,20655732,ok,0.8888888888888888,auto,1.0,0.027034505208333334,False,True,1.0,0.026323784722222222,1.0,0.027034505208333334,masks/CLVR+236539bc+2023-06-20-03h-03m-53s/ext2_f00000.png
CLVR+236539bc+2023-06-20-03h-03m-53s,ext1,b100,19,143,143,20103212,ok,1.0,auto,0.7208899717876378,0.016922743055555557,False,True,0.7129117259552042,0.016471354166666667,0.7208899717876378,0.016922743055555557,masks/CLVR+236539bc+2023-06-20-03h-03m-53s/ext1_f00019.png
CLVR+236539bc+2023-06-20-03h-03m-53s,ext2,b100,19,143,143,20655732,ok,1.0,auto,1.0,0.02680447048611111,False,True,1.0,0.026741536458333333,1.0,0.02680447048611111,masks/CLVR+236539bc+2023-06-20-03h-03m-53s/ext2_f00019.png
CLVR+236539bc+2023-06-20-03h-06m-56s,ext1,b050,18,144,144,20103212,ok,0.6666666666666666,auto,0.8385041727718672,0.017032335069444446,False,True,0.0731014904187367,0.006115451388888889,0.8385041727718672,0.017032335069444446,masks/CLVR+236539bc+2023-06-20-03h-06m-56s/ext1_f00018.png
CLVR+236539bc+2023-06-20-03h-06m-56s,ext2,b050,18,144,144,20655732,ok,0.5740740740740741,auto,1.0,0.002880859375,False,True,0.6387402223137093,0.005271267361111111,1.0,0.002880859375,masks/CLVR+236539bc+2023-06-20-03h-06m-56s/ext2_f00018.png
CLVR+236539bc+2023-06-20-03h-06m-56s,ext1,b100,25,144,144,20103212,ok,1.0,auto,0.992219387755102,0.008506944444444444,False,True,0.6412035102381948,0.012982855902777778,0.992219387755102,0.008506944444444444,masks/CLVR+236539bc+2023-06-20-03h-06m-56s/ext1_f00025.png
CLVR+236539bc+2023-06-20-03h-06m-56s,ext2,b100,25,144,144,20655732,ok,1.0,auto,1.0,0.004450954861111111,False,True,0.0,0.0017426215277777778,1.0,0.004450954861111111,masks/CLVR+236539bc+2023-06-20-03h-06m-56s/ext2_f00025.png
CLVR+236539bc+2023-06-20-04h-19m-27s,ext1,b050,24,141,141,20103212,ok,1.0,auto,0.9991925716592652,0.002687717013888889,False,True,0.0002623983206507807,0.033081597222222224,0.9991925716592652,0.002687717013888889,masks/CLVR+236539bc+2023-06-20-04h-19m-27s/ext1_f00024.png
CLVR+236539bc+2023-06-20-04h-19m-27s,ext2,b050,24,141,141,20655732,ok,0.5,auto,1.0,0.003957248263888889,False,True,0.0,0.0013292100694444445,1.0,0.003957248263888889,masks/CLVR+236539bc+2023-06-20-04h-19m-27s/ext2_f00024.png
CLVR+236539bc+2023-06-20-04h-19m-27s,ext1,b100,31,141,141,20103212,ok,1.0,auto,1.0,0.021460503472222222,False,True,0.0,0.00044813368055555557,1.0,0.021460503472222222,masks/CLVR+236539bc+2023-06-20-04h-19m-27s/ext1_f00031.png
CLVR+236539bc+2023-06-20-04h-20m-11s,ext1,b050,21,118,118,20103212,ok,1.0,auto,0.9969151670951156,0.004220920138888889,False,True,0.034123446586179385,0.03675889756944444,0.9969151670951156,0.004220920138888889,masks/CLVR+236539bc+2023-06-20-04h-20m-11s/ext1_f00021.png
CLVR+236539bc+2023-06-20-04h-20m-11s,ext2,b050,21,118,118,20655732,ok,0.5370370370370371,auto,1.0,0.003000217013888889,False,True,0.0,0.0013292100694444445,1.0,0.003000217013888889,masks/CLVR+236539bc+2023-06-20-04h-20m-11s/ext2_f00021.png
CLVR+236539bc+2023-06-20-04h-20m-11s,ext1,b100,27,118,118,20103212,ok,1.0,auto,1.0,0.036907552083333336,False,True,0.005610972568578565,0.0034809027777777776,1.0,0.036907552083333336,masks/CLVR+236539bc+2023-06-20-04h-20m-11s/ext1_f00027.png
CLVR+236539bc+2023-06-20-04h-20m-11s,ext2,b100,27,118,118,20655732,ok,1.0,auto,0.4651991438786125,0.09074761284722223,False,True,0.01770959355453161,0.04215386284722222,0.4651991438786125,0.09074761284722223,masks/CLVR+236539bc+2023-06-20-04h-20m-11s/ext2_f00027.png
CLVR+236539bc+2023-06-25-17h-52m-04s,ext2,b050,0,153,153,20655732,ok,0.9444444444444444,auto,0.22440287769784173,0.018853081597222224,False,True,0.2232542139662883,0.01892578125,0.22440287769784173,0.018853081597222224,masks/CLVR+236539bc+2023-06-25-17h-52m-04s/ext2_f00000.png
CLVR+236539bc+2023-08-06-22h-27m-42s,ext1,b050,26,204,204,20103212,ok,0.5555555555555556,auto,1.0,0.010866970486111112,False,True,1.0,0.00019422743055555556,1.0,0.010866970486111112,masks/CLVR+236539bc+2023-08-06-22h-27m-42s/ext1_f00026.png
CLVR+236539bc+2023-08-06-22h-27m-42s,ext1,b100,42,204,204,20103212,ok,1.0,auto,0.8528478057889822,0.017431640625,False,True,0.8467821782178218,0.013151041666666667,0.8528478057889822,0.017431640625,masks/CLVR+236539bc+2023-08-06-22h-27m-42s/ext1_f00042.png
CLVR+236539bc+2023-08-06-22h-38m-05s,ext2,b050,0,149,149,20655732,ok,1.0,auto,1.0,0.03137912326388889,False,True,1.0,0.031110026041666666,1.0,0.03137912326388889,masks/CLVR+236539bc+2023-08-06-22h-38m-05s/ext2_f00000.png
CLVR+236539bc+2023-08-06-22h-44m-45s,ext1,b050,0,153,153,20103212,ok,0.8518518518518519,auto,1.0,0.002045355902777778,False,True,0.0019255455712451353,0.0016905381944444444,1.0,0.002045355902777778,masks/CLVR+236539bc+2023-08-06-22h-44m-45s/ext1_f00000.png
CLVR+236539bc+2023-08-06-22h-44m-45s,ext2,b050,0,153,153,20655732,ok,1.0,auto,0.9952082891293585,0.0613671875,False,True,0.01546619531595228,0.004911024305555556,0.9952082891293585,0.0613671875,masks/CLVR+236539bc+2023-08-06-22h-44m-45s/ext2_f00000.png
CLVR+236539bc+2023-08-06-22h-44m-45s,ext1,b100,26,153,153,20103212,ok,1.0,auto,1.0,0.0020876736111111113,False,True,0.3344425956738769,0.0019563802083333334,1.0,0.0020876736111111113,masks/CLVR+236539bc+2023-08-06-22h-44m-45s/ext1_f00026.png
CLVR+236539bc+2023-08-06-22h-44m-45s,ext2,b100,26,153,153,20655732,ok,1.0,auto,1.0,0.04334635416666666,False,True,0.0,0.006748046875,1.0,0.04334635416666666,masks/CLVR+236539bc+2023-08-06-22h-44m-45s/ext2_f00026.png
GuptaLab+553d1bd5+2023-04-20-14h-22m-58s,ext2,b050,0,191,191,26638268,ok,1.0,auto,0.24650904033379695,0.019504123263888888,False,True,0.22575985207442506,0.018778211805555556,0.24650904033379695,0.019504123263888888,masks/GuptaLab+553d1bd5+2023-04-20-14h-22m-58s/ext2_f00000.png
GuptaLab+553d1bd5+2023-04-20-14h-32m-32s,ext2,b050,0,293,293,26638268,ok,1.0,auto,0.4651031364792314,0.007680121527777778,False,True,0.44817927170868344,0.0077473958333333336,0.4651031364792314,0.007680121527777778,masks/GuptaLab+553d1bd5+2023-04-20-14h-32m-32s/ext2_f00000.png
GuptaLab+553d1bd5+2023-04-20-14h-38m-52s,ext2,b050,0,163,163,26638268,ok,1.0,auto,0.5259510677414793,0.0076725260416666665,False,True,0.5116772823779193,0.007666015625,0.5259510677414793,0.0076725260416666665,masks/GuptaLab+553d1bd5+2023-04-20-14h-38m-52s/ext2_f00000.png
GuptaLab+553d1bd5+2023-04-20-14h-46m-15s,ext2,b050,0,179,179,26638268,ok,1.0,auto,0.6205487448920024,0.013011067708333334,False,True,0.6125995035521699,0.012676866319444445,0.6205487448920024,0.013011067708333334,masks/GuptaLab+553d1bd5+2023-04-20-14h-46m-15s/ext2_f00000.png
GuptaLab+553d1bd5+2023-04-20-14h-49m-31s,ext2,b050,0,180,180,26638268,ok,1.0,auto,0.7729536775693177,0.013070746527777777,False,True,0.7680338266384779,0.012830946180555556,0.7729536775693177,0.013070746527777777,masks/GuptaLab+553d1bd5+2023-04-20-14h-49m-31s/ext2_f00000.png
GuptaLab+553d1bd5+2023-04-20-14h-52m-45s,ext2,b050,0,172,172,26638268,ok,1.0,auto,0.2318908019233752,0.006995442708333333,False,True,0.12779996527174853,0.006248914930555556,0.2318908019233752,0.006995442708333333,masks/GuptaLab+553d1bd5+2023-04-20-14h-52m-45s/ext2_f00000.png
GuptaLab+553d1bd5+2023-04-20-14h-55m-05s,ext2,b050,0,143,143,26638268,ok,1.0,auto,0.5784276490695024,0.019998914930555556,False,True,0.5604900459418071,0.019130859375,0.5784276490695024,0.019998914930555556,masks/GuptaLab+553d1bd5+2023-04-20-14h-55m-05s/ext2_f00000.png
GuptaLab+553d1bd5+2023-04-20-14h-57m-42s,ext2,b050,0,164,164,26638268,ok,1.0,auto,0.6514276547962785,0.013528645833333333,False,True,0.6536317298502707,0.013624131944444444,0.6514276547962785,0.013528645833333333,masks/GuptaLab+553d1bd5+2023-04-20-14h-57m-42s/ext2_f00000.png
GuptaLab+553d1bd5+2023-06-18-18h-44m-05s,ext1,b050,0,85,85,22246076,ok,0.6111111111111112,auto,0.9546165884194053,0.00138671875,False,True,0.013788098693759077,0.004485677083333334,0.9546165884194053,0.00138671875,masks/GuptaLab+553d1bd5+2023-06-18-18h-44m-05s/ext1_f00000.png
GuptaLab+553d1bd5+2023-06-18-18h-54m-02s,ext1,b050,0,76,76,22246076,ok,0.6111111111111112,auto,0.9997782705099778,0.004893663194444444,False,True,0.0,0.003942057291666667,0.9997782705099778,0.004893663194444444,masks/GuptaLab+553d1bd5+2023-06-18-18h-54m-02s/ext1_f00000.png
GuptaLab+553d1bd5+2023-06-18-21h-08m-11s,ext1,b050,20,100,100,22246076,ok,0.5185185185185185,auto,1.0,0.0006315104166666666,False,True,0.000234082397003732,0.009270833333333334,1.0,0.0006315104166666666,masks/GuptaLab+553d1bd5+2023-06-18-21h-08m-11s/ext1_f00020.png
ILIAD+50aee79f+2023-08-19-11h-09m-48s,ext1,b050,90,267,267,23897859,ok,0.5555555555555556,auto,0.4402482269503546,0.018359375,False,True,0.02221438645980256,0.006154513888888889,0.4402482269503546,0.018359375,masks/ILIAD+50aee79f+2023-08-19-11h-09m-48s/ext1_f00090.png
ILIAD+50aee79f+2023-08-19-11h-09m-48s,ext1,b100,113,267,267,23897859,ok,1.0,auto,0.6259813084112149,0.029025607638888888,False,True,0.5569066508489657,0.029268663194444444,0.6259813084112149,0.029025607638888888,masks/ILIAD+50aee79f+2023-08-19-11h-09m-48s/ext1_f00113.png
ILIAD+50aee79f+2023-08-19-11h-18m-42s,ext1,b050,15,225,225,23897859,ok,0.5,auto,0.7718349507370916,0.014647352430555555,False,True,0.0316147859922179,0.002230902777777778,0.7718349507370916,0.014647352430555555,masks/ILIAD+50aee79f+2023-08-19-11h-18m-42s/ext1_f00015.png
ILIAD+50aee79f+2023-08-19-11h-23m-10s,ext1,b050,109,245,245,23897859,ok,0.5,auto,1.0,0.006865234375,False,True,1.0,0.0075217013888888885,1.0,0.006865234375,masks/ILIAD+50aee79f+2023-08-19-11h-23m-10s/ext1_f00109.png
ILIAD+50aee79f+2023-08-19-11h-23m-10s,ext1,b100,197,245,245,23897859,ok,1.0,auto,1.0,0.018116319444444445,False,True,0.9993988939648955,0.01805121527777778,1.0,0.018116319444444445,masks/ILIAD+50aee79f+2023-08-19-11h-23m-10s/ext1_f00197.png
ILIAD+50aee79f+2023-08-29-20h-08m-00s,ext2,b050,78,275,275,27904255,ok,1.0,auto,0.7985467301428213,0.021652560763888887,False,True,0.4722824403840198,0.014014756944444444,0.7985467301428213,0.021652560763888887,masks/ILIAD+50aee79f+2023-08-29-20h-08m-00s/ext2_f00078.png
ILIAD+50aee79f+2023-08-29-20h-08m-00s,ext2,b100,97,275,275,27904255,ok,1.0,auto,0.8718838462240891,0.01188259548611111,False,True,0.7487110941378652,0.005682508680555556,0.8718838462240891,0.01188259548611111,masks/ILIAD+50aee79f+2023-08-29-20h-08m-00s/ext2_f00097.png
ILIAD+5e938e3b+2023-07-17-11h-31m-36s,ext2,b050,0,268,268,27904255,ok,1.0,auto,0.3337173579109063,0.011302083333333334,False,True,0.2321824516946468,0.010276692708333333,0.3337173579109063,0.011302083333333334,masks/ILIAD+5e938e3b+2023-07-17-11h-31m-36s/ext2_f00000.png
ILIAD+5e938e3b+2023-07-17-11h-31m-36s,ext2,b100,76,268,268,27904255,ok,1.0,auto,0.4407447542114078,0.011014539930555555,False,True,0.24136535348084187,0.008042534722222222,0.4407447542114078,0.011014539930555555,masks/ILIAD+5e938e3b+2023-07-17-11h-31m-36s/ext2_f00076.png
ILIAD+5e938e3b+2023-07-17-11h-51m-13s,ext2,b050,0,234,234,27904255,ok,1.0,auto,1.0,0.011950954861111111,False,True,0.9933805277190402,0.011802300347222221,1.0,0.011950954861111111,masks/ILIAD+5e938e3b+2023-07-17-11h-51m-13s/ext2_f00000.png
ILIAD+5e938e3b+2023-07-17-11h-51m-13s,ext2,b100,70,234,234,27904255,ok,1.0,auto,1.0,0.016941189236111112,False,True,0.9603211542936932,0.009325086805555556,1.0,0.016941189236111112,masks/ILIAD+5e938e3b+2023-07-17-11h-51m-13s/ext2_f00070.png
ILIAD+5e938e3b+2023-07-19-13h-39m-49s,ext2,b050,44,135,135,27904255,ok,1.0,auto,0.44387755102040816,0.006167534722222222,False,True,0.0,0.0034353298611111112,0.44387755102040816,0.006167534722222222,masks/ILIAD+5e938e3b+2023-07-19-13h-39m-49s/ext2_f00044.png
ILIAD+5e938e3b+2023-07-19-20h-41m-49s,ext1,b050,0,120,120,23897859,ok,0.6481481481481481,auto,0.6537748567576677,0.012877604166666667,False,True,0.0017044071098125668,0.008912760416666667,0.6537748567576677,0.012877604166666667,masks/ILIAD+5e938e3b+2023-07-19-20h-41m-49s/ext1_f00000.png
ILIAD+5e938e3b+2023-07-20-10h-30m-56s,ext1,b050,7,1034,1034,23897859,ok,0.5,auto,1.0,0.001259765625,False,True,1.0,0.0012543402777777778,1.0,0.001259765625,masks/ILIAD+5e938e3b+2023-07-20-10h-30m-56s/ext1_f00007.png
ILIAD+5e938e3b+2023-07-20-10h-30m-56s,ext2,b050,7,1034,1034,27904255,ok,1.0,auto,0.9983970689260362,0.004738498263888889,False,True,0.7584269662921348,0.007146267361111111,0.9983970689260362,0.004738498263888889,masks/ILIAD+5e938e3b+2023-07-20-10h-30m-56s/ext2_f00007.png
ILIAD+5e938e3b+2023-07-20-10h-30m-56s,ext1,b100,14,1034,1034,23897859,ok,1.0,auto,1.0,0.00838107638888889,False,True,0.9830084957521239,0.002171223958333333,1.0,0.00838107638888889,masks/ILIAD+5e938e3b+2023-07-20-10h-30m-56s/ext1_f00014.png
ILIAD+5e938e3b+2023-07-20-10h-30m-56s,ext2,b100,14,1034,1034,27904255,ok,1.0,auto,1.0,0.003199869791666667,False,True,0.0,7.8125e-05,1.0,0.003199869791666667,masks/ILIAD+5e938e3b+2023-07-20-10h-30m-56s/ext2_f00014.png
ILIAD+5e938e3b+2023-07-20-10h-35m-53s,ext1,b050,18,147,147,23897859,ok,0.5,auto,1.0,0.003900824652777778,False,True,0.0,0.0012217881944444444,1.0,0.003900824652777778,masks/ILIAD+5e938e3b+2023-07-20-10h-35m-53s/ext1_f00018.png
ILIAD+5e938e3b+2023-07-20-10h-35m-53s,ext2,b050,18,147,147,27904255,ok,1.0,auto,1.0,0.004198133680555555,False,True,0.8887293610911702,0.003023003472222222,1.0,0.004198133680555555,masks/ILIAD+5e938e3b+2023-07-20-10h-35m-53s/ext2_f00018.png
ILIAD+5e938e3b+2023-07-20-10h-35m-53s,ext1,b100,30,147,147,23897859,ok,1.0,auto,1.0,0.006630859375,False,True,0.9971830985915493,0.0050075954861111115,1.0,0.006630859375,masks/ILIAD+5e938e3b+2023-07-20-10h-35m-53s/ext1_f00030.png
ILIAD+5e938e3b+2023-07-20-10h-35m-53s,ext2,b100,30,147,147,27904255,ok,1.0,auto,0.984006092916984,0.002849392361111111,False,True,0.8947501261988895,0.004299045138888889,0.984006092916984,0.002849392361111111,masks/ILIAD+5e938e3b+2023-07-20-10h-35m-53s/ext2_f00030.png
ILIAD+5e938e3b+2023-07-20-10h-42m-16s,ext1,b050,15,182,182,23897859,ok,0.5185185185185185,box(auto empty),1.0,8.680555555555556e-05,True,True,0.0,0.0014431423611111112,0.0,0.0014431423611111112,masks/ILIAD+5e938e3b+2023-07-20-10h-42m-16s/ext1_f00015.png
ILIAD+5e938e3b+2023-07-20-10h-42m-16s,ext2,b050,15,182,182,27904255,ok,1.0,auto,0.9670612454966546,0.004216579861111111,False,True,0.018957345971563955,0.0004578993055555556,0.9670612454966546,0.004216579861111111,masks/ILIAD+5e938e3b+2023-07-20-10h-42m-16s/ext2_f00015.png
ILIAD+5e938e3b+2023-07-20-10h-42m-16s,ext1,b100,29,182,182,23897859,ok,1.0,auto,1.0,0.008662109375,False,True,1.0,0.0068825954861111115,1.0,0.008662109375,masks/ILIAD+5e938e3b+2023-07-20-10h-42m-16s/ext1_f00029.png
ILIAD+5e938e3b+2023-07-20-10h-42m-16s,ext2,b100,29,182,182,27904255,ok,1.0,auto,1.0,0.0011371527777777777,False,True,0.7129788450543167,0.005693359375,1.0,0.0011371527777777777,masks/ILIAD+5e938e3b+2023-07-20-10h-42m-16s/ext2_f00029.png
ILIAD+5e938e3b+2023-07-20-10h-43m-02s,ext1,b050,8,248,248,23897859,ok,0.5370370370370371,auto,1.0,0.0010460069444444445,False,True,0.01756561272990287,0.005250651041666667,1.0,0.0010460069444444445,masks/ILIAD+5e938e3b+2023-07-20-10h-43m-02s/ext1_f00008.png
ILIAD+5e938e3b+2023-07-20-10h-43m-02s,ext2,b050,8,248,248,27904255,ok,1.0,auto,0.9750421585160203,0.0032172309027777776,False,True,0.42004845548152636,0.0071657986111111115,0.9750421585160203,0.0032172309027777776,masks/ILIAD+5e938e3b+2023-07-20-10h-43m-02s/ext2_f00008.png
ILIAD+5e938e3b+2023-07-20-10h-43m-02s,ext1,b100,14,248,248,23897859,ok,1.0,auto,1.0,0.010547960069444445,False,True,0.0,0.005323350694444445,1.0,0.010547960069444445,masks/ILIAD+5e938e3b+2023-07-20-10h-43m-02s/ext1_f00014.png
ILIAD+5e938e3b+2023-07-20-10h-43m-02s,ext2,b100,14,248,248,27904255,ok,1.0,auto,1.0,0.0023079427083333333,False,True,0.03375527426160341,0.0005143229166666666,1.0,0.0023079427083333333,masks/ILIAD+5e938e3b+2023-07-20-10h-43m-02s/ext2_f00014.png
ILIAD+5e938e3b+2023-07-20-10h-43m-29s,ext1,b050,61,192,192,23897859,ok,0.5185185185185185,auto,1.0,0.0004351128472222222,True,True,1.0,0.00046875,1.0,0.0004351128472222222,masks/ILIAD+5e938e3b+2023-07-20-10h-43m-29s/ext1_f00061.png
ILIAD+5e938e3b+2023-07-20-10h-43m-29s,ext2,b050,61,192,192,27904255,ok,1.0,auto,0.9646332779492048,0.004571397569444444,False,True,0.29828414550446125,0.015809461805555557,0.9646332779492048,0.004571397569444444,masks/ILIAD+5e938e3b+2023-07-20-10h-43m-29s/ext2_f00061.png
ILIAD+5e938e3b+2023-07-20-10h-43m-29s,ext1,b100,90,192,192,23897859,ok,1.0,auto,1.0,0.0035091145833333333,False,True,0.0,0.0039713541666666664,1.0,0.0035091145833333333,masks/ILIAD+5e938e3b+2023-07-20-10h-43m-29s/ext1_f00090.png
ILIAD+5e938e3b+2023-07-20-10h-43m-29s,ext2,b100,90,192,192,27904255,ok,1.0,auto,0.9794672586015538,0.003910590277777778,False,True,0.026480727044813523,0.0069249131944444445,0.9794672586015538,0.003910590277777778,masks/ILIAD+5e938e3b+2023-07-20-10h-43m-29s/ext2_f00090.png
ILIAD+5e938e3b+2023-07-21-09h-40m-43s,ext2,b050,7,193,193,27904255,ok,1.0,auto,1.0,0.006737196180555556,False,True,0.0,0.0023567708333333335,1.0,0.006737196180555556,masks/ILIAD+5e938e3b+2023-07-21-09h-40m-43s/ext2_f00007.png
ILIAD+5e938e3b+2023-07-21-09h-40m-43s,ext1,b100,12,193,193,23897859,ok,1.0,auto,0.20094034222290735,0.014077690972222221,False,True,0.14270170739872778,0.012964409722222223,0.20094034222290735,0.014077690972222221,masks/ILIAD+5e938e3b+2023-07-21-09h-40m-43s/ext1_f00012.png
ILIAD+5e938e3b+2023-07-21-09h-40m-43s,ext2,b100,12,193,193,27904255,ok,1.0,auto,1.0,0.005530598958333333,False,True,0.15867656988521273,0.0016069878472222223,1.0,0.005530598958333333,masks/ILIAD+5e938e3b+2023-07-21-09h-40m-43s/ext2_f00012.png
ILIAD+5e938e3b+2023-07-21-22h-16m-04s,ext2,b050,0,148,148,27904255,ok,0.7222222222222222,auto,1.0,0.004842664930555555,False,True,0.9945844125264893,0.004608289930555555,1.0,0.004842664930555555,masks/ILIAD+5e938e3b+2023-07-21-22h-16m-04s/ext2_f00000.png
ILIAD+5e938e3b+2023-07-21-22h-16m-04s,ext2,b100,63,148,148,27904255,ok,1.0,auto,1.0,0.003017578125,False,True,0.9806173725771715,0.001511501736111111,1.0,0.003017578125,masks/ILIAD+5e938e3b+2023-07-21-22h-16m-04s/ext2_f00063.png
ILIAD+5e938e3b+2023-07-27-22h-49m-38s,ext1,b050,0,292,292,23897859,ok,1.0,auto,0.5106792499689556,0.03495225694444445,False,True,0.11639611540370032,0.015307074652777778,0.5106792499689556,0.03495225694444445,masks/ILIAD+5e938e3b+2023-07-27-22h-49m-38s/ext1_f00000.png
ILIAD+5e938e3b+2023-07-27-22h-49m-38s,ext2,b050,0,292,292,27904255,ok,1.0,auto,1.0,0.009098307291666666,False,True,0.9988344988344988,0.004654947916666667,1.0,0.009098307291666666,masks/ILIAD+5e938e3b+2023-07-27-22h-49m-38s/ext2_f00000.png
ILIAD+5e938e3b+2023-07-28-10h-41m-54s,ext1,b050,0,460,460,23897859,ok,1.0,auto,0.7846574461241557,0.03373480902777778,False,True,0.0,0.004345703125,0.7846574461241557,0.03373480902777778,masks/ILIAD+5e938e3b+2023-07-28-10h-41m-54s/ext1_f00000.png
ILIAD+5e938e3b+2023-07-28-10h-44m-04s,ext1,b050,0,274,274,23897859,ok,1.0,auto,0.5595779135976597,0.020771484375,False,True,0.17765348248768142,0.008147786458333334,0.5595779135976597,0.020771484375,masks/ILIAD+5e938e3b+2023-07-28-10h-44m-04s/ext1_f00000.png
ILIAD+5e938e3b+2023-07-28-10h-49m-28s,ext1,b050,0,155,155,23897859,ok,1.0,auto,1.0,0.010883246527777777,False,True,0.006014215418261304,0.001984592013888889,1.0,0.010883246527777777,masks/ILIAD+5e938e3b+2023-07-28-10h-49m-28s/ext1_f00000.png
ILIAD+5e938e3b+2023-07-28-11h-21m-45s,ext1,b050,0,378,378,23897859,ok,1.0,auto,1.0,0.023368055555555555,False,True,0.052631578947368474,0.0005978732638888889,1.0,0.023368055555555555,masks/ILIAD+5e938e3b+2023-07-28-11h-21m-45s/ext1_f00000.png
ILIAD+5e938e3b+2023-07-28-11h-21m-45s,ext1,b100,21,378,378,23897859,ok,1.0,auto,1.0,0.01691840277777778,False,True,0.0,0.0005230034722222222,1.0,0.01691840277777778,masks/ILIAD+5e938e3b+2023-07-28-11h-21m-45s/ext1_f00021.png
ILIAD+5e938e3b+2023-07-29-20h-45m-56s,ext2,b100,44,574,574,27904255,ok,1.0,auto,0.42222586461235867,0.006620008680555556,False,True,0.0,0.003589409722222222,0.42222586461235867,0.006620008680555556,masks/ILIAD+5e938e3b+2023-07-29-20h-45m-56s/ext2_f00044.png
ILIAD+7ae1bcff+2023-05-12-16h-44m-32s,ext1,b050,0,1619,1619,23897859,ok,0.8148148148148148,auto,0.5522969705589532,0.03814561631944444,False,True,0.5411017073242159,0.037051866319444446,0.5522969705589532,0.03814561631944444,masks/ILIAD+7ae1bcff+2023-05-12-16h-44m-32s/ext1_f00000.png
ILIAD+7ae1bcff+2023-05-12-16h-44m-32s,ext2,b050,0,1619,1619,27904255,ok,0.6666666666666666,auto,0.44704330094758304,0.009046223958333334,False,True,0.02782324058919805,0.003977864583333333,0.44704330094758304,0.009046223958333334,masks/ILIAD+7ae1bcff+2023-05-12-16h-44m-32s/ext2_f00000.png
ILIAD+7ae1bcff+2023-05-12-16h-44m-32s,ext1,b100,240,1619,1619,23897859,ok,1.0,auto,0.638566334461004,0.01186740451388889,False,True,0.6026859126621598,0.01187717013888889,0.638566334461004,0.01186740451388889,masks/ILIAD+7ae1bcff+2023-05-12-16h-44m-32s/ext1_f00240.png
ILIAD+7ae1bcff+2023-05-12-17h-36m-34s,ext1,b050,82,370,370,23897859,ok,0.5,auto,0.9116627634660421,0.023166232638888888,False,True,0.0,0.002738715277777778,0.9116627634660421,0.023166232638888888,masks/ILIAD+7ae1bcff+2023-05-12-17h-36m-34s/ext1_f00082.png
ILIAD+7ae1bcff+2023-05-12-17h-36m-34s,ext2,b050,82,370,370,27904255,ok,0.5,auto,0.49760000000000004,0.008138020833333334,False,True,0.4219462348687313,0.006902126736111111,0.49760000000000004,0.008138020833333334,masks/ILIAD+7ae1bcff+2023-05-12-17h-36m-34s/ext2_f00082.png
ILIAD+7ae1bcff+2023-05-19-12h-55m-57s,ext2,b050,41,409,409,27904255,ok,0.5,auto,1.0,0.012288411458333334,False,True,0.0065727699530516714,0.003466796875,1.0,0.012288411458333334,masks/ILIAD+7ae1bcff+2023-05-19-12h-55m-57s/ext2_f00041.png
ILIAD+7ae1bcff+2023-05-19-12h-55m-57s,ext2,b100,102,409,409,27904255,ok,1.0,auto,1.0,0.01935763888888889,False,True,0.06186152099886488,0.0019118923611111112,1.0,0.01935763888888889,masks/ILIAD+7ae1bcff+2023-05-19-12h-55m-57s/ext2_f00102.png
ILIAD+7ae1bcff+2023-05-23-19h-10m-01s,ext1,b050,31,375,375,23897859,ok,1.0,auto,1.0,0.010565321180555556,False,True,0.7132358137234118,0.015354817708333333,1.0,0.010565321180555556,masks/ILIAD+7ae1bcff+2023-05-23-19h-10m-01s/ext1_f00031.png
ILIAD+7ae1bcff+2023-05-23-19h-10m-01s,ext1,b100,108,375,375,23897859,ok,1.0,auto,1.0,0.012421875,False,True,0.017142857142857126,0.00037977430555555556,1.0,0.012421875,masks/ILIAD+7ae1bcff+2023-05-23-19h-10m-01s/ext1_f00108.png
ILIAD+7ae1bcff+2023-05-23-19h-18m-52s,ext1,b050,88,326,326,23897859,ok,1.0,auto,1.0,0.007083333333333333,False,True,0.25671704450041977,0.005169270833333333,1.0,0.007083333333333333,masks/ILIAD+7ae1bcff+2023-05-23-19h-18m-52s/ext1_f00088.png
ILIAD+7ae1bcff+2023-05-23-19h-18m-52s,ext1,b100,125,326,326,23897859,ok,1.0,auto,1.0,0.005115017361111111,False,True,0.0035988876165549133,0.006633029513888889,1.0,0.005115017361111111,masks/ILIAD+7ae1bcff+2023-05-23-19h-18m-52s/ext1_f00125.png
ILIAD+7ae1bcff+2023-05-23-19h-25m-22s,ext1,b050,118,369,369,23897859,ok,1.0,auto,1.0,0.030190972222222223,False,True,0.9893760232854284,0.029823133680555555,1.0,0.030190972222222223,masks/ILIAD+7ae1bcff+2023-05-23-19h-25m-22s/ext1_f00118.png
ILIAD+7ae1bcff+2023-05-23-19h-25m-22s,ext1,b100,320,369,369,23897859,ok,1.0,auto,1.0,0.005069444444444444,False,True,0.0,0.004569227430555556,1.0,0.005069444444444444,masks/ILIAD+7ae1bcff+2023-05-23-19h-25m-22s/ext1_f00320.png
ILIAD+7ae1bcff+2023-05-24-19h-01m-26s,ext1,b050,92,421,421,23897859,ok,1.0,auto,0.26269098077870867,0.00880642361111111,False,True,0.03014137103227532,0.004067925347222222,0.26269098077870867,0.00880642361111111,masks/ILIAD+7ae1bcff+2023-05-24-19h-01m-26s/ext1_f00092.png
ILIAD+7ae1bcff+2023-05-24-19h-03m-14s,ext1,b050,99,318,318,23897859,ok,1.0,auto,0.3364854863909218,0.013195529513888889,False,True,0.0005104645227156368,0.0042513020833333335,0.3364854863909218,0.013195529513888889,masks/ILIAD+7ae1bcff+2023-05-24-19h-03m-14s/ext1_f00099.png
ILIAD+7ae1bcff+2023-05-24-19h-03m-14s,ext1,b100,108,318,318,23897859,ok,1.0,auto,0.2327838063439065,0.010399305555555556,False,True,0.002699662542182235,0.004823133680555556,0.2327838063439065,0.010399305555555556,masks/ILIAD+7ae1bcff+2023-05-24-19h-03m-14s/ext1_f00108.png
ILIAD+7ae1bcff+2023-05-25-19h-20m-45s,ext1,b050,37,213,213,23897859,ok,0.5,auto,0.8784598732024123,0.007017144097222222,False,True,0.11622372074573584,0.0027354600694444444,0.8784598732024123,0.007017144097222222,masks/ILIAD+7ae1bcff+2023-05-25-19h-20m-45s/ext1_f00037.png
ILIAD+7ae1bcff+2023-05-25-19h-20m-45s,ext2,b050,37,213,213,27904255,ok,0.6666666666666666,auto,1.0,0.007477213541666666,False,True,0.9944954128440366,0.0011827256944444444,1.0,0.007477213541666666,masks/ILIAD+7ae1bcff+2023-05-25-19h-20m-45s/ext2_f00037.png
ILIAD+7ae1bcff+2023-05-25-19h-20m-45s,ext1,b100,61,213,213,23897859,ok,1.0,auto,0.9943659370093285,0.011748046875,False,True,0.0,0.004656032986111111,0.9943659370093285,0.011748046875,masks/ILIAD+7ae1bcff+2023-05-25-19h-20m-45s/ext1_f00061.png
ILIAD+7ae1bcff+2023-05-25-19h-20m-45s,ext2,b100,61,213,213,27904255,ok,1.0,auto,1.0,0.013006727430555556,False,True,0.0,3.146701388888889e-05,1.0,0.013006727430555556,masks/ILIAD+7ae1bcff+2023-05-25-19h-20m-45s/ext2_f00061.png
ILIAD+7ae1bcff+2023-05-26-17h-55m-04s,ext1,b050,0,338,338,23897859,ok,0.5185185185185185,auto,1.0,0.017628038194444445,False,True,0.0,0.004520399305555555,1.0,0.017628038194444445,masks/ILIAD+7ae1bcff+2023-05-26-17h-55m-04s/ext1_f00000.png
ILIAD+7ae1bcff+2023-05-26-17h-55m-04s,ext2,b050,0,338,338,27904255,ok,1.0,auto,0.9878966149098274,0.02250217013888889,False,True,0.0,0.006847873263888889,0.9878966149098274,0.02250217013888889,masks/ILIAD+7ae1bcff+2023-05-26-17h-55m-04s/ext2_f00000.png
ILIAD+7ae1bcff+2023-05-26-17h-55m-04s,ext1,b100,218,338,338,23897859,ok,1.0,auto,0.9994981431295794,0.010810546875,False,True,0.0,0.006223958333333333,0.9994981431295794,0.010810546875,masks/ILIAD+7ae1bcff+2023-05-26-17h-55m-04s/ext1_f00218.png
ILIAD+7ae1bcff+2023-05-26-17h-55m-04s,ext2,b100,218,338,338,27904255,ok,1.0,auto,0.9980375263258664,0.022669270833333335,False,True,0.19464285714285712,0.0024305555555555556,0.9980375263258664,0.022669270833333335,masks/ILIAD+7ae1bcff+2023-05-26-17h-55m-04s/ext2_f00218.png
ILIAD+7ae1bcff+2023-05-29-19h-46m-07s,ext2,b050,57,183,183,27904255,ok,1.0,auto,0.9982395694489853,0.04314561631944445,False,True,0.01757693091501933,0.021297743055555554,0.9982395694489853,0.04314561631944445,masks/ILIAD+7ae1bcff+2023-05-29-19h-46m-07s/ext2_f00057.png
ILIAD+7ae1bcff+2023-05-29-19h-46m-07s,ext2,b100,142,183,183,27904255,ok,1.0,auto,1.0,0.044315321180555554,False,True,0.005730659025787954,0.0003786892361111111,1.0,0.044315321180555554,masks/ILIAD+7ae1bcff+2023-05-29-19h-46m-07s/ext2_f00142.png
ILIAD+7ae1bcff+2023-05-29-20h-20m-04s,ext2,b050,38,386,386,27904255,ok,0.9074074074074074,auto,0.4796568472844257,0.034403211805555556,False,True,0.0,0.00896484375,0.4796568472844257,0.034403211805555556,masks/ILIAD+7ae1bcff+2023-05-29-20h-20m-04s/ext2_f00038.png
ILIAD+7ae1bcff+2023-05-29-20h-20m-04s,ext2,b100,106,386,386,27904255,ok,1.0,auto,0.5459577323045958,0.03234592013888889,False,True,0.4336199416265678,0.027510850694444443,0.5459577323045958,0.03234592013888889,masks/ILIAD+7ae1bcff+2023-05-29-20h-20m-04s/ext2_f00106.png
ILIAD+7ae1bcff+2023-05-30-16h-45m-45s,ext1,b050,0,387,387,23897859,ok,1.0,auto,0.9999453522050386,0.019855685763888888,False,True,0.9701659221442246,0.020403645833333334,0.9999453522050386,0.019855685763888888,masks/ILIAD+7ae1bcff+2023-05-30-16h-45m-45s/ext1_f00000.png
ILIAD+7ae1bcff+2023-05-30-17h-00m-22s,ext1,b050,0,200,200,23897859,ok,1.0,auto,0.9998974043295373,0.010576171875,False,True,0.0,0.0008648003472222222,0.9998974043295373,0.010576171875,masks/ILIAD+7ae1bcff+2023-05-30-17h-00m-22s/ext1_f00000.png
ILIAD+7ae1bcff+2023-05-31-17h-56m-05s,ext2,b100,9,185,185,27904255,ok,1.0,auto,0.24306759098786823,0.01252170138888889,False,True,0.2263720848676135,0.012376302083333334,0.24306759098786823,0.01252170138888889,masks/ILIAD+7ae1bcff+2023-05-31-17h-56m-05s/ext2_f00009.png
ILIAD+7ae1bcff+2023-05-31-19h-24m-49s,ext1,b050,0,288,288,23897859,ok,0.5185185185185185,auto,1.0,0.0007682291666666666,False,True,0.0,0.0012185329861111112,1.0,0.0007682291666666666,masks/ILIAD+7ae1bcff+2023-05-31-19h-24m-49s/ext1_f00000.png
ILIAD+7ae1bcff+2023-05-31-19h-24m-49s,ext2,b050,0,288,288,27904255,ok,0.7777777777777778,auto,0.2885616987179487,0.021666666666666667,False,True,0.015202952029520267,0.007351345486111111,0.2885616987179487,0.021666666666666667,masks/ILIAD+7ae1bcff+2023-05-31-19h-24m-49s/ext2_f00000.png
ILIAD+7ae1bcff+2023-05-31-19h-24m-49s,ext1,b100,49,288,288,23897859,ok,1.0,auto,1.0,0.0029730902777777776,False,True,0.0,0.0018435329861111111,1.0,0.0029730902777777776,masks/ILIAD+7ae1bcff+2023-05-31-19h-24m-49s/ext1_f00049.png
ILIAD+7ae1bcff+2023-05-31-19h-24m-49s,ext2,b100,49,288,288,27904255,ok,1.0,auto,0.31533301714208284,0.016014539930555554,False,True,0.26807988548837847,0.015919053819444445,0.31533301714208284,0.016014539930555554,masks/ILIAD+7ae1bcff+2023-05-31-19h-24m-49s/ext2_f00049.png
ILIAD+7ae1bcff+2023-06-04-18h-46m-27s,ext2,b050,8,458,458,27904255,ok,0.9259259259259259,auto,0.7485215485480001,0.05742947048611111,False,True,0.7124684113590611,0.05066623263888889,0.7485215485480001,0.05742947048611111,masks/ILIAD+7ae1bcff+2023-06-04-18h-46m-27s/ext2_f00008.png
ILIAD+7ae1bcff+2023-06-04-18h-46m-27s,ext2,b100,78,458,458,27904255,ok,1.0,auto,0.7646138101258202,0.018024088541666667,False,True,0.06652528183949102,0.019442274305555556,0.7646138101258202,0.018024088541666667,masks/ILIAD+7ae1bcff+2023-06-04-18h-46m-27s/ext2_f00078.png
ILIAD+7ae1bcff+2023-06-04-19h-59m-28s,ext2,b050,17,169,169,27904255,ok,0.6851851851851852,auto,1.0,0.007176649305555556,False,True,0.9922313336210618,0.002514105902777778,1.0,0.007176649305555556,masks/ILIAD+7ae1bcff+2023-06-04-19h-59m-28s/ext2_f00017.png
ILIAD+7ae1bcff+2023-06-04-19h-59m-28s,ext2,b100,24,169,169,27904255,ok,1.0,auto,1.0,0.041827256944444446,False,True,0.9830159016520192,0.04210177951388889,1.0,0.041827256944444446,masks/ILIAD+7ae1bcff+2023-06-04-19h-59m-28s/ext2_f00024.png
ILIAD+7ae1bcff+2023-06-04-20h-00m-59s,ext2,b050,29,151,151,27904255,ok,0.8333333333333334,auto,1.0,0.001982421875,False,True,0.0,0.0017719184027777779,1.0,0.001982421875,masks/ILIAD+7ae1bcff+2023-06-04-20h-00m-59s/ext2_f00029.png
ILIAD+7ae1bcff+2023-06-04-20h-00m-59s,ext2,b100,49,151,151,27904255,ok,1.0,auto,1.0,0.0024370659722222224,False,True,0.0,0.00020182291666666667,1.0,0.0024370659722222224,masks/ILIAD+7ae1bcff+2023-06-04-20h-00m-59s/ext2_f00049.png
ILIAD+7ae1bcff+2023-06-04-20h-19m-40s,ext2,b050,14,218,218,27904255,ok,0.8333333333333334,auto,0.9976133651551312,0.0018185763888888889,False,True,0.0005485714285714538,0.023735894097222224,0.9976133651551312,0.0018185763888888889,masks/ILIAD+7ae1bcff+2023-06-04-20h-19m-40s/ext2_f00014.png
ILIAD+7ae1bcff+2023-06-04-20h-19m-40s,ext2,b100,45,218,218,27904255,ok,1.0,auto,1.0,0.022901475694444444,False,True,1.0,0.02498046875,1.0,0.022901475694444444,masks/ILIAD+7ae1bcff+2023-06-04-20h-19m-40s/ext2_f00045.png
ILIAD+7ae1bcff+2023-06-04-20h-25m-47s,ext2,b050,0,398,398,27904255,ok,1.0,auto,1.0,0.002705078125,False,True,0.0,0.006815321180555556,1.0,0.002705078125,masks/ILIAD+7ae1bcff+2023-06-04-20h-25m-47s/ext2_f00000.png
ILIAD+7ae1bcff+2023-06-04-20h-25m-47s,ext2,b100,38,398,398,27904255,ok,1.0,auto,1.0,0.0015440538194444445,False,True,0.6457780138077536,0.002043185763888889,1.0,0.0015440538194444445,masks/ILIAD+7ae1bcff+2023-06-04-20h-25m-47s/ext2_f00038.png
ILIAD+j807b3f8+2023-05-11-17h-34m-39s,ext2,b050,13,328,328,27904255,ok,1.0,auto,1.0,0.009753689236111111,False,True,1.0,0.008919270833333333,1.0,0.009753689236111111,masks/ILIAD+j807b3f8+2023-05-11-17h-34m-39s/ext2_f00013.png
ILIAD+j807b3f8+2023-05-11-17h-34m-39s,ext2,b100,19,328,328,27904255,ok,1.0,auto,0.9854862119013063,0.006728515625,False,True,0.9894107600341588,0.006353081597222222,0.9854862119013063,0.006728515625,masks/ILIAD+j807b3f8+2023-05-11-17h-34m-39s/ext2_f00019.png
ILIAD+j807b3f8+2023-05-11-17h-36m-49s,ext2,b050,26,208,208,27904255,ok,1.0,auto,1.0,0.015239800347222223,False,True,0.14218009478672988,0.0002289496527777778,1.0,0.015239800347222223,masks/ILIAD+j807b3f8+2023-05-11-17h-36m-49s/ext2_f00026.png
ILIAD+j807b3f8+2023-05-11-17h-36m-49s,ext2,b100,35,208,208,27904255,ok,1.0,auto,0.9741129212229414,0.009724392361111112,False,True,0.9829730708851588,0.008985460069444444,0.9741129212229414,0.009724392361111112,masks/ILIAD+j807b3f8+2023-05-11-17h-36m-49s/ext2_f00035.png
ILIAD+j807b3f8+2023-05-11-17h-40m-08s,ext1,b050,67,338,338,23897859,ok,0.5185185185185185,auto,0.3148604269293924,0.018502604166666665,False,True,0.1453220288561654,0.01458984375,0.3148604269293924,0.018502604166666665,masks/ILIAD+j807b3f8+2023-05-11-17h-40m-08s/ext1_f00067.png
ILIAD+j807b3f8+2023-05-11-17h-40m-08s,ext2,b050,67,338,338,27904255,ok,1.0,auto,0.9284140969162995,0.012808159722222223,False,True,0.9218488799732532,0.012981770833333333,0.9284140969162995,0.012808159722222223,masks/ILIAD+j807b3f8+2023-05-11-17h-40m-08s/ext2_f00067.png
ILIAD+j807b3f8+2023-05-11-17h-40m-08s,ext1,b100,74,338,338,23897859,ok,1.0,auto,0.34541344111803796,0.015838758680555554,False,True,0.3234794427454978,0.015966796875,0.34541344111803796,0.015838758680555554,masks/ILIAD+j807b3f8+2023-05-11-17h-40m-08s/ext1_f00074.png
ILIAD+j807b3f8+2023-05-11-17h-40m-08s,ext2,b100,74,338,338,27904255,ok,1.0,auto,0.8958740374669578,0.00944118923611111,False,True,0.897761366258943,0.009403211805555556,0.8958740374669578,0.00944118923611111,masks/ILIAD+j807b3f8+2023-05-11-17h-40m-08s/ext2_f00074.png
ILIAD+j807b3f8+2023-06-11-14h-56m-46s,ext1,b050,23,360,360,23897859,ok,1.0,auto,0.2052394170714782,0.006254340277777778,False,True,0.0,0.0013302951388888889,0.2052394170714782,0.006254340277777778,masks/ILIAD+j807b3f8+2023-06-11-14h-56m-46s/ext1_f00023.png
ILIAD+j807b3f8+2023-06-11-14h-56m-46s,ext2,b050,23,360,360,27904255,ok,0.5185185185185185,auto,1.0,0.03291883680555555,False,True,0.0034662628302204457,0.032242838541666666,1.0,0.03291883680555555,masks/ILIAD+j807b3f8+2023-06-11-14h-56m-46s/ext2_f00023.png
ILIAD+j807b3f8+2023-06-11-14h-56m-46s,ext2,b100,352,360,360,27904255,ok,1.0,auto,1.0,0.013602430555555555,False,True,0.4179598240169162,0.03181532118055556,1.0,0.013602430555555555,masks/ILIAD+j807b3f8+2023-06-11-14h-56m-46s/ext2_f00352.png
ILIAD+j807b3f8+2023-06-12-18h-31m-10s,ext1,b050,0,340,340,23897859,ok,1.0,auto,0.6793870635037571,0.01472873263888889,False,True,0.6380652642040749,0.013101128472222221,0.6793870635037571,0.01472873263888889,masks/ILIAD+j807b3f8+2023-06-12-18h-31m-10s/ext1_f00000.png
ILIAD+j807b3f8+2023-06-12-18h-31m-10s,ext2,b050,0,340,340,27904255,ok,1.0,auto,0.7174880887292041,0.013892144097222222,False,True,0.4972562262558041,0.0077115885416666665,0.7174880887292041,0.013892144097222222,masks/ILIAD+j807b3f8+2023-06-12-18h-31m-10s/ext2_f00000.png
ILIAD+j807b3f8+2023-06-12-18h-32m-21s,ext1,b050,0,314,314,23897859,ok,0.9814814814814815,auto,1.0,0.005745442708333334,False,True,0.012397415749956342,0.006214192708333333,1.0,0.005745442708333334,masks/ILIAD+j807b3f8+2023-06-12-18h-32m-21s/ext1_f00000.png
ILIAD+j807b3f8+2023-06-12-18h-32m-21s,ext2,b050,0,314,314,27904255,ok,1.0,auto,0.7127151297200103,0.02112087673611111,False,True,0.0012135922330097637,0.003576388888888889,0.7127151297200103,0.02112087673611111,masks/ILIAD+j807b3f8+2023-06-12-18h-32m-21s/ext2_f00000.png
ILIAD+j807b3f8+2023-06-12-18h-32m-21s,ext1,b100,13,314,314,23897859,ok,1.0,auto,1.0,0.006376953125,False,True,0.014021118227453666,0.006268446180555555,1.0,0.006376953125,masks/ILIAD+j807b3f8+2023-06-12-18h-32m-21s/ext1_f00013.png
ILIAD+j807b3f8+2023-06-12-18h-32m-21s,ext2,b100,13,314,314,27904255,ok,1.0,auto,0.6908051717440764,0.019554036458333333,False,True,0.0,0.0013346354166666667,0.6908051717440764,0.019554036458333333,masks/ILIAD+j807b3f8+2023-06-12-18h-32m-21s/ext2_f00013.png
ILIAD+j807b3f8+2023-06-12-18h-41m-54s,ext1,b050,0,416,416,23897859,ok,0.9629629629629629,auto,1.0,0.005074869791666666,False,True,0.18814139110604333,0.0047580295138888885,1.0,0.005074869791666666,masks/ILIAD+j807b3f8+2023-06-12-18h-41m-54s/ext1_f00000.png
ILIAD+j807b3f8+2023-06-12-18h-41m-54s,ext2,b050,0,416,416,27904255,ok,1.0,auto,0.6426827974105911,0.02044921875,False,True,0.0,0.0034993489583333335,0.6426827974105911,0.02044921875,masks/ILIAD+j807b3f8+2023-06-12-18h-41m-54s/ext2_f00000.png
ILIAD+j807b3f8+2023-06-12-18h-41m-54s,ext2,b100,71,416,416,27904255,ok,1.0,auto,1.0,0.011448567708333333,False,True,0.04535147392290251,0.001435546875,1.0,0.011448567708333333,masks/ILIAD+j807b3f8+2023-06-12-18h-41m-54s/ext2_f00071.png
ILIAD+j807b3f8+2023-06-12-18h-44m-46s,ext1,b050,0,548,548,23897859,ok,1.0,auto,0.5547578828828829,0.0077083333333333335,False,True,0.070983379501385,0.0031336805555555554,0.5547578828828829,0.0077083333333333335,masks/ILIAD+j807b3f8+2023-06-12-18h-44m-46s/ext1_f00000.png
ILIAD+j807b3f8+2023-06-12-18h-44m-46s,ext2,b050,0,548,548,27904255,ok,1.0,auto,0.2679560364658772,0.025470920138888888,False,True,0.09169324062941087,0.02075629340277778,0.2679560364658772,0.025470920138888888,masks/ILIAD+j807b3f8+2023-06-12-18h-44m-46s/ext2_f00000.png
ILIAD+j807b3f8+2023-06-12-19h-31m-05s,ext1,b050,0,453,453,23897859,ok,0.5,auto,0.3681956094949135,0.006079644097222222,False,True,0.0,0.0037912326388888887,0.3681956094949135,0.006079644097222222,masks/ILIAD+j807b3f8+2023-06-12-19h-31m-05s/ext1_f00000.png
ILIAD+j807b3f8+2023-06-12-19h-43m-41s,ext1,b050,39,291,291,23897859,ok,0.5740740740740741,auto,0.4308098301171037,0.006578776041666666,False,True,0.0,0.003837890625,0.4308098301171037,0.006578776041666666,masks/ILIAD+j807b3f8+2023-06-12-19h-43m-41s/ext1_f00039.png
ILIAD+j807b3f8+2023-06-15-11h-36m-19s,ext2,b050,0,301,301,27904255,ok,1.0,auto,1.0,0.03760308159722222,False,True,0.033758439609902435,0.004339192708333333,1.0,0.03760308159722222,masks/ILIAD+j807b3f8+2023-06-15-11h-36m-19s/ext2_f00000.png
ILIAD+j807b3f8+2023-06-15-11h-36m-19s,ext1,b100,17,301,301,23897859,ok,1.0,auto,0.32294043092522184,0.004280598958333334,False,True,0.011857002763662305,0.012171223958333333,0.32294043092522184,0.004280598958333334,masks/ILIAD+j807b3f8+2023-06-15-11h-36m-19s/ext1_f00017.png
ILIAD+j807b3f8+2023-06-15-11h-36m-19s,ext2,b100,17,301,301,27904255,ok,1.0,auto,1.0,0.035840928819444444,False,True,0.8687993978170869,0.014415147569444444,1.0,0.035840928819444444,masks/ILIAD+j807b3f8+2023-06-15-11h-36m-19s/ext2_f00017.png
ILIAD+j807b3f8+2023-06-15-12h-04m-34s,ext2,b050,0,381,381,27904255,ok,1.0,auto,0.4139263993402742,0.02105251736111111,False,True,0.4064354889097157,0.02083984375,0.4139263993402742,0.02105251736111111,masks/ILIAD+j807b3f8+2023-06-15-12h-04m-34s/ext2_f00000.png
ILIAD+j807b3f8+2023-06-15-12h-12m-32s,ext2,b050,17,274,274,27904255,ok,1.0,auto,0.2138851423298076,0.03057074652777778,False,True,0.18012641689325193,0.030728081597222224,0.2138851423298076,0.03057074652777778,masks/ILIAD+j807b3f8+2023-06-15-12h-12m-32s/ext2_f00017.png
ILIAD+sbd7d2c6+2023-05-07-16h-37m-49s,ext1,b050,18,135,135,23897859,ok,0.7222222222222222,auto,0.20854292778582995,0.012726779513888889,False,True,0.0,0.009217664930555555,0.20854292778582995,0.012726779513888889,masks/ILIAD+sbd7d2c6+2023-05-07-16h-37m-49s/ext1_f00018.png
ILIAD+sbd7d2c6+2023-05-07-16h-37m-49s,ext2,b050,18,135,135,27904255,ok,0.5555555555555556,auto,1.0,0.01448025173611111,False,True,1.0,0.0007552083333333333,1.0,0.01448025173611111,masks/ILIAD+sbd7d2c6+2023-05-07-16h-37m-49s/ext2_f00018.png
ILIAD+sbd7d2c6+2023-05-07-16h-37m-49s,ext1,b100,24,135,135,23897859,ok,1.0,auto,0.4881543752388231,0.011358506944444444,False,True,0.00035829451809388235,0.0030284288194444443,0.4881543752388231,0.011358506944444444,masks/ILIAD+sbd7d2c6+2023-05-07-16h-37m-49s/ext1_f00024.png
ILIAD+sbd7d2c6+2023-05-07-16h-37m-49s,ext2,b100,24,135,135,27904255,ok,1.0,auto,1.0,0.020378689236111112,False,True,1.0,0.012850477430555556,1.0,0.020378689236111112,masks/ILIAD+sbd7d2c6+2023-05-07-16h-37m-49s/ext2_f00024.png
ILIAD+sbd7d2c6+2023-05-07-16h-54m-37s,ext2,b050,0,643,643,27904255,ok,1.0,auto,1.0,0.008523220486111111,False,True,0.9966353816185586,0.006127387152777778,1.0,0.008523220486111111,masks/ILIAD+sbd7d2c6+2023-05-07-16h-54m-37s/ext2_f00000.png
ILIAD+sbd7d2c6+2023-05-07-16h-54m-37s,ext2,b100,13,643,643,27904255,ok,1.0,auto,1.0,0.020540364583333335,False,True,0.16355721393034828,0.0034895833333333333,1.0,0.020540364583333335,masks/ILIAD+sbd7d2c6+2023-05-07-16h-54m-37s/ext2_f00013.png
ILIAD+sbd7d2c6+2023-05-17-17h-46m-49s,ext2,b050,0,293,293,27904255,ok,0.8703703703703703,auto,1.0,0.0005512152777777777,False,True,0.0,0.00045355902777777777,1.0,0.0005512152777777777,masks/ILIAD+sbd7d2c6+2023-05-17-17h-46m-49s/ext2_f00000.png
ILIAD+sbd7d2c6+2023-05-17-17h-46m-49s,ext2,b100,58,293,293,27904255,ok,1.0,auto,0.994693680656054,0.0022493489583333332,False,True,0.0,0.0016460503472222221,0.994693680656054,0.0022493489583333332,masks/ILIAD+sbd7d2c6+2023-05-17-17h-46m-49s/ext2_f00058.png
ILIAD+sbd7d2c6+2023-12-24-15h-51m-25s,ext2,b050,0,277,277,27904255,ok,0.8333333333333334,auto,1.0,0.016888020833333333,False,True,0.0,6.076388888888889e-05,1.0,0.016888020833333333,masks/ILIAD+sbd7d2c6+2023-12-24-15h-51m-25s/ext2_f00000.png
ILIAD+sbd7d2c6+2023-12-24-15h-51m-25s,ext1,b100,22,277,277,23897859,ok,1.0,auto,0.5392903585361323,0.011681857638888888,False,True,0.44879960803527685,0.008858506944444445,0.5392903585361323,0.011681857638888888,masks/ILIAD+sbd7d2c6+2023-12-24-15h-51m-25s/ext1_f00022.png
ILIAD+sbd7d2c6+2023-12-24-15h-51m-25s,ext2,b100,22,277,277,27904255,ok,1.0,auto,1.0,0.008148871527777778,False,True,0.015094339622641506,0.0002875434027777778,1.0,0.008148871527777778,masks/ILIAD+sbd7d2c6+2023-12-24-15h-51m-25s/ext2_f00022.png
IPRL+2fe9715d+2023-08-21-18h-28m-50s,ext2,b050,0,344,344,27432424,ok,1.0,auto,1.0,0.011165364583333334,False,True,0.998109640831758,0.0017220052083333334,1.0,0.011165364583333334,masks/IPRL+2fe9715d+2023-08-21-18h-28m-50s/ext2_f00000.png
IPRL+2fe9715d+2023-08-21-21h-17m-46s,ext2,b050,0,428,428,27432424,ok,0.9814814814814815,auto,0.2022076881317375,0.041973741319444445,False,True,0.0,0.028657769097222223,0.2022076881317375,0.041973741319444445,masks/IPRL+2fe9715d+2023-08-21-21h-17m-46s/ext2_f00000.png
IPRL+2fe9715d+2023-08-21-21h-42m-31s,ext1,b050,17,370,370,25916956,ok,1.0,auto,1.0,0.006366102430555556,False,True,0.8595360824742269,0.004210069444444444,1.0,0.006366102430555556,masks/IPRL+2fe9715d+2023-08-21-21h-42m-31s/ext1_f00017.png
IPRL+2fe9715d+2023-08-21-21h-42m-31s,ext1,b100,45,370,370,25916956,ok,1.0,auto,1.0,0.006871744791666667,False,True,0.7968948035487959,0.006848958333333334,1.0,0.006871744791666667,masks/IPRL+2fe9715d+2023-08-21-21h-42m-31s/ext1_f00045.png
IPRL+2fe9715d+2023-08-21-21h-49m-09s,ext1,b050,18,376,376,25916956,ok,1.0,auto,0.9034892353377877,0.010231119791666667,False,True,0.44148458545345703,0.0036252170138888888,0.9034892353377877,0.010231119791666667,masks/IPRL+2fe9715d+2023-08-21-21h-49m-09s/ext1_f00018.png
IPRL+2fe9715d+2023-08-21-21h-49m-09s,ext1,b100,31,376,376,25916956,ok,1.0,auto,1.0,0.0073860677083333335,False,True,0.13890286864620027,0.002156032986111111,1.0,0.0073860677083333335,masks/IPRL+2fe9715d+2023-08-21-21h-49m-09s/ext1_f00031.png
IPRL+2fe9715d+2023-08-21-22h-54m-01s,ext1,b050,0,234,234,25916956,ok,1.0,auto,0.9687941720126128,0.019958767361111112,False,True,0.8920264143504829,0.022018229166666667,0.9687941720126128,0.019958767361111112,masks/IPRL+2fe9715d+2023-08-21-22h-54m-01s/ext1_f00000.png
IPRL+2fe9715d+2023-08-21-22h-54m-01s,ext1,b100,22,234,234,25916956,ok,1.0,auto,1.0,0.010591362847222223,False,True,0.9933406113537118,0.00993923611111111,1.0,0.010591362847222223,masks/IPRL+2fe9715d+2023-08-21-22h-54m-01s/ext1_f00022.png
IPRL+2fe9715d+2023-08-21-22h-54m-01s,ext2,b100,22,234,234,27432424,ok,1.0,auto,0.24994595373639839,0.03011501736111111,False,True,0.0,0.014369574652777778,0.24994595373639839,0.03011501736111111,masks/IPRL+2fe9715d+2023-08-21-22h-54m-01s/ext2_f00022.png
IPRL+2fe9715d+2023-08-21-23h-10m-12s,ext1,b050,50,311,311,25916956,ok,1.0,auto,0.2965616045845272,0.025750868055555556,False,True,0.0003205128205128194,0.013541666666666667,0.2965616045845272,0.025750868055555556,masks/IPRL+2fe9715d+2023-08-21-23h-10m-12s/ext1_f00050.png
IPRL+2fe9715d+2023-08-21-23h-10m-12s,ext1,b100,62,311,311,25916956,ok,1.0,auto,0.5116143092542391,0.020413411458333332,False,True,0.03359846407021394,0.007912326388888889,0.5116143092542391,0.020413411458333332,masks/IPRL+2fe9715d+2023-08-21-23h-10m-12s/ext1_f00062.png
IPRL+2fe9715d+2023-08-21-23h-41m-44s,ext1,b050,0,246,246,25916956,ok,1.0,auto,1.0,0.0055110677083333335,False,True,0.0,0.000869140625,1.0,0.0055110677083333335,masks/IPRL+2fe9715d+2023-08-21-23h-41m-44s/ext1_f00000.png
IPRL+2fe9715d+2023-08-21-23h-41m-44s,ext1,b100,11,246,246,25916956,ok,1.0,auto,1.0,0.004789496527777778,False,True,0.0,0.005545789930555556,1.0,0.004789496527777778,masks/IPRL+2fe9715d+2023-08-21-23h-41m-44s/ext1_f00011.png
IPRL+2fe9715d+2023-08-22-00h-08m-29s,ext2,b050,10,228,228,27432424,ok,0.5,auto,0.41310975609756095,0.0007118055555555556,False,True,0.0,0.0017838541666666667,0.41310975609756095,0.0007118055555555556,masks/IPRL+2fe9715d+2023-08-22-00h-08m-29s/ext2_f00010.png
IPRL+2fe9715d+2023-08-22-11h-46m-59s,ext1,b050,0,221,221,25916956,ok,1.0,auto,0.9356189664963089,0.015286458333333334,False,True,0.732062298603652,0.020203993055555557,0.9356189664963089,0.015286458333333334,masks/IPRL+2fe9715d+2023-08-22-11h-46m-59s/ext1_f00000.png
IPRL+2fe9715d+2023-08-22-11h-46m-59s,ext2,b050,0,221,221,27432424,ok,0.6666666666666666,auto,1.0,0.012830946180555556,False,True,0.0,0.015933159722222222,1.0,0.012830946180555556,masks/IPRL+2fe9715d+2023-08-22-11h-46m-59s/ext2_f00000.png
IPRL+2fe9715d+2023-08-22-11h-46m-59s,ext1,b100,131,221,221,25916956,ok,1.0,box(auto empty),1.0,0.00018120659722222222,True,True,0.0017323190479776596,0.04321940104166667,0.0017323190479776596,0.04321940104166667,masks/IPRL+2fe9715d+2023-08-22-11h-46m-59s/ext1_f00131.png
IPRL+2fe9715d+2023-08-22-11h-46m-59s,ext2,b100,131,221,221,27432424,ok,1.0,auto,1.0,0.002593315972222222,False,True,0.2421707421707422,0.00505859375,1.0,0.002593315972222222,masks/IPRL+2fe9715d+2023-08-22-11h-46m-59s/ext2_f00131.png
IPRL+2fe9715d+2023-08-22-12h-37m-25s,ext1,b050,0,125,125,25916956,ok,0.6851851851851852,auto,1.0,0.022972005208333333,False,True,1.0,0.02366644965277778,1.0,0.022972005208333333,masks/IPRL+2fe9715d+2023-08-22-12h-37m-25s/ext1_f00000.png
IPRL+2fe9715d+2023-08-22-20h-50m-51s,ext2,b050,0,241,241,27432424,ok,1.0,auto,1.0,0.004939236111111111,False,True,0.11413043478260865,0.0015972222222222223,1.0,0.004939236111111111,masks/IPRL+2fe9715d+2023-08-22-20h-50m-51s/ext2_f00000.png
IPRL+2fe9715d+2023-08-22-20h-50m-51s,ext2,b100,27,241,241,27432424,ok,1.0,auto,1.0,0.00591796875,False,True,0.9214002642007926,0.006571180555555556,1.0,0.00591796875,masks/IPRL+2fe9715d+2023-08-22-20h-50m-51s/ext2_f00027.png
IPRL+2fe9715d+2023-08-22-21h-51m-34s,ext1,b050,0,209,209,25916956,ok,1.0,auto,0.5211069418386491,0.011566840277777778,False,True,0.4733732876712329,0.012673611111111111,0.5211069418386491,0.011566840277777778,masks/IPRL+2fe9715d+2023-08-22-21h-51m-34s/ext1_f00000.png
IPRL+2fe9715d+2023-08-22-23h-36m-17s,ext1,b050,49,323,323,25916956,ok,0.5555555555555556,auto,1.0,0.007300347222222222,False,True,0.22497308934338,0.0010080295138888888,1.0,0.007300347222222222,masks/IPRL+2fe9715d+2023-08-22-23h-36m-17s/ext1_f00049.png
IPRL+2fe9715d+2023-08-22-23h-36m-17s,ext1,b100,52,323,323,25916956,ok,1.0,auto,1.0,0.01498046875,False,True,0.0,1.3020833333333334e-05,1.0,0.01498046875,masks/IPRL+2fe9715d+2023-08-22-23h-36m-17s/ext1_f00052.png
IPRL+2fe9715d+2023-08-24-12h-34m-31s,ext2,b050,0,307,307,27432424,ok,0.8888888888888888,auto,1.0,0.028904079861111112,False,True,0.004081632653061273,0.0037217881944444442,1.0,0.028904079861111112,masks/IPRL+2fe9715d+2023-08-24-12h-34m-31s/ext2_f00000.png
IPRL+2fe9715d+2023-08-24-12h-34m-31s,ext2,b100,11,307,307,27432424,ok,1.0,auto,1.0,0.03985460069444444,False,True,1.0,0.03946831597222222,1.0,0.03985460069444444,masks/IPRL+2fe9715d+2023-08-24-12h-34m-31s/ext2_f00011.png
IPRL+2fe9715d+2023-08-24-13h-21m-32s,ext1,b050,0,521,521,25916956,ok,1.0,auto,1.0,0.015981987847222223,False,True,0.9897959183673469,0.008294270833333334,1.0,0.015981987847222223,masks/IPRL+2fe9715d+2023-08-24-13h-21m-32s/ext1_f00000.png
IPRL+2fe9715d+2023-08-24-18h-43m-40s,ext1,b050,0,528,528,25916956,ok,1.0,auto,0.39005307467057104,0.023715277777777776,False,True,0.3259883017345704,0.02151909722222222,0.39005307467057104,0.023715277777777776,masks/IPRL+2fe9715d+2023-08-24-18h-43m-40s/ext1_f00000.png
IPRL+2fe9715d+2023-08-24-19h-11m-15s,ext1,b050,0,358,358,25916956,ok,0.6666666666666666,auto,0.3918653866005988,0.021022135416666667,False,True,0.0010678574895641724,0.011177300347222223,0.3918653866005988,0.021022135416666667,masks/IPRL+2fe9715d+2023-08-24-19h-11m-15s/ext1_f00000.png
IPRL+2fe9715d+2023-08-24-19h-11m-15s,ext1,b100,11,358,358,25916956,ok,1.0,auto,0.3656038039297951,0.03103515625,False,True,0.2300737771333532,0.02544379340277778,0.3656038039297951,0.03103515625,masks/IPRL+2fe9715d+2023-08-24-19h-11m-15s/ext1_f00011.png
IPRL+2fe9715d+2023-08-24-20h-29m-28s,ext2,b050,0,410,410,27432424,ok,1.0,auto,0.5306906175896586,0.051706814236111114,False,True,0.22981165255217728,0.023447265625,0.5306906175896586,0.051706814236111114,masks/IPRL+2fe9715d+2023-08-24-20h-29m-28s/ext2_f00000.png
IPRL+2fe9715d+2023-08-24-22h-40m-55s,ext2,b050,0,300,300,27432424,ok,1.0,auto,0.729200247985121,0.017502170138888887,False,True,0.25950232430954334,0.0039680989583333335,0.729200247985121,0.017502170138888887,masks/IPRL+2fe9715d+2023-08-24-22h-40m-55s/ext2_f00000.png
IPRL+2fe9715d+2023-08-25-14h-15m-17s,ext1,b050,0,282,282,25916956,ok,1.0,auto,1.0,0.011297743055555556,False,True,0.4116094986807388,0.0008224826388888889,1.0,0.011297743055555556,masks/IPRL+2fe9715d+2023-08-25-14h-15m-17s/ext1_f00000.png
IPRL+2fe9715d+2023-08-25-14h-15m-17s,ext2,b050,0,282,282,27432424,ok,1.0,auto,1.0,0.03112521701388889,False,True,0.0,0.002407769097222222,1.0,0.03112521701388889,masks/IPRL+2fe9715d+2023-08-25-14h-15m-17s/ext2_f00000.png
IPRL+2fe9715d+2023-08-25-14h-24m-22s,ext1,b050,0,337,337,25916956,ok,1.0,auto,1.0,0.012768012152777777,False,True,0.9811494638069705,0.012951388888888889,1.0,0.012768012152777777,masks/IPRL+2fe9715d+2023-08-25-14h-24m-22s/ext1_f00000.png
IPRL+2fe9715d+2023-08-25-14h-24m-22s,ext2,b050,0,337,337,27432424,ok,1.0,auto,0.9899543378995433,0.020198567708333334,False,True,0.0,0.0021799045138888888,0.9899543378995433,0.020198567708333334,masks/IPRL+2fe9715d+2023-08-25-14h-24m-22s/ext2_f00000.png
IPRL+2fe9715d+2023-08-25-15h-57m-51s,ext1,b050,0,211,211,25916956,ok,1.0,auto,0.6822838410053271,0.007943793402777777,False,True,0.6697646529755659,0.0072384982638888885,0.6822838410053271,0.007943793402777777,masks/IPRL+2fe9715d+2023-08-25-15h-57m-51s/ext1_f00000.png
IPRL+2fe9715d+2023-08-25-15h-57m-51s,ext2,b050,0,211,211,27432424,ok,1.0,auto,1.0,0.026202256944444443,False,True,0.9961284349619156,0.025784505208333332,1.0,0.026202256944444443,masks/IPRL+2fe9715d+2023-08-25-15h-57m-51s/ext2_f00000.png
IPRL+2fe9715d+2023-08-25-16h-03m-40s,ext1,b050,0,526,526,25916956,ok,1.0,auto,0.3858719169190826,0.010030381944444444,False,True,0.37932180851063835,0.009791666666666667,0.3858719169190826,0.010030381944444444,masks/IPRL+2fe9715d+2023-08-25-16h-03m-40s/ext1_f00000.png
IPRL+2fe9715d+2023-08-25-16h-03m-40s,ext2,b050,0,526,526,27432424,ok,0.8148148148148148,auto,1.0,0.01853949652777778,False,True,0.9834035490871952,0.016998697916666666,1.0,0.01853949652777778,masks/IPRL+2fe9715d+2023-08-25-16h-03m-40s/ext2_f00000.png
IPRL+2fe9715d+2023-08-25-16h-03m-40s,ext1,b100,8,526,526,25916956,ok,1.0,auto,0.40350311626907376,0.01009765625,False,True,0.3989131640235112,0.009784071180555555,0.40350311626907376,0.01009765625,masks/IPRL+2fe9715d+2023-08-25-16h-03m-40s/ext1_f00008.png
IPRL+2fe9715d+2023-08-25-16h-03m-40s,ext2,b100,8,526,526,27432424,ok,1.0,auto,1.0,0.019369574652777777,False,True,0.9993483412322275,0.018315972222222223,1.0,0.019369574652777777,masks/IPRL+2fe9715d+2023-08-25-16h-03m-40s/ext2_f00008.png
IPRL+2fe9715d+2023-08-25-16h-07m-12s,ext2,b050,0,170,170,27432424,ok,0.7777777777777778,auto,1.0,0.012940538194444445,False,True,1.0,0.013226996527777778,1.0,0.012940538194444445,masks/IPRL+2fe9715d+2023-08-25-16h-07m-12s/ext2_f00000.png
IPRL+2fe9715d+2023-08-25-16h-07m-12s,ext1,b100,15,170,170,25916956,ok,1.0,auto,0.2723839146856254,0.00976779513888889,False,True,0.25791855203619907,0.009352213541666666,0.2723839146856254,0.00976779513888889,masks/IPRL+2fe9715d+2023-08-25-16h-07m-12s/ext1_f00015.png
IPRL+2fe9715d+2023-08-25-16h-07m-12s,ext2,b100,15,170,170,27432424,ok,1.0,auto,1.0,0.017138671875,False,True,0.555969038404287,0.014578993055555555,1.0,0.017138671875,masks/IPRL+2fe9715d+2023-08-25-16h-07m-12s/ext2_f00015.png
IPRL+41a1536a+2023-11-02-22h-09m-31s,ext2,b050,0,393,393,28221883,ok,1.0,auto,0.3842003320420586,0.015685763888888888,False,True,0.04129543204638664,0.0076725260416666665,0.3842003320420586,0.015685763888888888,masks/IPRL+41a1536a+2023-11-02-22h-09m-31s/ext2_f00000.png
IPRL+5085c3ce+2023-10-11-01h-33m-03s,ext2,b050,0,308,308,28221883,ok,1.0,auto,0.6750822431336547,0.014182942708333333,False,True,0.022875816993464082,0.00365234375,0.6750822431336547,0.014182942708333333,masks/IPRL+5085c3ce+2023-10-11-01h-33m-03s/ext2_f00000.png
IPRL+5085c3ce+2023-10-17-21h-31m-47s,ext1,b050,0,673,673,27432424,ok,1.0,auto,1.0,0.020096571180555557,False,True,0.0,0.008822699652777778,1.0,0.020096571180555557,masks/IPRL+5085c3ce+2023-10-17-21h-31m-47s/ext1_f00000.png
IPRL+5085c3ce+2023-10-17-21h-31m-47s,ext2,b050,0,673,673,28221883,ok,1.0,auto,0.32720760006229554,0.041803385416666665,False,True,0.01610802990113336,0.022498914930555555,0.32720760006229554,0.041803385416666665,masks/IPRL+5085c3ce+2023-10-17-21h-31m-47s/ext2_f00000.png
IPRL+5085c3ce+2023-10-17-21h-35m-33s,ext1,b050,0,470,470,27432424,ok,1.0,auto,0.7677688767683655,0.012732204861111112,False,True,0.7382978723404255,0.011219618055555556,0.7677688767683655,0.012732204861111112,masks/IPRL+5085c3ce+2023-10-17-21h-35m-33s/ext1_f00000.png
IPRL+5085c3ce+2023-10-17-21h-35m-33s,ext2,b050,0,470,470,28221883,ok,1.0,auto,0.6022566086395873,0.016829427083333334,False,True,0.4341357405549984,0.012981770833333333,0.6022566086395873,0.016829427083333334,masks/IPRL+5085c3ce+2023-10-17-21h-35m-33s/ext2_f00000.png
IPRL+5085c3ce+2023-10-17-21h-41m-05s,ext1,b050,0,431,431,27432424,ok,1.0,auto,0.987234422424567,0.012154947916666667,False,True,0.9651787368031117,0.01171657986111111,0.987234422424567,0.012154947916666667,masks/IPRL+5085c3ce+2023-10-17-21h-41m-05s/ext1_f00000.png
IPRL+5085c3ce+2023-10-17-21h-41m-05s,ext2,b050,0,431,431,28221883,ok,1.0,auto,0.7056064804945641,0.020360243055555557,False,True,0.19327146171693732,0.004676649305555555,0.7056064804945641,0.020360243055555557,masks/IPRL+5085c3ce+2023-10-17-21h-41m-05s/ext2_f00000.png
IPRL+5085c3ce+2023-10-21-19h-22m-59s,ext2,b050,0,243,243,28221883,ok,1.0,auto,0.4893617021276596,0.010352647569444444,False,True,0.45325004879953157,0.011117621527777777,0.4893617021276596,0.010352647569444444,masks/IPRL+5085c3ce+2023-10-21-19h-22m-59s/ext2_f00000.png
IPRL+5085c3ce+2023-10-21-19h-25m-45s,ext2,b050,0,280,280,28221883,ok,1.0,auto,0.5577499817131153,0.014833984375,False,True,0.38767329213295476,0.006496310763888889,0.5577499817131153,0.014833984375,masks/IPRL+5085c3ce+2023-10-21-19h-25m-45s/ext2_f00000.png
IPRL+7790ec0a+2023-04-24-16h-36m-17s,ext1,b050,0,186,186,21582473,ok,0.5925925925925926,auto,0.3994070309191021,0.007685546875,False,True,0.0,0.006305338541666667,0.3994070309191021,0.007685546875,masks/IPRL+7790ec0a+2023-04-24-16h-36m-17s/ext1_f00000.png
IPRL+7790ec0a+2023-04-30-18h-17m-27s,ext1,b050,0,240,240,21582473,ok,0.8333333333333334,auto,0.9999233481526905,0.014155815972222222,False,True,0.8791236338112904,0.02164279513888889,0.9999233481526905,0.014155815972222222,masks/IPRL+7790ec0a+2023-04-30-18h-17m-27s/ext1_f00000.png
IPRL+7790ec0a+2023-04-30-18h-17m-27s,ext2,b050,0,240,240,28221883,ok,1.0,auto,1.0,0.011182725694444444,False,True,0.0,0.0016612413194444444,1.0,0.011182725694444444,masks/IPRL+7790ec0a+2023-04-30-18h-17m-27s/ext2_f00000.png
IPRL+7790ec0a+2023-04-30-18h-17m-27s,ext1,b100,84,240,240,21582473,ok,1.0,auto,1.0,0.013020833333333334,False,True,0.9257955821789592,0.014491102430555555,1.0,0.013020833333333334,masks/IPRL+7790ec0a+2023-04-30-18h-17m-27s/ext1_f00084.png
IPRL+7790ec0a+2023-04-30-18h-17m-27s,ext2,b100,84,240,240,28221883,ok,1.0,auto,0.9170026729488515,0.023950737847222223,False,True,0.9244158800294571,0.016207682291666668,0.9170026729488515,0.023950737847222223,masks/IPRL+7790ec0a+2023-04-30-18h-17m-27s/ext2_f00084.png
IPRL+7790ec0a+2023-05-05-15h-57m-21s,ext1,b050,0,151,151,21582473,ok,1.0,auto,1.0,0.013552517361111112,False,True,0.0,0.0004633246527777778,1.0,0.013552517361111112,masks/IPRL+7790ec0a+2023-05-05-15h-57m-21s/ext1_f00000.png
IPRL+7790ec0a+2023-05-05-15h-57m-21s,ext2,b050,0,151,151,28221883,ok,1.0,auto,1.0,0.015713975694444444,False,True,0.06988564167725542,0.0017078993055555556,1.0,0.015713975694444444,masks/IPRL+7790ec0a+2023-05-05-15h-57m-21s/ext2_f00000.png
IPRL+7790ec0a+2023-06-19-22h-56m-28s,ext1,b050,64,481,481,21582473,ok,0.5,auto,0.7337739803320974,0.03365342881944444,False,True,0.7195207892882312,0.030794270833333335,0.7337739803320974,0.03365342881944444,masks/IPRL+7790ec0a+2023-06-19-22h-56m-28s/ext1_f00064.png
IPRL+7790ec0a+2023-06-19-22h-56m-28s,ext2,b050,64,481,481,28221883,ok,0.5,auto,0.5212285667500994,0.04638563368055556,False,True,0.05756322462539831,0.01600368923611111,0.5212285667500994,0.04638563368055556,masks/IPRL+7790ec0a+2023-06-19-22h-56m-28s/ext2_f00064.png
IPRL+7790ec0a+2023-06-19-22h-56m-28s,ext1,b100,90,481,481,21582473,ok,1.0,auto,0.2967010726573568,0.016083984375,False,True,0.20575145498117087,0.01267795138888889,0.2967010726573568,0.016083984375,masks/IPRL+7790ec0a+2023-06-19-22h-56m-28s/ext1_f00090.png
IPRL+7790ec0a+2023-06-19-22h-58m-35s,ext1,b050,0,770,770,21582473,ok,0.5185185185185185,auto,0.38866275035848097,0.04691623263888889,False,True,0.148335146898803,0.024929470486111112,0.38866275035848097,0.04691623263888889,masks/IPRL+7790ec0a+2023-06-19-22h-58m-35s/ext1_f00000.png
IPRL+7790ec0a+2023-06-19-22h-58m-35s,ext1,b100,26,770,770,21582473,ok,1.0,auto,0.22136365075846343,0.034263237847222225,False,True,0.012276162938162583,0.021389973958333332,0.22136365075846343,0.034263237847222225,masks/IPRL+7790ec0a+2023-06-19-22h-58m-35s/ext1_f00026.png
IPRL+7790ec0a+2023-06-30-17h-19m-02s,ext1,b050,216,219,219,21582473,ok,0.5185185185185185,auto,1.0,0.009178602430555556,False,True,0.0,0.000419921875,1.0,0.009178602430555556,masks/IPRL+7790ec0a+2023-06-30-17h-19m-02s/ext1_f00216.png
IPRL+7790ec0a+2023-06-30-17h-19m-02s,ext2,b050,216,219,219,28221883,ok,0.5370370370370371,auto,0.9757874015748031,0.011024305555555556,False,True,0.0,0.001953125,0.9757874015748031,0.011024305555555556,masks/IPRL+7790ec0a+2023-06-30-17h-19m-02s/ext2_f00216.png
IPRL+7790ec0a+2023-06-30-17h-51m-29s,ext1,b050,18,587,587,21582473,ok,0.5,auto,1.0,0.006945529513888889,False,True,0.0010369858278603816,0.003139105902777778,1.0,0.006945529513888889,masks/IPRL+7790ec0a+2023-06-30-17h-51m-29s/ext1_f00018.png
IPRL+7790ec0a+2023-06-30-17h-51m-29s,ext2,b050,18,587,587,28221883,ok,0.5,auto,0.8890147225368064,0.012455512152777778,False,True,0.00366492146596864,0.002072482638888889,0.8890147225368064,0.012455512152777778,masks/IPRL+7790ec0a+2023-06-30-17h-51m-29s/ext2_f00018.png
IPRL+7790ec0a+2023-06-30-17h-51m-29s,ext1,b100,286,587,587,21582473,ok,1.0,auto,1.0,0.005633680555555556,False,True,0.9848423876592891,0.008089192708333333,1.0,0.005633680555555556,masks/IPRL+7790ec0a+2023-06-30-17h-51m-29s/ext1_f00286.png
IPRL+7790ec0a+2023-06-30-18h-04m-49s,ext1,b050,13,348,348,21582473,ok,1.0,auto,0.9993123997249599,0.009468315972222223,False,True,0.013812154696132617,0.0023567708333333335,0.9993123997249599,0.009468315972222223,masks/IPRL+7790ec0a+2023-06-30-18h-04m-49s/ext1_f00013.png
IPRL+7790ec0a+2023-06-30-18h-04m-49s,ext2,b050,13,348,348,28221883,ok,0.5185185185185185,auto,0.9972668261018107,0.012703993055555555,False,True,0.9756897549681651,0.01124782986111111,0.9972668261018107,0.012703993055555555,masks/IPRL+7790ec0a+2023-06-30-18h-04m-49s/ext2_f00013.png
IPRL+7790ec0a+2023-06-30-18h-04m-49s,ext1,b100,90,348,348,21582473,ok,1.0,auto,0.5530984829004886,0.004219835069444444,False,True,0.4882186616399623,0.004605034722222222,0.5530984829004886,0.004219835069444444,masks/IPRL+7790ec0a+2023-06-30-18h-04m-49s/ext1_f00090.png
IPRL+7790ec0a+2023-06-30-18h-51m-44s,ext1,b050,0,204,204,21582473,ok,1.0,auto,0.2256272401433692,0.012109375,False,True,0.20680796403339752,0.011826171875,0.2256272401433692,0.012109375,masks/IPRL+7790ec0a+2023-06-30-18h-51m-44s/ext1_f00000.png
IPRL+7790ec0a+2023-06-30-18h-58m-00s,ext1,b050,0,94,94,21582473,ok,1.0,auto,0.29819344286670135,0.014595269097222223,False,True,0.14108268446421945,0.011705729166666666,0.29819344286670135,0.014595269097222223,masks/IPRL+7790ec0a+2023-06-30-18h-58m-00s/ext1_f00000.png
IPRL+7790ec0a+2023-06-30-19h-21m-57s,ext1,b050,0,143,143,21582473,ok,1.0,auto,0.2396492451796124,0.04355685763888889,False,True,0.1330470500373413,0.029058159722222223,0.2396492451796124,0.04355685763888889,masks/IPRL+7790ec0a+2023-06-30-19h-21m-57s/ext1_f00000.png
IPRL+7790ec0a+2023-06-30-21h-25m-20s,ext1,b050,0,153,153,21582473,ok,1.0,auto,1.0,0.004812282986111111,False,True,0.995852534562212,0.0023546006944444443,1.0,0.004812282986111111,masks/IPRL+7790ec0a+2023-06-30-21h-25m-20s/ext1_f00000.png
IPRL+7790ec0a+2023-06-30-21h-25m-20s,ext2,b050,0,153,153,28221883,ok,1.0,auto,1.0,0.020915798611111112,False,True,0.9988482211415408,0.008478732638888889,1.0,0.020915798611111112,masks/IPRL+7790ec0a+2023-06-30-21h-25m-20s/ext2_f00000.png
IPRL+7790ec0a+2023-06-30-21h-29m-26s,ext1,b050,0,183,183,21582473,ok,1.0,auto,1.0,0.008461371527777779,False,True,0.9535415079969536,0.0014246961805555556,1.0,0.008461371527777779,masks/IPRL+7790ec0a+2023-06-30-21h-29m-26s/ext1_f00000.png
IPRL+7790ec0a+2023-06-30-21h-29m-26s,ext2,b050,0,183,183,28221883,ok,1.0,auto,1.0,0.028051215277777777,False,True,1.0,0.016131727430555555,1.0,0.028051215277777777,masks/IPRL+7790ec0a+2023-06-30-21h-29m-26s/ext2_f00000.png
IPRL+7790ec0a+2023-06-30-21h-29m-45s,ext1,b050,0,181,181,21582473,ok,1.0,auto,1.0,0.013117404513888889,False,True,0.9356309137371366,0.01571072048611111,1.0,0.013117404513888889,masks/IPRL+7790ec0a+2023-06-30-21h-29m-45s/ext1_f00000.png
IPRL+7790ec0a+2023-06-30-21h-29m-45s,ext2,b050,0,181,181,28221883,ok,1.0,auto,1.0,0.017596571180555555,False,True,1.0,0.011608072916666667,1.0,0.017596571180555555,masks/IPRL+7790ec0a+2023-06-30-21h-29m-45s/ext2_f00000.png
IPRL+7790ec0a+2023-06-30-21h-30m-06s,ext1,b050,0,182,182,21582473,ok,1.0,auto,1.0,0.016664496527777777,False,True,0.9567410577804952,0.007098524305555556,1.0,0.016664496527777777,masks/IPRL+7790ec0a+2023-06-30-21h-30m-06s/ext1_f00000.png
IPRL+7790ec0a+2023-06-30-21h-30m-06s,ext2,b050,0,182,182,28221883,ok,1.0,auto,1.0,0.016470269097222223,False,True,1.0,0.01236545138888889,1.0,0.016470269097222223,masks/IPRL+7790ec0a+2023-06-30-21h-30m-06s/ext2_f00000.png
IPRL+7790ec0a+2023-06-30-21h-37m-23s,ext1,b050,0,692,692,21582473,ok,1.0,auto,1.0,0.011022135416666667,False,True,0.0009033423667570428,0.001201171875,1.0,0.011022135416666667,masks/IPRL+7790ec0a+2023-06-30-21h-37m-23s/ext1_f00000.png
IPRL+7790ec0a+2023-06-30-21h-37m-23s,ext2,b050,0,692,692,28221883,ok,1.0,auto,1.0,0.02045138888888889,False,True,1.0,0.011281467013888888,1.0,0.02045138888888889,masks/IPRL+7790ec0a+2023-06-30-21h-37m-23s/ext2_f00000.png
IPRL+7790ec0a+2023-07-01-11h-36m-05s,ext1,b050,0,163,163,21582473,ok,0.9444444444444444,auto,0.24993691647741612,0.017200520833333333,False,True,0.0,0.014283854166666667,0.24993691647741612,0.017200520833333333,masks/IPRL+7790ec0a+2023-07-01-11h-36m-05s/ext1_f00000.png
IPRL+7790ec0a+2023-07-01-11h-36m-05s,ext1,b100,11,163,163,21582473,ok,1.0,auto,0.2816341072382875,0.01827365451388889,False,True,0.0,0.015024956597222222,0.2816341072382875,0.01827365451388889,masks/IPRL+7790ec0a+2023-07-01-11h-36m-05s/ext1_f00011.png
IPRL+89b42cd2+2023-11-27-19h-56m-05s,ext2,b050,0,472,472,28221883,ok,0.5740740740740741,auto,1.0,0.005368923611111111,False,True,0.03603389562049575,0.013701171875,1.0,0.005368923611111111,masks/IPRL+89b42cd2+2023-11-27-19h-56m-05s/ext2_f00000.png
IPRL+89b42cd2+2023-11-27-20h-13m-46s,ext2,b050,38,554,554,28221883,ok,0.5370370370370371,auto,1.0,0.01486328125,False,True,0.0,0.006220703125,1.0,0.01486328125,masks/IPRL+89b42cd2+2023-11-27-20h-13m-46s/ext2_f00038.png
IPRL+c850f181+2023-07-01-16h-30m-41s,ext1,b050,0,681,681,21582473,ok,1.0,auto,0.9997213143827114,0.04282877604166667,False,True,0.003718393653941443,0.004377170138888889,0.9997213143827114,0.04282877604166667,masks/IPRL+c850f181+2023-07-01-16h-30m-41s/ext1_f00000.png
IPRL+edf28ef3+2023-05-12-15h-33m-28s,ext2,b050,0,409,409,28221883,ok,1.0,auto,0.5767564966313763,0.009019097222222222,False,True,0.5853513062149589,0.009096137152777777,0.5767564966313763,0.009019097222222222,masks/IPRL+edf28ef3+2023-05-12-15h-33m-28s/ext2_f00000.png
IPRL+edf28ef3+2023-05-12-15h-33m-28s,ext2,b100,30,409,409,28221883,ok,1.0,auto,0.7443328550932569,0.007562934027777778,False,True,0.7454439422656364,0.007442491319444445,0.7443328550932569,0.007562934027777778,masks/IPRL+edf28ef3+2023-05-12-15h-33m-28s/ext2_f00030.png
IPRL+edf28ef3+2023-05-12-15h-35m-38s,ext2,b050,0,167,167,28221883,ok,0.9444444444444444,auto,0.49486521181001286,0.01859592013888889,False,True,0.5172669884886744,0.02045464409722222,0.49486521181001286,0.01859592013888889,masks/IPRL+edf28ef3+2023-05-12-15h-35m-38s/ext2_f00000.png
IPRL+edf28ef3+2023-05-12-15h-35m-38s,ext2,b100,34,167,167,28221883,ok,1.0,auto,0.49563362442503833,0.016277126736111112,False,True,0.5035595323623538,0.016613498263888887,0.49563362442503833,0.016277126736111112,masks/IPRL+edf28ef3+2023-05-12-15h-35m-38s/ext2_f00034.png
IPRL+edf28ef3+2023-05-12-16h-06m-57s,ext2,b050,0,278,278,28221883,ok,1.0,auto,0.546353522867738,0.007900390625,False,True,0.5703405017921147,0.007265625,0.546353522867738,0.007900390625,masks/IPRL+edf28ef3+2023-05-12-16h-06m-57s/ext2_f00000.png
IPRL+edf28ef3+2023-12-18-17h-54m-06s,ext2,b050,0,296,296,28221883,ok,1.0,auto,0.539206936121382,0.008510199652777778,False,True,0.4705575820739969,0.0062467447916666665,0.539206936121382,0.008510199652777778,masks/IPRL+edf28ef3+2023-12-18-17h-54m-06s/ext2_f00000.png
IPRL+edf28ef3+2023-12-18-19h-14m-43s,ext2,b050,0,256,256,28221883,ok,1.0,auto,0.9869447221825454,0.03798285590277778,False,True,0.986546212647672,0.03903537326388889,0.9869447221825454,0.03798285590277778,masks/IPRL+edf28ef3+2023-12-18-19h-14m-43s/ext2_f00000.png
IPRL+edf28ef3+2023-12-18-19h-15m-28s,ext2,b050,0,229,229,28221883,ok,0.9259259259259259,auto,0.6001384801800242,0.01253689236111111,False,True,0.05394990366088637,0.00337890625,0.6001384801800242,0.01253689236111111,masks/IPRL+edf28ef3+2023-12-18-19h-15m-28s/ext2_f00000.png
IPRL+edf28ef3+2023-12-18-19h-15m-28s,ext2,b100,73,229,229,28221883,ok,1.0,auto,0.5030793891841727,0.012861328125,False,True,0.007074829931972837,0.003987630208333333,0.5030793891841727,0.012861328125,masks/IPRL+edf28ef3+2023-12-18-19h-15m-28s/ext2_f00073.png
IPRL+edf28ef3+2023-12-20-12h-04m-47s,ext1,b050,0,429,429,27432424,ok,1.0,auto,0.9237410071942446,0.0007541232638888889,False,True,0.07825858213862946,0.008249782986111112,0.9237410071942446,0.0007541232638888889,masks/IPRL+edf28ef3+2023-12-20-12h-04m-47s/ext1_f00000.png
IPRL+edf28ef3+2023-12-20-12h-04m-47s,ext2,b050,0,429,429,28221883,ok,1.0,auto,0.6886045995711011,0.014673394097222223,False,True,0.3308690652209627,0.006604817708333334,0.6886045995711011,0.014673394097222223,masks/IPRL+edf28ef3+2023-12-20-12h-04m-47s/ext2_f00000.png
IRIS+0db32f7c+2023-12-07-14h-06m-52s,ext1,b050,82,808,808,23404442,ok,0.9444444444444444,auto,1.0,0.010992838541666666,False,True,0.0037308078633950803,0.015123697916666666,1.0,0.010992838541666666,masks/IRIS+0db32f7c+2023-12-07-14h-06m-52s/ext1_f00082.png
IRIS+0db32f7c+2023-12-07-14h-06m-52s,ext2,b050,82,808,808,29838012,ok,0.5,auto,0.29445107398568016,0.010911458333333334,False,True,0.0,0.004521484375,0.29445107398568016,0.010911458333333334,masks/IRIS+0db32f7c+2023-12-07-14h-06m-52s/ext2_f00082.png
IRIS+0db32f7c+2023-12-07-14h-06m-52s,ext1,b100,92,808,808,23404442,ok,1.0,auto,1.0,0.00931640625,False,True,0.8188405797101449,0.00044921875,1.0,0.00931640625,masks/IRIS+0db32f7c+2023-12-07-14h-06m-52s/ext1_f00092.png
IRIS+226b9f35+2023-07-11-11h-46m-06s,ext2,b050,0,312,312,29838012,ok,1.0,box(auto empty),1.0,8.680555555555556e-06,True,True,0.020448289421942545,0.002759331597222222,0.020448289421942545,0.002759331597222222,masks/IRIS+226b9f35+2023-07-11-11h-46m-06s/ext2_f00000.png
IRIS+226b9f35+2023-07-11-12h-47m-47s,ext1,b050,0,218,218,23404442,ok,1.0,auto,1.0,0.007727864583333333,False,True,0.10009402513035304,0.012694227430555555,1.0,0.007727864583333333,masks/IRIS+226b9f35+2023-07-11-12h-47m-47s/ext1_f00000.png
IRIS+226b9f35+2023-07-11-12h-47m-47s,ext2,b050,0,218,218,29838012,ok,0.6666666666666666,auto,1.0,0.007417534722222222,False,True,nan,0.0,1.0,0.007417534722222222,masks/IRIS+226b9f35+2023-07-11-12h-47m-47s/ext2_f00000.png
IRIS+226b9f35+2023-07-11-12h-47m-47s,ext1,b100,16,218,218,23404442,ok,1.0,auto,1.0,0.009327256944444445,False,True,0.03614457831325302,9.006076388888889e-05,1.0,0.009327256944444445,masks/IRIS+226b9f35+2023-07-11-12h-47m-47s/ext1_f00016.png
IRIS+226b9f35+2023-07-11-12h-47m-47s,ext2,b100,16,218,218,29838012,ok,1.0,auto,1.0,0.007688802083333333,False,True,1.0,0.007546657986111111,1.0,0.007688802083333333,masks/IRIS+226b9f35+2023-07-11-12h-47m-47s/ext2_f00016.png
IRIS+226b9f35+2023-07-11-12h-51m-21s,ext1,b050,0,453,453,23404442,ok,1.0,auto,1.0,0.00822482638888889,False,True,0.02629002936652214,0.007759331597222223,1.0,0.00822482638888889,masks/IRIS+226b9f35+2023-07-11-12h-51m-21s/ext1_f00000.png
IRIS+226b9f35+2023-07-11-12h-51m-21s,ext2,b050,0,453,453,29838012,ok,0.5,auto,1.0,0.009006076388888888,False,True,1.0,0.002314453125,1.0,0.009006076388888888,masks/IRIS+226b9f35+2023-07-11-12h-51m-21s/ext2_f00000.png
IRIS+226b9f35+2023-07-11-13h-00m-50s,ext1,b050,198,582,582,23404442,ok,0.5,auto,1.0,0.006291232638888889,False,True,0.0,0.0007335069444444444,1.0,0.006291232638888889,masks/IRIS+226b9f35+2023-07-11-13h-00m-50s/ext1_f00198.png
IRIS+226b9f35+2023-07-11-13h-00m-50s,ext2,b050,198,582,582,29838012,ok,0.6851851851851852,auto,1.0,0.0027690972222222223,False,True,0.38497810710676994,0.0032215711805555556,1.0,0.0027690972222222223,masks/IRIS+226b9f35+2023-07-11-13h-00m-50s/ext2_f00198.png
IRIS+226b9f35+2023-07-11-13h-22m-48s,ext1,b050,48,276,276,23404442,ok,1.0,auto,1.0,0.005166015625,False,True,0.0,0.003146701388888889,1.0,0.005166015625,masks/IRIS+226b9f35+2023-07-11-13h-22m-48s/ext1_f00048.png
IRIS+226b9f35+2023-07-11-13h-22m-48s,ext2,b050,48,276,276,29838012,ok,0.5,auto,1.0,0.006416015625,False,True,0.0,0.00789279513888889,1.0,0.006416015625,masks/IRIS+226b9f35+2023-07-11-13h-22m-48s/ext2_f00048.png
IRIS+226b9f35+2023-07-11-13h-22m-48s,ext1,b100,126,276,276,23404442,ok,1.0,auto,1.0,0.0018391927083333333,False,True,0.2210109018830525,0.002189670138888889,1.0,0.0018391927083333333,masks/IRIS+226b9f35+2023-07-11-13h-22m-48s/ext1_f00126.png
IRIS+226b9f35+2023-07-11-13h-22m-48s,ext2,b100,126,276,276,29838012,ok,1.0,auto,1.0,0.004138454861111111,False,True,0.003486055776892427,0.004357638888888889,1.0,0.004138454861111111,masks/IRIS+226b9f35+2023-07-11-13h-22m-48s/ext2_f00126.png
IRIS+226b9f35+2023-07-11-13h-35m-43s,ext1,b050,187,294,294,23404442,ok,1.0,auto,1.0,0.003166232638888889,False,True,1.0,0.0003591579861111111,1.0,0.003166232638888889,masks/IRIS+226b9f35+2023-07-11-13h-35m-43s/ext1_f00187.png
IRIS+226b9f35+2023-07-11-13h-35m-43s,ext2,b050,187,294,294,29838012,ok,0.5,auto,1.0,0.010990668402777778,False,True,nan,0.0,1.0,0.010990668402777778,masks/IRIS+226b9f35+2023-07-11-13h-35m-43s/ext2_f00187.png
IRIS+226b9f35+2023-07-11-21h-57m-23s,ext1,b050,0,294,294,23404442,ok,1.0,auto,1.0,0.007405598958333333,False,True,0.9343930185444912,0.006962890625,1.0,0.007405598958333333,masks/IRIS+226b9f35+2023-07-11-21h-57m-23s/ext1_f00000.png
IRIS+226b9f35+2023-07-11-21h-57m-23s,ext2,b050,0,294,294,29838012,ok,1.0,auto,0.5685453730004485,0.007258029513888889,False,True,0.5669524551831644,0.0069607204861111115,0.5685453730004485,0.007258029513888889,masks/IRIS+226b9f35+2023-07-11-21h-57m-23s/ext2_f00000.png
IRIS+226b9f35+2023-07-11-22h-02m-09s,ext1,b050,0,188,188,23404442,ok,1.0,auto,1.0,0.005144314236111111,False,True,0.9995098039215686,0.006640625,1.0,0.005144314236111111,masks/IRIS+226b9f35+2023-07-11-22h-02m-09s/ext1_f00000.png
IRIS+226b9f35+2023-07-11-22h-02m-09s,ext2,b050,0,188,188,29838012,ok,1.0,auto,0.9079112599413981,0.010368923611111112,False,True,0.03776129467296019,0.0032183159722222222,0.9079112599413981,0.010368923611111112,masks/IRIS+226b9f35+2023-07-11-22h-02m-09s/ext2_f00000.png
IRIS+226b9f35+2023-07-11-22h-22m-39s,ext1,b050,0,583,583,23404442,ok,1.0,auto,1.0,0.007108289930555556,False,True,1.0,0.006399739583333334,1.0,0.007108289930555556,masks/IRIS+226b9f35+2023-07-11-22h-22m-39s/ext1_f00000.png
IRIS+226b9f35+2023-07-11-22h-22m-39s,ext2,b050,0,583,583,29838012,ok,1.0,auto,0.9411695769365991,0.009258897569444445,False,True,0.9330121048301798,0.009232855902777778,0.9411695769365991,0.009258897569444445,masks/IRIS+226b9f35+2023-07-11-22h-22m-39s/ext2_f00000.png
IRIS+226b9f35+2023-07-11-23h-31m-57s,ext1,b050,0,291,291,23404442,ok,1.0,auto,0.5215737896738335,0.007418619791666667,False,True,0.48154279092865415,0.006554904513888889,0.5215737896738335,0.007418619791666667,masks/IRIS+226b9f35+2023-07-11-23h-31m-57s/ext1_f00000.png
IRIS+226b9f35+2023-07-11-23h-31m-57s,ext2,b050,0,291,291,29838012,ok,1.0,auto,0.9283641639463185,0.005983072916666667,False,True,0.9177757520510483,0.0059516059027777775,0.9283641639463185,0.005983072916666667,masks/IRIS+226b9f35+2023-07-11-23h-31m-57s/ext2_f00000.png
IRIS+226b9f35+2023-07-11-23h-35m-51s,ext1,b050,0,349,349,23404442,ok,1.0,auto,0.8712639187341278,0.005554470486111111,False,True,0.8717743548709742,0.005424262152777777,0.8712639187341278,0.005554470486111111,masks/IRIS+226b9f35+2023-07-11-23h-35m-51s/ext1_f00000.png
IRIS+226b9f35+2023-07-11-23h-35m-51s,ext2,b050,0,349,349,29838012,ok,1.0,auto,0.6600260286314946,0.010838758680555555,False,True,0.6197215777262182,0.00935329861111111,0.6600260286314946,0.010838758680555555,masks/IRIS+226b9f35+2023-07-11-23h-35m-51s/ext2_f00000.png
IRIS+226b9f35+2023-07-11-23h-36m-55s,ext2,b050,0,300,300,29838012,ok,1.0,auto,0.89065757058935,0.005725911458333333,False,True,0.8922983133509449,0.005339626736111111,0.89065757058935,0.005725911458333333,masks/IRIS+226b9f35+2023-07-11-23h-36m-55s/ext2_f00000.png
IRIS+226b9f35+2023-07-11-23h-56m-04s,ext1,b050,0,205,205,23404442,ok,1.0,auto,0.9133714285714286,0.004747178819444444,False,True,0.9241715795893475,0.005337456597222222,0.9133714285714286,0.004747178819444444,masks/IRIS+226b9f35+2023-07-11-23h-56m-04s/ext1_f00000.png
IRIS+226b9f35+2023-07-11-23h-56m-04s,ext2,b050,0,205,205,29838012,ok,1.0,auto,0.9450008208832704,0.006609157986111111,False,True,0.9450050454086781,0.0064518229166666665,0.9450008208832704,0.006609157986111111,masks/IRIS+226b9f35+2023-07-11-23h-56m-04s/ext2_f00000.png
IRIS+226b9f35+2023-07-16-17h-28m-13s,ext1,b050,0,414,414,23404442,ok,1.0,auto,0.3630148136089858,0.0066655815972222225,False,True,0.31409074142382887,0.005883246527777778,0.3630148136089858,0.0066655815972222225,masks/IRIS+226b9f35+2023-07-16-17h-28m-13s/ext1_f00000.png
IRIS+226b9f35+2023-07-16-17h-28m-13s,ext2,b050,0,414,414,29838012,ok,1.0,auto,0.9965049582768942,0.06488606770833333,False,True,0.10164638511095203,0.0015158420138888888,0.9965049582768942,0.06488606770833333,masks/IRIS+226b9f35+2023-07-16-17h-28m-13s/ext2_f00000.png
IRIS+226b9f35+2023-07-16-17h-30m-15s,ext1,b050,0,245,245,23404442,ok,1.0,auto,0.5410398953564421,0.006636284722222222,False,True,0.3127053669222344,0.003962673611111111,0.5410398953564421,0.006636284722222222,masks/IRIS+226b9f35+2023-07-16-17h-30m-15s/ext1_f00000.png
IRIS+226b9f35+2023-07-16-17h-30m-15s,ext2,b050,0,245,245,29838012,ok,1.0,auto,0.4779328805610247,0.049048394097222225,False,True,0.3608199073052306,0.03933159722222222,0.4779328805610247,0.049048394097222225,masks/IRIS+226b9f35+2023-07-16-17h-30m-15s/ext2_f00000.png
IRIS+226b9f35+2023-07-18-21h-57m-46s,ext1,b050,0,391,391,23404442,ok,1.0,auto,0.846404583168708,0.010985243055555555,False,True,0.8404175988068605,0.010185546875,0.846404583168708,0.010985243055555555,masks/IRIS+226b9f35+2023-07-18-21h-57m-46s/ext1_f00000.png
IRIS+226b9f35+2023-07-18-22h-08m-23s,ext1,b050,0,554,554,23404442,ok,1.0,auto,0.6545029660255258,0.012072482638888889,False,True,0.6419239330300978,0.011212022569444445,0.6545029660255258,0.012072482638888889,masks/IRIS+226b9f35+2023-07-18-22h-08m-23s/ext1_f00000.png
IRIS+226b9f35+2023-07-18-22h-28m-20s,ext1,b050,0,1194,1194,23404442,ok,1.0,auto,0.421966433026815,0.016873914930555556,False,True,0.21613588110403392,0.010221354166666667,0.421966433026815,0.016873914930555556,masks/IRIS+226b9f35+2023-07-18-22h-28m-20s/ext1_f00000.png
IRIS+226b9f35+2023-07-18-22h-38m-05s,ext1,b050,0,570,570,23404442,ok,1.0,auto,0.7647514859160995,0.012596571180555556,False,True,0.7595776245745702,0.01243381076388889,0.7647514859160995,0.012596571180555556,masks/IRIS+226b9f35+2023-07-18-22h-38m-05s/ext1_f00000.png
IRIS+226b9f35+2023-07-18-22h-45m-45s,ext1,b050,0,397,397,23404442,ok,1.0,auto,0.42105263157894735,0.007566189236111111,False,True,0.0,0.003947482638888889,0.42105263157894735,0.007566189236111111,masks/IRIS+226b9f35+2023-07-18-22h-45m-45s/ext1_f00000.png
IRIS+226b9f35+2023-10-31-18h-40m-41s,ext1,b050,16,124,124,23404442,ok,0.5185185185185185,auto,0.3091149273447821,0.01478515625,False,True,0.005540166204986097,0.008617621527777777,0.3091149273447821,0.01478515625,masks/IRIS+226b9f35+2023-10-31-18h-40m-41s/ext1_f00016.png
IRIS+226b9f35+2023-10-31-18h-40m-41s,ext1,b100,34,124,124,23404442,ok,1.0,auto,0.21920081705604488,0.008499348958333333,False,True,0.007712082262210762,0.003798828125,0.21920081705604488,0.008499348958333333,masks/IRIS+226b9f35+2023-10-31-18h-40m-41s/ext1_f00034.png
IRIS+7dfa2da3+2023-04-13-15h-04m-58s,ext1,b050,46,246,246,23404442,ok,1.0,auto,0.8200673503750191,0.01417751736111111,False,True,0.6576492537313433,0.009305555555555555,0.8200673503750191,0.01417751736111111,masks/IRIS+7dfa2da3+2023-04-13-15h-04m-58s/ext1_f00046.png
IRIS+7dfa2da3+2023-04-13-15h-04m-58s,ext1,b100,63,246,246,23404442,ok,1.0,auto,0.34102923724242096,0.010057508680555556,False,True,0.013983406357788719,0.011639539930555555,0.34102923724242096,0.010057508680555556,masks/IRIS+7dfa2da3+2023-04-13-15h-04m-58s/ext1_f00063.png
IRIS+7dfa2da3+2023-04-13-15h-12m-56s,ext1,b050,40,243,243,23404442,ok,1.0,auto,0.4728756601056169,0.013561197916666667,False,True,0.26251137397634217,0.009539930555555555,0.4728756601056169,0.013561197916666667,masks/IRIS+7dfa2da3+2023-04-13-15h-12m-56s/ext1_f00040.png
IRIS+7dfa2da3+2023-04-13-15h-12m-56s,ext2,b050,40,243,243,29838012,ok,0.5,auto,0.5986038394415358,0.013056640625,False,True,0.3642235327155293,0.007727864583333333,0.5986038394415358,0.013056640625,masks/IRIS+7dfa2da3+2023-04-13-15h-12m-56s/ext2_f00040.png
IRIS+7dfa2da3+2023-04-13-15h-12m-56s,ext1,b100,55,243,243,23404442,ok,1.0,auto,0.5395348837209302,0.006065538194444445,False,True,0.011841567986933477,0.005314670138888889,0.5395348837209302,0.006065538194444445,masks/IRIS+7dfa2da3+2023-04-13-15h-12m-56s/ext1_f00055.png
IRIS+7dfa2da3+2023-04-13-15h-12m-56s,ext2,b100,55,243,243,29838012,ok,1.0,auto,0.24259407526020815,0.010842013888888889,False,True,0.2324409448818897,0.010335286458333334,0.24259407526020815,0.010842013888888889,masks/IRIS+7dfa2da3+2023-04-13-15h-12m-56s/ext2_f00055.png
IRIS+7dfa2da3+2023-04-13-15h-24m-31s,ext1,b050,35,283,283,23404442,ok,1.0,auto,0.49533518690145195,0.017561848958333334,False,True,0.12072846326989972,0.01060546875,0.49533518690145195,0.017561848958333334,masks/IRIS+7dfa2da3+2023-04-13-15h-24m-31s/ext1_f00035.png
IRIS+7dfa2da3+2023-04-13-15h-24m-31s,ext2,b050,35,283,283,29838012,ok,0.5,auto,0.7085295656724229,0.006220703125,False,True,0.5821489482660602,0.005725911458333333,0.7085295656724229,0.006220703125,masks/IRIS+7dfa2da3+2023-04-13-15h-24m-31s/ext2_f00035.png
IRIS+7dfa2da3+2023-04-13-15h-24m-31s,ext2,b100,51,283,283,29838012,ok,1.0,auto,0.2561749223916858,0.00803927951388889,False,True,0.09693121693121698,0.005126953125,0.2561749223916858,0.00803927951388889,masks/IRIS+7dfa2da3+2023-04-13-15h-24m-31s/ext2_f00051.png
IRIS+7dfa2da3+2023-04-17-15h-42m-53s,ext2,b050,0,259,259,29838012,ok,1.0,auto,0.9987800369685768,0.029351128472222224,False,True,0.9700227742174673,0.020487196180555556,0.9987800369685768,0.029351128472222224,masks/IRIS+7dfa2da3+2023-04-17-15h-42m-53s/ext2_f00000.png
IRIS+7dfa2da3+2023-04-17-15h-47m-31s,ext2,b050,0,284,284,29838012,ok,0.6851851851851852,auto,0.8766816143497758,0.01790581597222222,False,True,0.0,0.0022884114583333333,0.8766816143497758,0.01790581597222222,masks/IRIS+7dfa2da3+2023-04-17-15h-47m-31s/ext2_f00000.png
IRIS+7dfa2da3+2023-04-17-15h-47m-31s,ext2,b100,31,284,284,29838012,ok,1.0,auto,0.675743555849306,0.016417100694444443,False,True,0.0,0.0013997395833333333,0.675743555849306,0.016417100694444443,masks/IRIS+7dfa2da3+2023-04-17-15h-47m-31s/ext2_f00031.png
IRIS+7dfa2da3+2023-04-17-15h-52m-19s,ext2,b050,0,224,224,29838012,ok,1.0,auto,0.9021082042164085,0.02135959201388889,False,True,0.0,0.0022157118055555554,0.9021082042164085,0.02135959201388889,masks/IRIS+7dfa2da3+2023-04-17-15h-52m-19s/ext2_f00000.png
IRIS+7dfa2da3+2023-04-17-15h-53m-42s,ext2,b050,0,225,225,29838012,ok,1.0,auto,0.7347320017243857,0.007550998263888889,False,True,0.7100814026299311,0.006931423611111111,0.7347320017243857,0.007550998263888889,masks/IRIS+7dfa2da3+2023-04-17-15h-53m-42s/ext2_f00000.png
IRIS+7dfa2da3+2023-04-17-15h-56m-36s,ext2,b050,0,468,468,29838012,ok,1.0,auto,0.786134429786991,0.038001302083333334,False,True,0.005079892860441526,0.011748046875,0.786134429786991,0.038001302083333334,masks/IRIS+7dfa2da3+2023-04-17-15h-56m-36s/ext2_f00000.png
IRIS+7dfa2da3+2023-04-18-10h-47m-59s,ext1,b050,0,223,223,23404442,ok,1.0,auto,0.9990478457510117,0.004558376736111111,False,True,0.0,0.0036946614583333332,0.9990478457510117,0.004558376736111111,masks/IRIS+7dfa2da3+2023-04-18-10h-47m-59s/ext1_f00000.png
IRIS+7dfa2da3+2023-04-18-10h-47m-59s,ext1,b100,25,223,223,23404442,ok,1.0,auto,1.0,0.007739800347222222,False,True,0.00871313672922247,0.0016189236111111111,1.0,0.007739800347222222,masks/IRIS+7dfa2da3+2023-04-18-10h-47m-59s/ext1_f00025.png
IRIS+7dfa2da3+2023-04-18-10h-48m-25s,ext1,b050,19,293,293,23404442,ok,1.0,auto,1.0,0.00146484375,False,True,0.0025050100200401104,0.004331597222222222,1.0,0.00146484375,masks/IRIS+7dfa2da3+2023-04-18-10h-48m-25s/ext1_f00019.png
IRIS+7dfa2da3+2023-04-18-10h-48m-25s,ext2,b050,19,293,293,29838012,ok,0.5,auto,0.5122403241099905,0.02517578125,False,True,0.0,0.006331380208333333,0.5122403241099905,0.02517578125,masks/IRIS+7dfa2da3+2023-04-18-10h-48m-25s/ext2_f00019.png
IRIS+7dfa2da3+2023-04-18-10h-48m-25s,ext1,b100,33,293,293,23404442,ok,1.0,auto,0.9753086419753086,0.0130078125,False,True,0.0,0.0014876302083333334,0.9753086419753086,0.0130078125,masks/IRIS+7dfa2da3+2023-04-18-10h-48m-25s/ext1_f00033.png
IRIS+7dfa2da3+2023-04-18-11h-56m-29s,ext1,b050,64,377,377,23404442,ok,1.0,auto,0.9925093632958801,0.0028971354166666668,False,True,0.6682350928223115,0.012683376736111111,0.9925093632958801,0.0028971354166666668,masks/IRIS+7dfa2da3+2023-04-18-11h-56m-29s/ext1_f00064.png
IRIS+7dfa2da3+2023-04-18-11h-56m-29s,ext2,b050,64,377,377,29838012,ok,0.5,auto,1.0,0.008595920138888888,False,True,0.21540656205420827,0.0007606336805555555,1.0,0.008595920138888888,masks/IRIS+7dfa2da3+2023-04-18-11h-56m-29s/ext2_f00064.png
IRIS+7dfa2da3+2023-04-18-11h-56m-29s,ext1,b100,105,377,377,23404442,ok,1.0,auto,1.0,0.04070963541666667,False,True,0.999353169469599,0.008387586805555555,1.0,0.04070963541666667,masks/IRIS+7dfa2da3+2023-04-18-11h-56m-29s/ext1_f00105.png
IRIS+7dfa2da3+2023-04-18-11h-56m-29s,ext2,b100,105,377,377,29838012,ok,1.0,auto,0.97508038585209,0.0040494791666666665,False,True,0.020000000000000018,0.00021701388888888888,0.97508038585209,0.0040494791666666665,masks/IRIS+7dfa2da3+2023-04-18-11h-56m-29s/ext2_f00105.png
IRIS+7dfa2da3+2023-04-19-10h-09m-32s,ext1,b050,84,249,249,23404442,ok,1.0,auto,0.47271782435475485,0.006264105902777778,False,True,0.2936126373626373,0.003159722222222222,0.47271782435475485,0.006264105902777778,masks/IRIS+7dfa2da3+2023-04-19-10h-09m-32s/ext1_f00084.png
IRIS+7dfa2da3+2023-04-19-10h-09m-32s,ext2,b050,84,249,249,29838012,ok,0.5,auto,1.0,0.005779079861111111,False,True,1.0,0.0050412326388888885,1.0,0.005779079861111111,masks/IRIS+7dfa2da3+2023-04-19-10h-09m-32s/ext2_f00084.png
IRIS+7dfa2da3+2023-04-19-10h-09m-32s,ext1,b100,112,249,249,23404442,ok,1.0,auto,0.6266137040714995,0.0010926649305555555,False,True,0.09514925373134331,0.0005815972222222222,0.6266137040714995,0.0010926649305555555,masks/IRIS+7dfa2da3+2023-04-19-10h-09m-32s/ext1_f00112.png
IRIS+7dfa2da3+2023-04-19-10h-09m-32s,ext2,b100,112,249,249,29838012,ok,1.0,auto,0.6993933947427544,0.004829644097222223,False,True,0.0,2.387152777777778e-05,0.6993933947427544,0.004829644097222223,masks/IRIS+7dfa2da3+2023-04-19-10h-09m-32s/ext2_f00112.png
IRIS+7dfa2da3+2023-04-26-09h-52m-21s,ext1,b050,42,267,267,23404442,ok,0.5,auto,0.6338568935427574,0.003108723958333333,False,True,0.20391271632806618,0.0014420572916666666,0.6338568935427574,0.003108723958333333,masks/IRIS+7dfa2da3+2023-04-26-09h-52m-21s/ext1_f00042.png
IRIS+7dfa2da3+2023-04-26-09h-52m-21s,ext1,b100,75,267,267,23404442,ok,1.0,auto,0.6793756118786033,0.019950086805555555,False,True,0.4078259050010462,0.01037109375,0.6793756118786033,0.019950086805555555,masks/IRIS+7dfa2da3+2023-04-26-09h-52m-21s/ext1_f00075.png
IRIS+7dfa2da3+2023-04-26-10h-12m-33s,ext1,b100,39,228,228,23404442,ok,1.0,auto,0.6634296250768286,0.017654079861111113,False,True,0.6535232765199694,0.017061631944444444,0.6634296250768286,0.017654079861111113,masks/IRIS+7dfa2da3+2023-04-26-10h-12m-33s/ext1_f00039.png
IRIS+7dfa2da3+2023-04-26-10h-12m-33s,ext2,b100,39,228,228,29838012,ok,1.0,auto,0.5864955963901273,0.009979383680555556,False,True,0.6021939356307565,0.010485026041666666,0.5864955963901273,0.009979383680555556,masks/IRIS+7dfa2da3+2023-04-26-10h-12m-33s/ext2_f00039.png
IRIS+7dfa2da3+2023-04-26-10h-13m-10s,ext1,b050,42,245,245,23404442,ok,0.5,box(auto empty),0.5257731958762887,0.00042100694444444444,True,True,0.15541795665634672,0.0017523871527777778,0.15541795665634672,0.0017523871527777778,masks/IRIS+7dfa2da3+2023-04-26-10h-13m-10s/ext1_f00042.png
IRIS+7dfa2da3+2023-04-26-10h-13m-10s,ext2,b050,42,245,245,29838012,ok,1.0,auto,0.4869866022402811,0.019761284722222223,False,True,0.043636363636363584,0.008951822916666666,0.4869866022402811,0.019761284722222223,masks/IRIS+7dfa2da3+2023-04-26-10h-13m-10s/ext2_f00042.png
IRIS+7dfa2da3+2023-04-26-10h-13m-10s,ext1,b100,57,245,245,23404442,ok,1.0,auto,0.7400468384074941,0.011583116319444444,False,True,0.7338984702328754,0.011136067708333334,0.7400468384074941,0.011583116319444444,masks/IRIS+7dfa2da3+2023-04-26-10h-13m-10s/ext1_f00057.png
IRIS+7dfa2da3+2023-04-26-10h-14m-27s,ext1,b050,0,206,206,23404442,ok,0.5740740740740741,auto,0.6142833361078741,0.0065180121527777775,False,True,0.14349442379182153,0.0029188368055555556,0.6142833361078741,0.0065180121527777775,masks/IRIS+7dfa2da3+2023-04-26-10h-14m-27s/ext1_f00000.png
IRIS+7dfa2da3+2023-04-26-10h-14m-27s,ext2,b050,0,206,206,29838012,ok,1.0,auto,0.35568887936575955,0.020256076388888888,False,True,0.3468277945619336,0.01975368923611111,0.35568887936575955,0.020256076388888888,masks/IRIS+7dfa2da3+2023-04-26-10h-14m-27s/ext2_f00000.png
IRIS+7dfa2da3+2023-04-26-10h-14m-27s,ext1,b100,39,206,206,23404442,ok,1.0,auto,0.8521365993205793,0.0060687934027777776,False,True,0.8533662319351427,0.006156684027777777,0.8521365993205793,0.0060687934027777776,masks/IRIS+7dfa2da3+2023-04-26-10h-14m-27s/ext1_f00039.png
IRIS+7dfa2da3+2023-04-27-14h-58m-52s,ext2,b050,31,225,225,29838012,ok,1.0,auto,1.0,0.03350911458333333,False,True,0.8777985074626866,0.0011631944444444443,1.0,0.03350911458333333,masks/IRIS+7dfa2da3+2023-04-27-14h-58m-52s/ext2_f00031.png
IRIS+7dfa2da3+2023-04-27-14h-58m-52s,ext2,b100,40,225,225,29838012,ok,1.0,auto,1.0,0.023363715277777777,False,True,0.9996201089021147,0.008568793402777778,1.0,0.023363715277777777,masks/IRIS+7dfa2da3+2023-04-27-14h-58m-52s/ext2_f00040.png
IRIS+7dfa2da3+2023-04-27-15h-04m-15s,ext2,b050,31,218,218,29838012,ok,1.0,auto,1.0,0.03564995659722222,False,True,0.9848361934477379,0.03477647569444445,1.0,0.03564995659722222,masks/IRIS+7dfa2da3+2023-04-27-15h-04m-15s/ext2_f00031.png
IRIS+7dfa2da3+2023-04-27-15h-04m-15s,ext2,b100,38,218,218,29838012,ok,1.0,auto,1.0,0.008181423611111112,False,True,1.0,0.0031532118055555554,1.0,0.008181423611111112,masks/IRIS+7dfa2da3+2023-04-27-15h-04m-15s/ext2_f00038.png
IRIS+7dfa2da3+2023-04-27-15h-10m-30s,ext2,b050,62,369,369,29838012,ok,1.0,auto,1.0,0.006110026041666667,False,True,0.04622197619706614,0.003920355902777777,1.0,0.006110026041666667,masks/IRIS+7dfa2da3+2023-04-27-15h-10m-30s/ext2_f00062.png
IRIS+7dfa2da3+2023-04-27-15h-10m-30s,ext2,b100,208,369,369,29838012,ok,1.0,auto,1.0,0.00341796875,False,True,0.4534109816971714,0.0013042534722222223,1.0,0.00341796875,masks/IRIS+7dfa2da3+2023-04-27-15h-10m-30s/ext2_f00208.png
IRIS+7dfa2da3+2023-04-27-15h-12m-20s,ext2,b050,35,229,229,29838012,ok,1.0,auto,1.0,0.04247395833333333,False,True,0.5254338719329743,0.005439453125,1.0,0.04247395833333333,masks/IRIS+7dfa2da3+2023-04-27-15h-12m-20s/ext2_f00035.png
IRIS+7dfa2da3+2023-04-27-15h-12m-20s,ext2,b100,69,229,229,29838012,ok,1.0,auto,1.0,0.027125651041666667,False,True,1.0,0.023817274305555556,1.0,0.027125651041666667,masks/IRIS+7dfa2da3+2023-04-27-15h-12m-20s/ext2_f00069.png
IRIS+7dfa2da3+2023-05-03-09h-35m-38s,ext1,b050,0,198,198,23404442,ok,0.9444444444444444,auto,1.0,0.007561848958333333,False,True,0.0001397038278848628,0.007766927083333333,1.0,0.007561848958333333,masks/IRIS+7dfa2da3+2023-05-03-09h-35m-38s/ext1_f00000.png
IRIS+7dfa2da3+2023-05-03-09h-35m-38s,ext2,b050,0,198,198,29838012,ok,0.8333333333333334,auto,1.0,0.020960286458333335,False,True,1.0,0.019705946180555555,1.0,0.020960286458333335,masks/IRIS+7dfa2da3+2023-05-03-09h-35m-38s/ext2_f00000.png
IRIS+7dfa2da3+2023-05-03-09h-35m-38s,ext1,b100,18,198,198,23404442,ok,1.0,auto,1.0,0.01213107638888889,False,True,0.09325112848177919,0.04927842881944444,1.0,0.01213107638888889,masks/IRIS+7dfa2da3+2023-05-03-09h-35m-38s/ext1_f00018.png
IRIS+7dfa2da3+2023-05-03-09h-35m-38s,ext2,b100,18,198,198,29838012,ok,1.0,auto,0.9379042690815006,0.01929144965277778,False,True,0.9317602040816326,0.01871527777777778,0.9379042690815006,0.01929144965277778,masks/IRIS+7dfa2da3+2023-05-03-09h-35m-38s/ext2_f00018.png
IRIS+7dfa2da3+2023-05-03-09h-52m-20s,ext2,b050,0,234,234,29838012,ok,0.6296296296296297,auto,0.9967392915369794,0.021962890625,False,True,0.9964713102178583,0.021217447916666667,0.9967392915369794,0.021962890625,masks/IRIS+7dfa2da3+2023-05-03-09h-52m-20s/ext2_f00000.png
IRIS+7dfa2da3+2023-05-03-09h-52m-20s,ext2,b100,25,234,234,29838012,ok,1.0,auto,0.6522257916475447,0.011821831597222223,False,True,0.5822192513368984,0.009739583333333333,0.6522257916475447,0.011821831597222223,masks/IRIS+7dfa2da3+2023-05-03-09h-52m-20s/ext2_f00025.png
IRIS+7dfa2da3+2023-05-03-09h-52m-51s,ext1,b050,0,286,286,23404442,ok,1.0,auto,0.39526246801073595,0.03476779513888889,False,True,0.009911599249933012,0.024303385416666667,0.39526246801073595,0.03476779513888889,masks/IRIS+7dfa2da3+2023-05-03-09h-52m-51s/ext1_f00000.png
IRIS+7dfa2da3+2023-05-03-09h-52m-51s,ext2,b050,0,286,286,29838012,ok,1.0,auto,0.5015227021040974,0.007838541666666667,False,True,0.46553071752383934,0.006941189236111111,0.5015227021040974,0.007838541666666667,masks/IRIS+7dfa2da3+2023-05-03-09h-52m-51s/ext2_f00000.png
IRIS+7dfa2da3+2023-05-03-09h-55m-32s,ext1,b050,0,186,186,23404442,ok,1.0,auto,0.46885116178692177,0.030167100694444445,False,True,0.00016191709844559643,0.013402777777777777,0.46885116178692177,0.030167100694444445,masks/IRIS+7dfa2da3+2023-05-03-09h-55m-32s/ext1_f00000.png
IRIS+7dfa2da3+2023-05-03-09h-55m-32s,ext2,b050,0,186,186,29838012,ok,1.0,auto,0.5820710548058385,0.007879774305555556,False,True,0.5652427467560869,0.007442491319444445,0.5820710548058385,0.007879774305555556,masks/IRIS+7dfa2da3+2023-05-03-09h-55m-32s/ext2_f00000.png
IRIS+7dfa2da3+2023-05-05-10h-19m-44s,ext2,b050,32,182,182,29838012,ok,0.5555555555555556,auto,1.0,0.0016710069444444444,False,True,0.0,0.013891059027777777,1.0,0.0016710069444444444,masks/IRIS+7dfa2da3+2023-05-05-10h-19m-44s/ext2_f00032.png
IRIS+7dfa2da3+2023-05-05-10h-22m-47s,ext2,b050,0,162,162,29838012,ok,0.5925925925925926,box(auto empty),0.9739336492890995,0.0004578993055555556,True,True,0.0,0.02505425347222222,0.0,0.02505425347222222,masks/IRIS+7dfa2da3+2023-05-05-10h-22m-47s/ext2_f00000.png
IRIS+7dfa2da3+2023-05-05-10h-43m-22s,ext2,b050,13,103,103,29838012,ok,0.5370370370370371,auto,1.0,0.002131076388888889,False,True,0.0,0.011872829861111111,1.0,0.002131076388888889,masks/IRIS+7dfa2da3+2023-05-05-10h-43m-22s/ext2_f00013.png
IRIS+7dfa2da3+2023-05-05-11h-53m-05s,ext2,b050,25,265,265,29838012,ok,0.5740740740740741,auto,0.29141248240262785,0.0023122829861111113,False,True,0.0,0.04684678819444445,0.29141248240262785,0.0023122829861111113,masks/IRIS+7dfa2da3+2023-05-05-11h-53m-05s/ext2_f00025.png
IRIS+7dfa2da3+2023-05-08-14h-35m-09s,ext1,b050,20,171,171,23404442,ok,0.8148148148148148,auto,0.924104468671379,0.018114149305555556,False,True,0.0055169105301031696,0.004523654513888889,0.924104468671379,0.018114149305555556,masks/IRIS+7dfa2da3+2023-05-08-14h-35m-09s/ext1_f00020.png
IRIS+7dfa2da3+2023-05-08-14h-35m-09s,ext1,b100,45,171,171,23404442,ok,1.0,auto,1.0,0.007507595486111111,False,True,0.2893263500090302,0.006008029513888889,1.0,0.007507595486111111,masks/IRIS+7dfa2da3+2023-05-08-14h-35m-09s/ext1_f00045.png
IRIS+7dfa2da3+2023-05-08-14h-36m-35s,ext1,b050,26,180,180,23404442,ok,0.7962962962962963,auto,0.9819291819291819,0.00888671875,False,True,0.04288425047438327,0.008577473958333333,0.9819291819291819,0.00888671875,masks/IRIS+7dfa2da3+2023-05-08-14h-36m-35s/ext1_f00026.png
IRIS+7dfa2da3+2023-05-08-14h-36m-35s,ext1,b100,50,180,180,23404442,ok,1.0,auto,0.8973054456378369,0.0057584635416666665,False,True,0.8683481152993349,0.003914930555555555,0.8973054456378369,0.0057584635416666665,masks/IRIS+7dfa2da3+2023-05-08-14h-36m-35s/ext1_f00050.png
IRIS+7dfa2da3+2023-05-08-15h-29m-33s,ext1,b050,61,173,173,23404442,ok,0.6666666666666666,auto,0.8176417766111763,0.01570855034722222,False,True,0.7975418231478321,0.01589084201388889,0.8176417766111763,0.01570855034722222,masks/IRIS+7dfa2da3+2023-05-08-15h-29m-33s/ext1_f00061.png
IRIS+7dfa2da3+2023-05-08-15h-29m-33s,ext2,b050,61,173,173,29838012,ok,0.5185185185185185,auto,0.6473176510407852,0.006411675347222222,False,True,0.5321392459916221,0.007511935763888889,0.6473176510407852,0.006411675347222222,masks/IRIS+7dfa2da3+2023-05-08-15h-29m-33s/ext2_f00061.png
IRIS+7dfa2da3+2023-05-08-15h-29m-33s,ext1,b100,100,173,173,23404442,ok,1.0,auto,0.5141897565071369,0.006461588541666666,False,True,0.013968481375358222,0.003029513888888889,0.5141897565071369,0.006461588541666666,masks/IRIS+7dfa2da3+2023-05-08-15h-29m-33s/ext1_f00100.png
IRIS+7dfa2da3+2023-05-08-15h-29m-33s,ext2,b100,100,173,173,29838012,ok,1.0,auto,0.613263785394933,0.004368489583333334,False,True,0.592097782831154,0.0038172743055555555,0.613263785394933,0.004368489583333334,masks/IRIS+7dfa2da3+2023-05-08-15h-29m-33s/ext2_f00100.png
IRIS+7dfa2da3+2023-05-08-15h-58m-24s,ext1,b050,29,196,196,23404442,ok,0.5555555555555556,auto,0.9711191335740073,0.012924262152777777,False,True,0.6353903056258516,0.011148003472222221,0.9711191335740073,0.012924262152777777,masks/IRIS+7dfa2da3+2023-05-08-15h-58m-24s/ext1_f00029.png
IRIS+7dfa2da3+2023-05-08-15h-58m-24s,ext2,b050,29,196,196,29838012,ok,0.5185185185185185,auto,1.0,0.008087022569444444,False,True,0.0,0.0013151041666666667,1.0,0.008087022569444444,masks/IRIS+7dfa2da3+2023-05-08-15h-58m-24s/ext2_f00029.png
IRIS+7dfa2da3+2023-05-08-15h-58m-24s,ext1,b100,39,196,196,23404442,ok,1.0,auto,0.5160949868073879,0.010281032986111112,False,True,0.12321816863976809,0.004491102430555556,0.5160949868073879,0.010281032986111112,masks/IRIS+7dfa2da3+2023-05-08-15h-58m-24s/ext1_f00039.png
IRIS+7dfa2da3+2023-05-08-15h-58m-24s,ext2,b100,39,196,196,29838012,ok,1.0,auto,1.0,0.004139539930555556,False,True,0.0,0.0006662326388888888,1.0,0.004139539930555556,masks/IRIS+7dfa2da3+2023-05-08-15h-58m-24s/ext2_f00039.png
IRIS+7dfa2da3+2023-05-11-14h-27m-22s,ext2,b050,0,159,159,29838012,ok,1.0,auto,1.0,0.010243055555555556,False,True,0.0,0.007893880208333334,1.0,0.010243055555555556,masks/IRIS+7dfa2da3+2023-05-11-14h-27m-22s/ext2_f00000.png
IRIS+7dfa2da3+2023-05-11-14h-56m-58s,ext1,b050,85,243,243,23404442,ok,1.0,auto,0.6632751937984496,0.00671875,False,True,0.019947506561679762,0.0020670572916666667,0.6632751937984496,0.00671875,masks/IRIS+7dfa2da3+2023-05-11-14h-56m-58s/ext1_f00085.png
IRIS+7dfa2da3+2023-05-11-14h-56m-58s,ext1,b100,100,243,243,23404442,ok,1.0,auto,0.7971572401539828,0.003664279513888889,False,True,0.0,0.000458984375,0.7971572401539828,0.003664279513888889,masks/IRIS+7dfa2da3+2023-05-11-14h-56m-58s/ext1_f00100.png
IRIS+7dfa2da3+2023-05-11-15h-14m-30s,ext1,b050,58,205,205,23404442,ok,1.0,auto,0.2628432394855752,0.015608723958333333,False,True,0.1345776031434185,0.013255208333333334,0.2628432394855752,0.015608723958333333,masks/IRIS+7dfa2da3+2023-05-11-15h-14m-30s/ext1_f00058.png
IRIS+7dfa2da3+2023-05-11-15h-14m-30s,ext2,b050,58,205,205,29838012,ok,0.5370370370370371,auto,0.8138518177634606,0.0047157118055555555,False,True,0.31137724550898205,0.0009060329861111111,0.8138518177634606,0.0047157118055555555,masks/IRIS+7dfa2da3+2023-05-11-15h-14m-30s/ext2_f00058.png
IRIS+7dfa2da3+2023-05-11-15h-14m-30s,ext2,b100,80,205,205,29838012,ok,1.0,auto,0.608532331634022,0.004044053819444444,False,True,0.0,0.0007834201388888888,0.608532331634022,0.004044053819444444,masks/IRIS+7dfa2da3+2023-05-11-15h-14m-30s/ext2_f00080.png
IRIS+7dfa2da3+2023-05-11-15h-14m-54s,ext1,b050,32,169,169,23404442,ok,1.0,auto,0.6619365609348915,0.009099392361111111,False,True,0.263653483992467,0.00345703125,0.6619365609348915,0.009099392361111111,masks/IRIS+7dfa2da3+2023-05-11-15h-14m-54s/ext1_f00032.png
IRIS+7dfa2da3+2023-05-11-15h-14m-54s,ext2,b050,32,169,169,29838012,ok,0.5370370370370371,auto,1.0,0.005592447916666667,False,True,0.19542253521126762,0.0012326388888888888,1.0,0.005592447916666667,masks/IRIS+7dfa2da3+2023-05-11-15h-14m-54s/ext2_f00032.png
IRIS+7dfa2da3+2023-05-11-15h-14m-54s,ext1,b100,53,169,169,23404442,ok,1.0,auto,0.5320855614973262,0.006493055555555556,False,True,0.07145177005521275,0.0033409288194444445,0.5320855614973262,0.006493055555555556,masks/IRIS+7dfa2da3+2023-05-11-15h-14m-54s/ext1_f00053.png
IRIS+7dfa2da3+2023-05-11-15h-14m-54s,ext2,b100,53,169,169,29838012,ok,1.0,auto,1.0,0.0018315972222222223,False,True,0.013307047806801364,0.0022016059027777776,1.0,0.0018315972222222223,masks/IRIS+7dfa2da3+2023-05-11-15h-14m-54s/ext2_f00053.png
IRIS+7dfa2da3+2023-05-11-15h-16m-40s,ext1,b050,42,202,202,23404442,ok,1.0,auto,0.7260158489293542,0.006435546875,False,True,0.0,0.0021126302083333335,0.7260158489293542,0.006435546875,masks/IRIS+7dfa2da3+2023-05-11-15h-16m-40s/ext1_f00042.png
IRIS+7dfa2da3+2023-05-11-15h-16m-40s,ext2,b050,42,202,202,29838012,ok,0.5185185185185185,auto,1.0,0.007399088541666667,False,True,0.0,0.0015169270833333332,1.0,0.007399088541666667,masks/IRIS+7dfa2da3+2023-05-11-15h-16m-40s/ext2_f00042.png
IRIS+7dfa2da3+2023-05-11-15h-16m-40s,ext1,b100,72,202,202,23404442,ok,1.0,auto,0.7534402042842956,0.007648654513888889,False,True,0.06920000000000004,0.002712673611111111,0.7534402042842956,0.007648654513888889,masks/IRIS+7dfa2da3+2023-05-11-15h-16m-40s/ext1_f00072.png
IRIS+7dfa2da3+2023-05-11-15h-16m-40s,ext2,b100,72,202,202,29838012,ok,1.0,auto,0.5811494252873564,0.004720052083333333,False,True,0.22498025499266616,0.00961697048611111,0.5811494252873564,0.004720052083333333,masks/IRIS+7dfa2da3+2023-05-11-15h-16m-40s/ext2_f00072.png
IRIS+7dfa2da3+2023-05-11-15h-17m-03s,ext1,b050,20,254,254,23404442,ok,1.0,auto,0.3749787811916483,0.012784288194444444,False,True,0.31600536404512114,0.013755425347222221,0.3749787811916483,0.012784288194444444,masks/IRIS+7dfa2da3+2023-05-11-15h-17m-03s/ext1_f00020.png
IRIS+7dfa2da3+2023-05-11-15h-17m-03s,ext2,b050,20,254,254,29838012,ok,0.5,auto,1.0,0.013592664930555555,False,True,0.9866518353726362,0.0019509548611111112,1.0,0.013592664930555555,masks/IRIS+7dfa2da3+2023-05-11-15h-17m-03s/ext2_f00020.png
IRIS+7dfa2da3+2023-05-11-15h-17m-03s,ext1,b100,52,254,254,23404442,ok,1.0,auto,0.7886435331230284,0.003439670138888889,False,True,0.006578947368421018,0.0016493055555555556,0.7886435331230284,0.003439670138888889,masks/IRIS+7dfa2da3+2023-05-11-15h-17m-03s/ext1_f00052.png
IRIS+7dfa2da3+2023-05-11-15h-49m-17s,ext1,b100,19,389,389,23404442,ok,1.0,auto,1.0,0.0015625,False,True,0.0,0.0028927951388888888,1.0,0.0015625,masks/IRIS+7dfa2da3+2023-05-11-15h-49m-17s/ext1_f00019.png
IRIS+7dfa2da3+2023-05-11-15h-51m-30s,ext1,b050,0,137,137,23404442,ok,0.5185185185185185,auto,1.0,0.006213107638888889,False,True,0.0,0.0030110677083333335,1.0,0.006213107638888889,masks/IRIS+7dfa2da3+2023-05-11-15h-51m-30s/ext1_f00000.png
IRIS+7dfa2da3+2023-05-11-15h-51m-30s,ext1,b100,22,137,137,23404442,ok,1.0,auto,1.0,0.0008170572916666667,False,True,0.0001313025210084584,0.008263888888888888,1.0,0.0008170572916666667,masks/IRIS+7dfa2da3+2023-05-11-15h-51m-30s/ext1_f00022.png
IRIS+7dfa2da3+2023-05-11-15h-54m-04s,ext1,b050,21,137,137,23404442,ok,0.5370370370370371,auto,1.0,0.0016351996527777777,False,True,0.0,0.0012358940972222222,1.0,0.0016351996527777777,masks/IRIS+7dfa2da3+2023-05-11-15h-54m-04s/ext1_f00021.png
IRIS+7dfa2da3+2023-05-11-15h-54m-04s,ext1,b100,26,137,137,23404442,ok,1.0,auto,1.0,0.0010872395833333333,False,True,0.0,0.00031684027777777776,1.0,0.0010872395833333333,masks/IRIS+7dfa2da3+2023-05-11-15h-54m-04s/ext1_f00026.png
IRIS+7dfa2da3+2023-05-12-10h-43m-19s,ext1,b050,57,170,170,23404442,ok,0.5,auto,0.9763801459528717,0.01947808159722222,False,True,0.9758833131483334,0.020606553819444446,0.9763801459528717,0.01947808159722222,masks/IRIS+7dfa2da3+2023-05-12-10h-43m-19s/ext1_f00057.png
IRIS+7dfa2da3+2023-05-12-10h-43m-19s,ext1,b100,78,170,170,23404442,ok,1.0,auto,0.40380761523046094,0.012994791666666667,False,True,0.2355224846328049,0.010061848958333333,0.40380761523046094,0.012994791666666667,masks/IRIS+7dfa2da3+2023-05-12-10h-43m-19s/ext1_f00078.png
IRIS+7dfa2da3+2023-05-12-10h-50m-12s,ext1,b050,36,129,129,23404442,ok,0.5,auto,1.0,0.006863064236111111,False,True,1.0,2.170138888888889e-06,1.0,0.006863064236111111,masks/IRIS+7dfa2da3+2023-05-12-10h-50m-12s/ext1_f00036.png
IRIS+7dfa2da3+2023-05-12-10h-50m-12s,ext1,b100,57,129,129,23404442,ok,1.0,auto,1.0,0.0032682291666666667,False,True,0.1029411764705882,0.0018446180555555555,1.0,0.0032682291666666667,masks/IRIS+7dfa2da3+2023-05-12-10h-50m-12s/ext1_f00057.png
IRIS+7dfa2da3+2023-05-12-10h-54m-37s,ext1,b050,68,157,157,23404442,ok,0.5,auto,1.0,0.005852864583333333,False,True,nan,0.0,1.0,0.005852864583333333,masks/IRIS+7dfa2da3+2023-05-12-10h-54m-37s/ext1_f00068.png
IRIS+7dfa2da3+2023-05-12-10h-55m-51s,ext1,b050,107,191,191,23404442,ok,0.5,auto,1.0,0.0017306857638888888,False,True,nan,0.0,1.0,0.0017306857638888888,masks/IRIS+7dfa2da3+2023-05-12-10h-55m-51s/ext1_f00107.png
IRIS+7dfa2da3+2023-05-12-10h-58m-20s,ext1,b050,49,214,214,23404442,ok,0.5,auto,1.0,0.005142144097222222,False,True,1.0,2.4956597222222224e-05,1.0,0.005142144097222222,masks/IRIS+7dfa2da3+2023-05-12-10h-58m-20s/ext1_f00049.png
IRIS+7dfa2da3+2023-05-12-10h-58m-20s,ext1,b100,86,214,214,23404442,ok,1.0,auto,0.9862243463592916,0.003859592013888889,False,True,0.9948619139370585,0.001689453125,0.9862243463592916,0.003859592013888889,masks/IRIS+7dfa2da3+2023-05-12-10h-58m-20s/ext1_f00086.png
IRIS+7dfa2da3+2023-05-12-11h-28m-17s,ext2,b100,170,202,202,29838012,ok,1.0,auto,0.4268209666439755,0.001593967013888889,False,True,0.0,0.003589409722222222,0.4268209666439755,0.001593967013888889,masks/IRIS+7dfa2da3+2023-05-12-11h-28m-17s/ext2_f00170.png
IRIS+7dfa2da3+2023-05-12-11h-29m-25s,ext2,b100,155,177,177,29838012,ok,1.0,auto,1.0,0.003208550347222222,False,True,0.9858517260894171,0.0038346354166666667,1.0,0.003208550347222222,masks/IRIS+7dfa2da3+2023-05-12-11h-29m-25s/ext2_f00155.png
IRIS+7dfa2da3+2023-05-12-11h-29m-48s,ext2,b100,208,225,225,29838012,ok,1.0,auto,0.5229781771501926,0.004226345486111111,False,True,0.0,0.0021419270833333334,0.5229781771501926,0.004226345486111111,masks/IRIS+7dfa2da3+2023-05-12-11h-29m-48s/ext2_f00208.png
IRIS+7dfa2da3+2023-05-12-11h-30m-18s,ext2,b100,120,517,517,29838012,ok,1.0,auto,0.5155724521128819,0.007420789930555556,False,True,0.0,0.0029329427083333334,0.5155724521128819,0.007420789930555556,masks/IRIS+7dfa2da3+2023-05-12-11h-30m-18s/ext2_f00120.png
IRIS+7dfa2da3+2023-05-12-11h-41m-10s,ext1,b050,57,171,171,23404442,ok,0.5185185185185185,auto,0.5170492910195814,0.006427951388888889,False,True,0.11795357650402649,0.002290581597222222,0.5170492910195814,0.006427951388888889,masks/IRIS+7dfa2da3+2023-05-12-11h-41m-10s/ext1_f00057.png
IRIS+7dfa2da3+2023-05-12-11h-41m-10s,ext2,b050,57,171,171,29838012,ok,1.0,auto,1.0,0.002802734375,False,True,0.04793814432989696,0.006315104166666667,1.0,0.002802734375,masks/IRIS+7dfa2da3+2023-05-12-11h-41m-10s/ext2_f00057.png
IRIS+7dfa2da3+2023-05-12-11h-41m-10s,ext1,b100,80,171,171,23404442,ok,1.0,auto,0.4041717049576784,0.003589409722222222,False,True,0.17285861713106299,0.0021028645833333333,0.4041717049576784,0.003589409722222222,masks/IRIS+7dfa2da3+2023-05-12-11h-41m-10s/ext1_f00080.png
IRIS+7dfa2da3+2023-05-12-11h-41m-10s,ext2,b100,80,171,171,29838012,ok,1.0,auto,1.0,0.010212673611111112,False,True,0.999351771823682,0.010043402777777778,1.0,0.010212673611111112,masks/IRIS+7dfa2da3+2023-05-12-11h-41m-10s/ext2_f00080.png
IRIS+7dfa2da3+2023-05-12-11h-54m-03s,ext1,b050,0,166,166,23404442,ok,0.5185185185185185,auto,0.25169727721003354,0.04555013020833333,False,True,0.0,0.02939453125,0.25169727721003354,0.04555013020833333,masks/IRIS+7dfa2da3+2023-05-12-11h-54m-03s/ext1_f00000.png
IRIS+7dfa2da3+2023-05-12-11h-54m-03s,ext2,b050,0,166,166,29838012,ok,1.0,auto,1.0,0.007195095486111111,False,True,9.605225242537152e-05,0.011296657986111111,1.0,0.007195095486111111,masks/IRIS+7dfa2da3+2023-05-12-11h-54m-03s/ext2_f00000.png
IRIS+7dfa2da3+2023-05-12-11h-54m-03s,ext1,b100,116,166,166,23404442,ok,1.0,auto,0.4846719803801349,0.0035394965277777777,False,True,0.4515470928255695,0.0031911892361111112,0.4846719803801349,0.0035394965277777777,masks/IRIS+7dfa2da3+2023-05-12-11h-54m-03s/ext1_f00116.png
IRIS+7dfa2da3+2023-05-12-11h-54m-03s,ext2,b100,116,166,166,29838012,ok,1.0,auto,1.0,0.009995659722222222,False,True,1.0,0.010033637152777778,1.0,0.009995659722222222,masks/IRIS+7dfa2da3+2023-05-12-11h-54m-03s/ext2_f00116.png
IRIS+7dfa2da3+2023-05-15-15h-32m-30s,ext2,b050,0,196,196,29838012,ok,0.5925925925925926,auto,0.5177525164004206,0.021667751736111112,False,True,0.008422301304863544,0.009147135416666667,0.5177525164004206,0.021667751736111112,masks/IRIS+7dfa2da3+2023-05-15-15h-32m-30s/ext2_f00000.png
IRIS+7dfa2da3+2023-05-15-15h-32m-30s,ext1,b100,24,196,196,23404442,ok,1.0,auto,0.9739771778458113,0.007797309027777778,False,True,0.12022132796780682,0.0021571180555555554,0.9739771778458113,0.007797309027777778,masks/IRIS+7dfa2da3+2023-05-15-15h-32m-30s/ext1_f00024.png
IRIS+7dfa2da3+2023-05-15-16h-20m-25s,ext2,b050,0,137,137,29838012,ok,1.0,auto,0.4368608799048751,0.041064453125,False,True,0.0,0.014428168402777778,0.4368608799048751,0.041064453125,masks/IRIS+7dfa2da3+2023-05-15-16h-20m-25s/ext2_f00000.png
IRIS+7dfa2da3+2023-05-18-13h-57m-15s,ext1,b050,0,161,161,23404442,ok,1.0,auto,0.6632583503749148,0.00318359375,False,True,0.0,0.007609592013888889,0.6632583503749148,0.00318359375,masks/IRIS+7dfa2da3+2023-05-18-13h-57m-15s/ext1_f00000.png
IRIS+7dfa2da3+2023-05-18-13h-57m-15s,ext2,b050,0,161,161,29838012,ok,1.0,auto,1.0,0.03202799479166667,False,True,0.8165680473372781,0.001650390625,1.0,0.03202799479166667,masks/IRIS+7dfa2da3+2023-05-18-13h-57m-15s/ext2_f00000.png
IRIS+7dfa2da3+2023-05-18-14h-04m-35s,ext2,b050,0,173,173,29838012,ok,1.0,auto,1.0,0.042958984375,False,True,1.0,0.0144921875,1.0,0.042958984375,masks/IRIS+7dfa2da3+2023-05-18-14h-04m-35s/ext2_f00000.png
IRIS+7dfa2da3+2023-05-18-14h-16m-19s,ext1,b050,0,141,141,23404442,ok,1.0,auto,1.0,0.0015256076388888888,False,True,0.9804594272076372,0.0072743055555555556,1.0,0.0015256076388888888,masks/IRIS+7dfa2da3+2023-05-18-14h-16m-19s/ext1_f00000.png
IRIS+7dfa2da3+2023-05-18-14h-49m-06s,ext2,b050,0,163,163,29838012,ok,1.0,auto,0.4401575377434177,0.014877387152777777,False,True,0.40061306295684984,0.013805338541666667,0.4401575377434177,0.014877387152777777,masks/IRIS+7dfa2da3+2023-05-18-14h-49m-06s/ext2_f00000.png
IRIS+7dfa2da3+2023-05-18-15h-12m-08s,ext1,b050,0,102,102,23404442,ok,1.0,auto,1.0,0.0019118923611111112,False,True,1.0,0.0029307725694444446,1.0,0.0019118923611111112,masks/IRIS+7dfa2da3+2023-05-18-15h-12m-08s/ext1_f00000.png
IRIS+7dfa2da3+2023-05-18-15h-12m-08s,ext2,b050,0,102,102,29838012,ok,1.0,auto,1.0,0.013511284722222221,False,True,1.0,0.01072482638888889,1.0,0.013511284722222221,masks/IRIS+7dfa2da3+2023-05-18-15h-12m-08s/ext2_f00000.png
IRIS+7dfa2da3+2023-05-18-15h-18m-42s,ext1,b050,0,215,215,23404442,ok,1.0,auto,1.0,0.004677734375,False,True,1.0,0.005154079861111111,1.0,0.004677734375,masks/IRIS+7dfa2da3+2023-05-18-15h-18m-42s/ext1_f00000.png
IRIS+7dfa2da3+2023-05-18-15h-18m-42s,ext2,b050,0,215,215,29838012,ok,1.0,auto,0.7276814852418594,0.014962022569444445,False,True,0.3240343347639485,0.0005056423611111111,0.7276814852418594,0.014962022569444445,masks/IRIS+7dfa2da3+2023-05-18-15h-18m-42s/ext2_f00000.png
IRIS+7dfa2da3+2023-05-19-10h-25m-10s,ext1,b050,0,277,277,23404442,ok,1.0,auto,0.27415020824936187,0.01615234375,False,True,0.0,0.01301974826388889,0.27415020824936187,0.01615234375,masks/IRIS+7dfa2da3+2023-05-19-10h-25m-10s/ext1_f00000.png
IRIS+7dfa2da3+2023-05-22-15h-05m-42s,ext1,b050,0,404,404,23404442,ok,1.0,auto,0.9843522079299828,0.008182508680555556,False,True,0.023706896551724088,0.0010069444444444444,0.9843522079299828,0.008182508680555556,masks/IRIS+7dfa2da3+2023-05-22-15h-05m-42s/ext1_f00000.png
IRIS+7dfa2da3+2023-05-22-15h-07m-51s,ext1,b050,0,213,213,23404442,ok,1.0,auto,0.9998011928429423,0.01091579861111111,False,True,0.9288240969021331,0.010122612847222223,0.9998011928429423,0.01091579861111111,masks/IRIS+7dfa2da3+2023-05-22-15h-07m-51s/ext1_f00000.png
IRIS+7dfa2da3+2023-05-22-15h-07m-51s,ext2,b050,0,213,213,29838012,ok,1.0,auto,0.27835051546391754,0.016419270833333333,False,True,0.04255105120209235,0.010786675347222222,0.27835051546391754,0.016419270833333333,masks/IRIS+7dfa2da3+2023-05-22-15h-07m-51s/ext2_f00000.png
IRIS+7dfa2da3+2023-05-23-10h-58m-26s,ext1,b050,19,297,297,23404442,ok,1.0,auto,0.7399370548285572,0.006550564236111111,False,True,0.6388186986734049,0.0068706597222222224,0.7399370548285572,0.006550564236111111,masks/IRIS+7dfa2da3+2023-05-23-10h-58m-26s/ext1_f00019.png
IRIS+7dfa2da3+2023-05-23-10h-58m-26s,ext1,b100,45,297,297,23404442,ok,1.0,auto,0.2754619681993984,0.0025249565972222223,False,True,0.03671631451333568,0.003132595486111111,0.2754619681993984,0.0025249565972222223,masks/IRIS+7dfa2da3+2023-05-23-10h-58m-26s/ext1_f00045.png
IRIS+7dfa2da3+2023-05-24-09h-27m-45s,ext2,b050,0,221,221,29838012,ok,1.0,auto,0.27128610134317177,0.018822699652777778,False,True,0.07084552595102422,0.014090711805555555,0.27128610134317177,0.018822699652777778,masks/IRIS+7dfa2da3+2023-05-24-09h-27m-45s/ext2_f00000.png
IRIS+7dfa2da3+2023-05-24-09h-34m-02s,ext2,b050,0,158,158,29838012,ok,1.0,auto,0.9378672334041755,0.008679470486111111,False,True,0.013949013949013933,0.002255859375,0.9378672334041755,0.008679470486111111,masks/IRIS+7dfa2da3+2023-05-24-09h-34m-02s/ext2_f00000.png
IRIS+7dfa2da3+2023-05-24-09h-34m-50s,ext2,b050,0,263,263,29838012,ok,1.0,auto,0.6278223783241345,0.008650173611111112,False,True,0.505757762697923,0.010553385416666667,0.6278223783241345,0.008650173611111112,masks/IRIS+7dfa2da3+2023-05-24-09h-34m-50s/ext2_f00000.png
IRIS+7dfa2da3+2023-05-24-09h-34m-50s,ext1,b100,46,263,263,23404442,ok,1.0,auto,0.849720910261915,0.005054253472222222,False,True,0.027481542247744017,0.0026453993055555554,0.849720910261915,0.005054253472222222,masks/IRIS+7dfa2da3+2023-05-24-09h-34m-50s/ext1_f00046.png
IRIS+7dfa2da3+2023-05-24-09h-34m-50s,ext2,b100,46,263,263,29838012,ok,1.0,auto,0.26560764810970017,0.022472873263888887,False,True,0.004791929382093274,0.012906901041666667,0.26560764810970017,0.022472873263888887,masks/IRIS+7dfa2da3+2023-05-24-09h-34m-50s/ext2_f00046.png
IRIS+7dfa2da3+2023-05-24-09h-49m-28s,ext1,b050,0,234,234,23404442,ok,1.0,auto,0.25397953382603755,0.007634548611111111,False,True,0.18535505298117982,0.006860894097222223,0.25397953382603755,0.007634548611111111,masks/IRIS+7dfa2da3+2023-05-24-09h-49m-28s/ext1_f00000.png
IRIS+7dfa2da3+2023-05-24-09h-49m-28s,ext2,b050,0,234,234,29838012,ok,1.0,auto,0.8201310892263101,0.032943793402777775,False,True,0.2796204077797614,0.011548394097222222,0.8201310892263101,0.032943793402777775,masks/IRIS+7dfa2da3+2023-05-24-09h-49m-28s/ext2_f00000.png
IRIS+7dfa2da3+2023-05-25-13h-49m-00s,ext2,b050,199,315,315,29838012,ok,0.5,auto,1.0,0.011639539930555555,False,True,0.03675048355899424,0.0005609809027777778,1.0,0.011639539930555555,masks/IRIS+7dfa2da3+2023-05-25-13h-49m-00s/ext2_f00199.png
IRIS+7dfa2da3+2023-05-25-13h-49m-00s,ext2,b100,210,315,315,29838012,ok,1.0,auto,0.344815668202765,0.009418402777777777,False,True,0.16860893937158872,0.007355685763888889,0.344815668202765,0.009418402777777777,masks/IRIS+7dfa2da3+2023-05-25-13h-49m-00s/ext2_f00210.png
IRIS+7dfa2da3+2023-05-25-15h-03m-33s,ext2,b050,0,149,149,29838012,ok,1.0,auto,1.0,0.007445746527777778,False,True,0.038385826771653586,0.0011024305555555555,1.0,0.007445746527777778,masks/IRIS+7dfa2da3+2023-05-25-15h-03m-33s/ext2_f00000.png
IRIS+7dfa2da3+2023-05-25-15h-31m-42s,ext1,b050,0,591,591,23404442,ok,1.0,auto,0.7797730390322983,0.008701171875,False,True,0.7703040673950243,0.008243272569444444,0.7797730390322983,0.008701171875,masks/IRIS+7dfa2da3+2023-05-25-15h-31m-42s/ext1_f00000.png
IRIS+7dfa2da3+2023-05-25-15h-31m-42s,ext2,b050,0,591,591,29838012,ok,1.0,auto,1.0,0.009302300347222223,False,True,0.002613240418118501,0.0012456597222222222,1.0,0.009302300347222223,masks/IRIS+7dfa2da3+2023-05-25-15h-31m-42s/ext2_f00000.png
IRIS+7dfa2da3+2023-06-01-13h-35m-56s,ext1,b050,0,137,137,23404442,ok,1.0,auto,1.0,0.007309027777777778,False,True,0.19632606199770375,0.0009450954861111111,1.0,0.007309027777777778,masks/IRIS+7dfa2da3+2023-06-01-13h-35m-56s/ext1_f00000.png
IRIS+7dfa2da3+2023-06-01-13h-35m-56s,ext2,b050,0,137,137,29838012,ok,0.9444444444444444,auto,0.4594153636981645,0.00798068576388889,False,True,0.4344250673472281,0.007652994791666667,0.4594153636981645,0.00798068576388889,masks/IRIS+7dfa2da3+2023-06-01-13h-35m-56s/ext2_f00000.png
IRIS+7dfa2da3+2023-06-01-13h-35m-56s,ext1,b100,35,137,137,23404442,ok,1.0,auto,0.5538509060955519,0.010538194444444444,False,True,0.5187080632321164,0.009541015625,0.5538509060955519,0.010538194444444444,masks/IRIS+7dfa2da3+2023-06-01-13h-35m-56s/ext1_f00035.png
IRIS+7dfa2da3+2023-06-01-14h-17m-25s,ext1,b050,0,182,182,23404442,ok,1.0,auto,0.29896494538800256,0.018974609375,False,True,0.12589073634204273,0.014161241319444445,0.29896494538800256,0.018974609375,masks/IRIS+7dfa2da3+2023-06-01-14h-17m-25s/ext1_f00000.png
IRIS+7dfa2da3+2023-06-01-14h-17m-25s,ext2,b050,0,182,182,29838012,ok,0.6481481481481481,auto,1.0,0.0005067274305555555,False,True,1.0,0.0005327690972222222,1.0,0.0005067274305555555,masks/IRIS+7dfa2da3+2023-06-01-14h-17m-25s/ext2_f00000.png
IRIS+7dfa2da3+2023-06-01-14h-17m-25s,ext1,b100,32,182,182,23404442,ok,1.0,auto,0.7014484601321895,0.007715928819444444,False,True,0.48935140367860597,0.0022417534722222222,0.7014484601321895,0.007715928819444444,masks/IRIS+7dfa2da3+2023-06-01-14h-17m-25s/ext1_f00032.png
IRIS+7dfa2da3+2023-06-01-14h-17m-25s,ext2,b100,32,182,182,29838012,ok,1.0,auto,1.0,0.0007845052083333333,False,True,0.22970479704797053,0.0011762152777777778,1.0,0.0007845052083333333,masks/IRIS+7dfa2da3+2023-06-01-14h-17m-25s/ext2_f00032.png
IRIS+7dfa2da3+2023-06-01-14h-51m-09s,ext1,b050,45,148,148,23404442,ok,1.0,auto,0.8594671547691681,0.005335286458333333,False,True,0.8400718778077269,0.004830729166666666,0.8594671547691681,0.005335286458333333,masks/IRIS+7dfa2da3+2023-06-01-14h-51m-09s/ext1_f00045.png
IRIS+7dfa2da3+2023-06-01-14h-51m-09s,ext2,b050,45,148,148,29838012,ok,0.5370370370370371,auto,1.0,0.007845052083333333,False,True,1.0,0.0005837673611111111,1.0,0.007845052083333333,masks/IRIS+7dfa2da3+2023-06-01-14h-51m-09s/ext2_f00045.png
IRIS+7dfa2da3+2023-06-01-14h-51m-09s,ext1,b100,69,148,148,23404442,ok,1.0,auto,0.8361445783132531,0.0027018229166666666,False,True,0.05753409218978922,0.01925564236111111,0.8361445783132531,0.0027018229166666666,masks/IRIS+7dfa2da3+2023-06-01-14h-51m-09s/ext1_f00069.png
IRIS+7dfa2da3+2023-06-01-14h-51m-09s,ext2,b100,69,148,148,29838012,ok,1.0,auto,1.0,0.005560980902777778,False,True,0.3028938906752412,0.0016872829861111112,1.0,0.005560980902777778,masks/IRIS+7dfa2da3+2023-06-01-14h-51m-09s/ext2_f00069.png
IRIS+7dfa2da3+2023-06-01-15h-12m-24s,ext2,b050,77,113,113,29838012,ok,0.5370370370370371,auto,0.9977349943374858,0.0047905815972222225,False,True,0.9990167158308751,0.00220703125,0.9977349943374858,0.0047905815972222225,masks/IRIS+7dfa2da3+2023-06-01-15h-12m-24s/ext2_f00077.png
IRIS+7dfa2da3+2023-06-01-15h-13m-28s,ext2,b050,27,190,190,29838012,ok,0.5,auto,0.6791383219954649,0.00861328125,False,True,0.6186195826645264,0.006759982638888889,0.6791383219954649,0.00861328125,masks/IRIS+7dfa2da3+2023-06-01-15h-13m-28s/ext2_f00027.png
IRIS+7dfa2da3+2023-06-01-15h-13m-28s,ext2,b100,37,190,190,29838012,ok,1.0,auto,0.6643270533185568,0.008811848958333333,False,True,0.6498677248677249,0.008203125,0.6643270533185568,0.008811848958333333,masks/IRIS+7dfa2da3+2023-06-01-15h-13m-28s/ext2_f00037.png
IRIS+7dfa2da3+2023-06-01-15h-22m-47s,ext2,b050,35,138,138,29838012,ok,0.5,auto,0.5011491904591654,0.02124457465277778,False,True,0.004536690484291728,0.009567057291666667,0.5011491904591654,0.02124457465277778,masks/IRIS+7dfa2da3+2023-06-01-15h-22m-47s/ext2_f00035.png
IRIS+7dfa2da3+2023-06-01-15h-22m-47s,ext2,b100,61,138,138,29838012,ok,1.0,auto,0.45430441159878143,0.01923394097222222,False,True,0.38121330724070446,0.016634114583333335,0.45430441159878143,0.01923394097222222,masks/IRIS+7dfa2da3+2023-06-01-15h-22m-47s/ext2_f00061.png
IRIS+7dfa2da3+2023-06-02-10h-53m-00s,ext2,b050,41,194,194,29838012,ok,0.5,auto,1.0,0.00021375868055555555,True,True,0.08999999999999997,0.0003255208333333333,1.0,0.00021375868055555555,masks/IRIS+7dfa2da3+2023-06-02-10h-53m-00s/ext2_f00041.png
IRIS+7dfa2da3+2023-06-02-10h-53m-00s,ext2,b100,74,194,194,29838012,ok,1.0,auto,0.661577891687096,0.009737413194444445,False,True,0.001912655403251473,0.003403862847222222,0.661577891687096,0.009737413194444445,masks/IRIS+7dfa2da3+2023-06-02-10h-53m-00s/ext2_f00074.png
IRIS+7dfa2da3+2023-06-02-10h-56m-44s,ext2,b050,0,297,297,29838012,ok,0.5,box(auto empty),0.32647058823529407,0.0003689236111111111,True,True,0.038073394495412805,0.0023654513888888887,0.038073394495412805,0.0023654513888888887,masks/IRIS+7dfa2da3+2023-06-02-10h-56m-44s/ext2_f00000.png
IRIS+7dfa2da3+2023-06-02-11h-01m-46s,ext2,b050,0,462,462,29838012,ok,1.0,auto,0.9844752639205133,0.005241970486111111,False,True,0.010939112487100111,0.005257161458333334,0.9844752639205133,0.005241970486111111,masks/IRIS+7dfa2da3+2023-06-02-11h-01m-46s/ext2_f00000.png
IRIS+7dfa2da3+2023-06-02-11h-21m-20s,ext2,b050,0,211,211,29838012,ok,0.5185185185185185,auto,0.6054216867469879,0.010447048611111112,False,True,0.05645684620376379,0.001672092013888889,0.6054216867469879,0.010447048611111112,masks/IRIS+7dfa2da3+2023-06-02-11h-21m-20s/ext2_f00000.png
IRIS+7dfa2da3+2023-06-02-11h-21m-20s,ext1,b100,38,211,211,23404442,ok,1.0,auto,0.5397805212620028,0.00474609375,False,True,0.28346361996392067,0.009022352430555556,0.5397805212620028,0.00474609375,masks/IRIS+7dfa2da3+2023-06-02-11h-21m-20s/ext1_f00038.png
IRIS+7dfa2da3+2023-06-02-11h-21m-20s,ext2,b100,38,211,211,29838012,ok,1.0,auto,0.7110546378653113,0.012809244791666667,False,True,0.7100247087892693,0.012296006944444444,0.7110546378653113,0.012809244791666667,masks/IRIS+7dfa2da3+2023-06-02-11h-21m-20s/ext2_f00038.png
IRIS+7dfa2da3+2023-06-06-10h-56m-29s,ext1,b050,0,122,122,23404442,ok,1.0,auto,0.377702416278084,0.005119357638888889,False,True,0.052364204767487266,0.0027766927083333333,0.377702416278084,0.005119357638888889,masks/IRIS+7dfa2da3+2023-06-06-10h-56m-29s/ext1_f00000.png
IRIS+7dfa2da3+2023-06-06-10h-56m-29s,ext2,b050,0,122,122,29838012,ok,1.0,auto,1.0,0.014340277777777778,False,True,0.687192118226601,0.00044053819444444446,1.0,0.014340277777777778,masks/IRIS+7dfa2da3+2023-06-06-10h-56m-29s/ext2_f00000.png
IRIS+7dfa2da3+2023-06-06-11h-08m-58s,ext1,b050,0,182,182,23404442,ok,1.0,auto,0.3009318085556968,0.005123697916666667,False,True,0.2555762081784386,0.005837673611111111,0.3009318085556968,0.005123697916666667,masks/IRIS+7dfa2da3+2023-06-06-11h-08m-58s/ext1_f00000.png
IRIS+7dfa2da3+2023-06-06-11h-08m-58s,ext2,b050,0,182,182,29838012,ok,1.0,auto,0.4980492995211917,0.012237413194444444,False,True,0.4504930966469428,0.011002604166666667,0.4980492995211917,0.012237413194444444,masks/IRIS+7dfa2da3+2023-06-06-11h-08m-58s/ext2_f00000.png
IRIS+7dfa2da3+2023-06-06-11h-15m-44s,ext1,b050,14,233,233,23404442,ok,1.0,auto,0.6783866165733323,0.015307074652777778,False,True,0.6607688481489377,0.015270182291666667,0.6783866165733323,0.015307074652777778,masks/IRIS+7dfa2da3+2023-06-06-11h-15m-44s/ext1_f00014.png
IRIS+7dfa2da3+2023-06-06-11h-15m-44s,ext1,b100,22,233,233,23404442,ok,1.0,auto,0.3017819336626676,0.012300347222222223,False,True,0.13510785921533996,0.008601345486111111,0.3017819336626676,0.012300347222222223,masks/IRIS+7dfa2da3+2023-06-06-11h-15m-44s/ext1_f00022.png
IRIS+7dfa2da3+2023-06-06-11h-22m-09s,ext1,b050,0,171,171,23404442,ok,1.0,auto,0.8381766381766382,0.005712890625,False,True,0.8328723824575267,0.005492621527777778,0.8381766381766382,0.005712890625,masks/IRIS+7dfa2da3+2023-06-06-11h-22m-09s/ext1_f00000.png
IRIS+7dfa2da3+2023-06-06-11h-22m-09s,ext2,b050,0,171,171,29838012,ok,1.0,auto,0.5349646769734822,0.010597873263888889,False,True,0.5262613730355665,0.010494791666666666,0.5349646769734822,0.010597873263888889,masks/IRIS+7dfa2da3+2023-06-06-11h-22m-09s/ext2_f00000.png
IRIS+7dfa2da3+2023-06-06-11h-53m-15s,ext1,b100,56,242,242,23404442,ok,1.0,box(auto empty),0.012121212121212088,0.00035807291666666664,True,False,0.0,0.003429904513888889,0.0,0.003429904513888889,masks/IRIS+7dfa2da3+2023-06-06-11h-53m-15s/ext1_f00056.png
IRIS+7dfa2da3+2023-06-07-10h-10m-39s,ext2,b050,0,127,127,29838012,ok,0.5,auto,0.2632504395880432,0.008639322916666666,False,True,0.08929213079410703,0.006039496527777778,0.2632504395880432,0.008639322916666666,masks/IRIS+7dfa2da3+2023-06-07-10h-10m-39s/ext2_f00000.png
IRIS+7dfa2da3+2023-06-08-15h-11m-33s,ext1,b050,0,190,190,23404442,ok,1.0,auto,0.9671376554377448,0.047381727430555555,False,True,0.0,0.0017317708333333334,0.9671376554377448,0.047381727430555555,masks/IRIS+7dfa2da3+2023-06-08-15h-11m-33s/ext1_f00000.png
IRIS+7dfa2da3+2023-06-08-15h-11m-33s,ext2,b050,0,190,190,29838012,ok,0.7407407407407407,auto,1.0,0.010838758680555555,False,True,0.002498750624687629,0.002171223958333333,1.0,0.010838758680555555,masks/IRIS+7dfa2da3+2023-06-08-15h-11m-33s/ext2_f00000.png
IRIS+7dfa2da3+2023-06-08-15h-11m-33s,ext1,b100,18,190,190,23404442,ok,1.0,auto,0.20017188283320209,0.015150824652777778,False,True,0.15638494756323262,0.014071180555555556,0.20017188283320209,0.015150824652777778,masks/IRIS+7dfa2da3+2023-06-08-15h-11m-33s/ext1_f00018.png
IRIS+7dfa2da3+2023-06-08-15h-11m-33s,ext2,b100,18,190,190,29838012,ok,1.0,auto,0.24851414533639749,0.013692491319444444,False,True,0.0,0.006080729166666667,0.24851414533639749,0.013692491319444444,masks/IRIS+7dfa2da3+2023-06-08-15h-11m-33s/ext2_f00018.png
IRIS+7dfa2da3+2023-06-12-14h-49m-21s,ext1,b100,19,648,648,23404442,ok,1.0,auto,0.606435137895812,0.010622829861111112,False,True,0.5192912260645899,0.007593315972222223,0.606435137895812,0.010622829861111112,masks/IRIS+7dfa2da3+2023-06-12-14h-49m-21s/ext1_f00019.png
IRIS+7dfa2da3+2023-06-12-14h-54m-18s,ext1,b050,0,156,156,23404442,ok,1.0,auto,0.30458985400693206,0.010330946180555555,False,True,0.0,0.005393880208333333,0.30458985400693206,0.010330946180555555,masks/IRIS+7dfa2da3+2023-06-12-14h-54m-18s/ext1_f00000.png
IRIS+7dfa2da3+2023-06-12-15h-16m-07s,ext2,b050,26,110,110,29838012,ok,0.5,auto,1.0,0.0006022135416666667,False,True,0.0014560279557367384,0.0037261284722222223,1.0,0.0006022135416666667,masks/IRIS+7dfa2da3+2023-06-12-15h-16m-07s/ext2_f00026.png
IRIS+7dfa2da3+2023-06-12-15h-18m-17s,ext1,b050,0,119,119,23404442,ok,0.8703703703703703,auto,0.7500461056125899,0.01765082465277778,False,True,0.7399714396988186,0.016716579861111112,0.7500461056125899,0.01765082465277778,masks/IRIS+7dfa2da3+2023-06-12-15h-18m-17s/ext1_f00000.png
IRIS+7dfa2da3+2023-06-12-15h-18m-17s,ext2,b050,0,119,119,29838012,ok,0.5,auto,1.0,0.0007085503472222222,False,True,0.14018691588785048,0.004411892361111111,1.0,0.0007085503472222222,masks/IRIS+7dfa2da3+2023-06-12-15h-18m-17s/ext2_f00000.png
IRIS+7dfa2da3+2023-06-13-10h-58m-01s,ext1,b050,0,227,227,23404442,ok,1.0,auto,0.2759846017175007,0.010992838541666666,False,True,0.0,0.003511284722222222,0.2759846017175007,0.010992838541666666,masks/IRIS+7dfa2da3+2023-06-13-10h-58m-01s/ext1_f00000.png
IRIS+7dfa2da3+2023-06-13-10h-58m-01s,ext2,b050,0,227,227,29838012,ok,0.5,auto,1.0,0.0025813802083333335,False,True,0.0,0.0038682725694444446,1.0,0.0025813802083333335,masks/IRIS+7dfa2da3+2023-06-13-10h-58m-01s/ext2_f00000.png
IRIS+7dfa2da3+2023-06-13-11h-01m-04s,ext1,b050,0,154,154,23404442,ok,1.0,auto,0.4306007541711865,0.021005859375,False,True,0.016643059490084933,0.009192708333333334,0.4306007541711865,0.021005859375,masks/IRIS+7dfa2da3+2023-06-13-11h-01m-04s/ext1_f00000.png
IRIS+7dfa2da3+2023-06-13-11h-01m-04s,ext1,b100,17,154,154,23404442,ok,1.0,auto,0.31326578699340246,0.009210069444444444,False,True,0.2967499393645404,0.00894748263888889,0.31326578699340246,0.009210069444444444,masks/IRIS+7dfa2da3+2023-06-13-11h-01m-04s/ext1_f00017.png
IRIS+7dfa2da3+2023-11-01-11h-39m-08s,ext1,b050,0,169,169,23404442,ok,1.0,auto,1.0,0.012976345486111112,False,True,1.0,0.013473307291666667,1.0,0.012976345486111112,masks/IRIS+7dfa2da3+2023-11-01-11h-39m-08s/ext1_f00000.png
IRIS+7dfa2da3+2023-11-01-11h-39m-08s,ext2,b050,0,169,169,29838012,ok,1.0,auto,0.9233529353134655,0.010886501736111111,False,True,0.9080812354558917,0.010258246527777778,0.9233529353134655,0.010886501736111111,masks/IRIS+7dfa2da3+2023-11-01-11h-39m-08s/ext2_f00000.png
IRIS+7dfa2da3+2023-11-01-11h-41m-32s,ext1,b050,0,207,207,23404442,ok,1.0,auto,1.0,0.05817057291666667,False,True,1.0,1.0850694444444445e-05,1.0,0.05817057291666667,masks/IRIS+7dfa2da3+2023-11-01-11h-41m-32s/ext1_f00000.png
IRIS+7dfa2da3+2023-11-01-11h-41m-32s,ext2,b050,0,207,207,29838012,ok,1.0,auto,0.822509128847157,0.0083203125,False,True,0.8,0.007074652777777778,0.822509128847157,0.0083203125,masks/IRIS+7dfa2da3+2023-11-01-11h-41m-32s/ext2_f00000.png
IRIS+7dfa2da3+2023-11-01-11h-44m-08s,ext1,b050,0,139,139,23404442,ok,1.0,auto,1.0,0.013834635416666666,False,True,1.0,0.01308810763888889,1.0,0.013834635416666666,masks/IRIS+7dfa2da3+2023-11-01-11h-44m-08s/ext1_f00000.png
IRIS+7dfa2da3+2023-11-01-11h-44m-08s,ext2,b050,0,139,139,29838012,ok,1.0,auto,0.9716191472665446,0.008296440972222222,False,True,0.9311377245508982,0.008335503472222222,0.9716191472665446,0.008296440972222222,masks/IRIS+7dfa2da3+2023-11-01-11h-44m-08s/ext2_f00000.png
IRIS+7dfa2da3+2023-11-01-11h-44m-40s,ext1,b050,0,246,246,23404442,ok,1.0,auto,1.0,0.013995225694444445,False,True,1.0,0.013560112847222222,1.0,0.013995225694444445,masks/IRIS+7dfa2da3+2023-11-01-11h-44m-40s/ext1_f00000.png
IRIS+7dfa2da3+2023-11-01-11h-44m-40s,ext2,b050,0,246,246,29838012,ok,1.0,auto,1.0,0.01742404513888889,False,True,0.9984788120246287,0.014979383680555555,1.0,0.01742404513888889,masks/IRIS+7dfa2da3+2023-11-01-11h-44m-40s/ext2_f00000.png
IRIS+7dfa2da3+2023-11-02-15h-53m-59s,ext2,b050,30,158,158,29838012,ok,0.5,auto,1.0,0.009919704861111111,False,True,0.9964609599646096,0.009811197916666667,1.0,0.009919704861111111,masks/IRIS+7dfa2da3+2023-11-02-15h-53m-59s/ext2_f00030.png
IRIS+7dfa2da3+2023-11-02-15h-53m-59s,ext2,b100,46,158,158,29838012,ok,1.0,auto,0.5525879230258792,0.006540798611111111,False,True,0.5490729715938085,0.006379123263888889,0.5525879230258792,0.006540798611111111,masks/IRIS+7dfa2da3+2023-11-02-15h-53m-59s/ext2_f00046.png
IRIS+7dfa2da3+2023-11-02-15h-58m-17s,ext2,b050,23,263,263,29838012,ok,0.5,auto,0.6505902677800173,0.007536892361111111,False,True,0.6551550712489522,0.0064724392361111115,0.6505902677800173,0.007536892361111111,masks/IRIS+7dfa2da3+2023-11-02-15h-58m-17s/ext2_f00023.png
IRIS+7dfa2da3+2023-11-02-15h-58m-17s,ext2,b100,40,263,263,29838012,ok,1.0,auto,0.3493975903614458,0.005583767361111111,False,True,0.22313056023082467,0.004512803819444445,0.3493975903614458,0.005583767361111111,masks/IRIS+7dfa2da3+2023-11-02-15h-58m-17s/ext2_f00040.png
IRIS+7dfa2da3+2023-11-02-15h-59m-36s,ext2,b050,27,166,166,29838012,ok,0.5,auto,0.9670953101361573,0.008606770833333333,False,True,0.9654214692403833,0.007813585069444445,0.9670953101361573,0.008606770833333333,masks/IRIS+7dfa2da3+2023-11-02-15h-59m-36s/ext2_f00027.png
IRIS+7dfa2da3+2023-11-02-15h-59m-36s,ext2,b100,45,166,166,29838012,ok,1.0,auto,0.5121124851770287,0.006405164930555556,False,True,0.5097531503538754,0.0062858072916666665,0.5121124851770287,0.006405164930555556,masks/IRIS+7dfa2da3+2023-11-02-15h-59m-36s/ext2_f00045.png
IRIS+7dfa2da3+2023-11-02-16h-03m-05s,ext2,b050,20,145,145,29838012,ok,0.5185185185185185,auto,0.9998936170212765,0.010199652777777778,False,True,0.9998908416111778,0.009940321180555555,0.9998936170212765,0.010199652777777778,masks/IRIS+7dfa2da3+2023-11-02-16h-03m-05s/ext2_f00020.png
IRIS+7dfa2da3+2023-11-02-16h-03m-05s,ext2,b100,25,145,145,29838012,ok,1.0,auto,0.7215614005696096,0.006476779513888889,False,True,0.7204936554840953,0.006242404513888889,0.7215614005696096,0.006476779513888889,masks/IRIS+7dfa2da3+2023-11-02-16h-03m-05s/ext2_f00025.png
IRIS+7dfa2da3+2023-11-14-11h-31m-21s,ext1,b050,24,153,153,23404442,ok,1.0,auto,1.0,0.005556640625,False,True,0.01016166281755193,0.002349175347222222,1.0,0.005556640625,masks/IRIS+7dfa2da3+2023-11-14-11h-31m-21s/ext1_f00024.png
IRIS+7dfa2da3+2023-11-14-11h-31m-21s,ext2,b050,24,153,153,29838012,ok,0.5185185185185185,auto,0.4595827900912647,0.0016644965277777778,False,True,0.0,0.0019911024305555554,0.4595827900912647,0.0016644965277777778,masks/IRIS+7dfa2da3+2023-11-14-11h-31m-21s/ext2_f00024.png
IRIS+7dfa2da3+2023-11-14-11h-31m-21s,ext1,b100,43,153,153,23404442,ok,1.0,auto,1.0,0.0050108506944444445,False,True,0.6829268292682926,0.006851128472222222,1.0,0.0050108506944444445,masks/IRIS+7dfa2da3+2023-11-14-11h-31m-21s/ext1_f00043.png
IRIS+7dfa2da3+2023-11-14-11h-31m-21s,ext2,b100,43,153,153,29838012,ok,1.0,auto,0.5119446772841576,0.015533854166666666,False,True,0.0,0.004223090277777778,0.5119446772841576,0.015533854166666666,masks/IRIS+7dfa2da3+2023-11-14-11h-31m-21s/ext2_f00043.png
IRIS+7dfa2da3+2023-11-16-15h-53m-17s,ext1,b050,25,121,121,23404442,ok,1.0,auto,0.9921755220724293,0.020524088541666666,False,True,0.9222376329172446,0.023470052083333335,0.9921755220724293,0.020524088541666666,masks/IRIS+7dfa2da3+2023-11-16-15h-53m-17s/ext1_f00025.png
IRIS+7dfa2da3+2023-11-16-15h-53m-17s,ext1,b100,45,121,121,23404442,ok,1.0,auto,0.5755406640268048,0.014249131944444444,False,True,0.01296467786744282,0.008202039930555556,0.5755406640268048,0.014249131944444444,masks/IRIS+7dfa2da3+2023-11-16-15h-53m-17s/ext1_f00045.png
IRIS+7dfa2da3+2023-12-04-16h-15m-50s,ext1,b050,0,122,122,23404442,ok,1.0,auto,0.49193161846940403,0.006791449652777778,False,True,0.2789953213494213,0.004406467013888889,0.49193161846940403,0.006791449652777778,masks/IRIS+7dfa2da3+2023-12-04-16h-15m-50s/ext1_f00000.png
IRIS+7dfa2da3+2023-12-04-16h-15m-50s,ext1,b100,17,122,122,23404442,ok,1.0,auto,0.6494964503879809,0.006572265625,False,True,0.5728476821192052,0.0052430555555555555,0.6494964503879809,0.006572265625,masks/IRIS+7dfa2da3+2023-12-04-16h-15m-50s/ext1_f00017.png
IRIS+85a5958f+2023-07-05-01h-25m-57s,ext2,b050,0,224,224,29838012,ok,1.0,auto,0.2966673927248965,0.009963107638888889,False,True,0.28711766019200713,0.009720052083333333,0.2966673927248965,0.009963107638888889,masks/IRIS+85a5958f+2023-07-05-01h-25m-57s/ext2_f00000.png
IRIS+85a5958f+2023-07-05-01h-43m-41s,ext1,b050,0,359,359,23404442,ok,1.0,auto,0.45949298395224436,0.01399631076388889,False,True,0.4525974539416462,0.013722873263888888,0.45949298395224436,0.01399631076388889,masks/IRIS+85a5958f+2023-07-05-01h-43m-41s/ext1_f00000.png
IRIS+85a5958f+2023-07-05-01h-43m-41s,ext2,b050,0,359,359,29838012,ok,1.0,auto,0.8243301178992497,0.010123697916666667,False,True,0.7915924962344242,0.007924262152777778,0.8243301178992497,0.010123697916666667,masks/IRIS+85a5958f+2023-07-05-01h-43m-41s/ext2_f00000.png
IRIS+85a5958f+2023-07-05-15h-50m-42s,ext1,b050,0,310,310,23404442,ok,1.0,auto,0.283812193412754,0.004645182291666667,False,True,0.2930017944116893,0.004232855902777778,0.283812193412754,0.004645182291666667,masks/IRIS+85a5958f+2023-07-05-15h-50m-42s/ext1_f00000.png
IRIS+85a5958f+2023-07-05-15h-50m-42s,ext1,b100,53,310,310,23404442,ok,1.0,auto,0.3727501799856011,0.006028645833333333,False,True,0.36504998148833767,0.005861545138888889,0.3727501799856011,0.006028645833333333,masks/IRIS+85a5958f+2023-07-05-15h-50m-42s/ext1_f00053.png
IRIS+938130c4+2023-07-10-15h-57m-13s,ext1,b050,0,339,339,23404442,ok,1.0,auto,0.7487942122186495,0.018897569444444446,False,True,0.7202601580530107,0.015515407986111111,0.7487942122186495,0.018897569444444446,masks/IRIS+938130c4+2023-07-10-15h-57m-13s/ext1_f00000.png
IRIS+938130c4+2023-07-10-15h-57m-13s,ext2,b050,0,339,339,29838012,ok,1.0,auto,0.5214130016668803,0.016924913194444443,False,True,0.5085166784953867,0.015288628472222222,0.5214130016668803,0.016924913194444443,masks/IRIS+938130c4+2023-07-10-15h-57m-13s/ext2_f00000.png
IRIS+938130c4+2023-07-14-15h-01m-44s,ext1,b050,0,357,357,23404442,ok,1.0,auto,0.24924304982108447,0.007884114583333334,False,True,0.0,0.010250651041666666,0.24924304982108447,0.007884114583333334,masks/IRIS+938130c4+2023-07-14-15h-01m-44s/ext1_f00000.png
IRIS+938130c4+2023-07-14-15h-06m-17s,ext1,b050,0,324,324,23404442,ok,1.0,auto,0.8663397235844851,0.012169053819444444,False,True,0.6232463473140946,0.014927300347222222,0.8663397235844851,0.012169053819444444,masks/IRIS+938130c4+2023-07-14-15h-06m-17s/ext1_f00000.png
IRIS+938130c4+2023-07-14-15h-12m-58s,ext1,b050,0,314,314,23404442,ok,1.0,auto,0.5342913625304136,0.014270833333333333,False,True,0.38801547452465224,0.013182508680555555,0.5342913625304136,0.014270833333333333,masks/IRIS+938130c4+2023-07-14-15h-12m-58s/ext1_f00000.png
IRIS+938130c4+2023-07-14-15h-14m-29s,ext1,b050,0,210,210,23404442,ok,1.0,auto,0.45968008825151685,0.01967230902777778,False,True,0.010114167496743542,0.014161241319444445,0.45968008825151685,0.01967230902777778,masks/IRIS+938130c4+2023-07-14-15h-14m-29s/ext1_f00000.png
IRIS+938130c4+2023-07-14-15h-16m-14s,ext1,b050,0,252,252,23404442,ok,1.0,auto,0.20717497955846276,0.010616319444444444,False,True,0.15781035272560695,0.009474826388888889,0.20717497955846276,0.010616319444444444,masks/IRIS+938130c4+2023-07-14-15h-16m-14s/ext1_f00000.png
IRIS+938130c4+2023-07-14-16h-16m-40s,ext2,b050,0,315,315,29838012,ok,1.0,auto,0.729966765140325,0.023506944444444445,False,True,0.0,0.004437934027777778,0.729966765140325,0.023506944444444445,masks/IRIS+938130c4+2023-07-14-16h-16m-40s/ext2_f00000.png
IRIS+938130c4+2023-07-14-16h-19m-48s,ext2,b050,0,148,148,29838012,ok,1.0,auto,1.0,0.01441189236111111,False,True,0.0022547914317925244,0.0009624565972222222,1.0,0.01441189236111111,masks/IRIS+938130c4+2023-07-14-16h-19m-48s/ext2_f00000.png
IRIS+938130c4+2023-07-14-16h-22m-12s,ext2,b050,0,488,488,29838012,ok,1.0,auto,1.0,0.012178819444444445,False,True,0.12822878228782286,0.0011762152777777778,1.0,0.012178819444444445,masks/IRIS+938130c4+2023-07-14-16h-22m-12s/ext2_f00000.png
IRIS+938130c4+2023-07-14-17h-10m-00s,ext2,b050,0,164,164,29838012,ok,1.0,auto,1.0,0.02185329861111111,False,True,1.0,0.018377821180555556,1.0,0.02185329861111111,masks/IRIS+938130c4+2023-07-14-17h-10m-00s/ext2_f00000.png
IRIS+938130c4+2023-07-14-17h-12m-22s,ext2,b050,0,119,119,29838012,ok,1.0,auto,1.0,0.01995334201388889,False,True,1.0,0.018491753472222223,1.0,0.01995334201388889,masks/IRIS+938130c4+2023-07-14-17h-12m-22s/ext2_f00000.png
IRIS+938130c4+2023-07-14-17h-14m-44s,ext2,b050,0,172,172,29838012,ok,1.0,auto,1.0,0.014893663194444445,False,True,0.0,0.0018891059027777777,1.0,0.014893663194444445,masks/IRIS+938130c4+2023-07-14-17h-14m-44s/ext2_f00000.png
IRIS+938130c4+2023-07-14-17h-14m-44s,ext2,b100,12,172,172,29838012,ok,1.0,auto,1.0,0.01626519097222222,False,True,0.0042887776983560055,0.0015180121527777778,1.0,0.01626519097222222,masks/IRIS+938130c4+2023-07-14-17h-14m-44s/ext2_f00012.png
IRIS+938130c4+2023-07-14-17h-23m-08s,ext2,b050,0,225,225,29838012,ok,1.0,auto,1.0,0.009306640625,False,True,1.0,0.009880642361111112,1.0,0.009306640625,masks/IRIS+938130c4+2023-07-14-17h-23m-08s/ext2_f00000.png
IRIS+938130c4+2023-07-14-17h-24m-37s,ext2,b050,0,191,191,29838012,ok,1.0,auto,1.0,0.010503472222222223,False,True,0.910665049079078,0.009838324652777777,1.0,0.010503472222222223,masks/IRIS+938130c4+2023-07-14-17h-24m-37s/ext2_f00000.png
IRIS+938130c4+2023-07-14-17h-27m-24s,ext2,b050,0,175,175,29838012,ok,1.0,auto,1.0,0.014543185763888888,False,True,0.9769091208972456,0.013157552083333333,1.0,0.014543185763888888,masks/IRIS+938130c4+2023-07-14-17h-27m-24s/ext2_f00000.png
IRIS+938130c4+2023-07-14-17h-27m-24s,ext2,b100,85,175,175,29838012,ok,1.0,auto,1.0,0.0028504774305555558,False,True,1.0,0.0026953125,1.0,0.0028504774305555558,masks/IRIS+938130c4+2023-07-14-17h-27m-24s/ext2_f00085.png
IRIS+938130c4+2023-07-14-17h-30m-52s,ext2,b050,0,204,204,29838012,ok,1.0,auto,1.0,0.016671006944444445,False,True,0.11851851851851847,0.00263671875,1.0,0.016671006944444445,masks/IRIS+938130c4+2023-07-14-17h-30m-52s/ext2_f00000.png
IRIS+938130c4+2023-07-17-11h-39m-39s,ext2,b050,0,198,198,29838012,ok,1.0,auto,0.5872922488601264,0.007377387152777777,False,True,0.5844427823485415,0.007253689236111111,0.5872922488601264,0.007377387152777777,masks/IRIS+938130c4+2023-07-17-11h-39m-39s/ext2_f00000.png
IRIS+938130c4+2023-07-17-11h-52m-58s,ext2,b050,0,145,145,29838012,ok,1.0,auto,0.8626116978066612,0.010685763888888889,False,True,0.8638184245660881,0.010565321180555556,0.8626116978066612,0.010685763888888889,masks/IRIS+938130c4+2023-07-17-11h-52m-58s/ext2_f00000.png
IRIS+938130c4+2023-07-17-11h-52m-58s,ext2,b100,10,145,145,29838012,ok,1.0,auto,0.8442272449602932,0.010657552083333334,False,True,0.8440159983591426,0.010580512152777779,0.8442272449602932,0.010657552083333334,masks/IRIS+938130c4+2023-07-17-11h-52m-58s/ext2_f00010.png
IRIS+938130c4+2023-07-17-11h-53m-15s,ext2,b050,0,144,144,29838012,ok,1.0,auto,0.9874433759834698,0.013653428819444445,False,True,0.8093818181818182,0.014919704861111112,0.9874433759834698,0.013653428819444445,masks/IRIS+938130c4+2023-07-17-11h-53m-15s/ext2_f00000.png
IRIS+ef107c48+2023-03-02-15h-00m-48s,ext1,b050,0,112,112,23404442,ok,1.0,auto,0.4547319474835886,0.007934027777777778,False,True,0.132956152758133,0.003068576388888889,0.4547319474835886,0.007934027777777778,masks/IRIS+ef107c48+2023-03-02-15h-00m-48s/ext1_f00000.png
IRIS+ef107c48+2023-03-02-18h-23m-18s,ext2,b050,0,118,118,29838012,ok,0.6111111111111112,auto,1.0,0.022609592013888888,False,True,0.0,0.007272135416666666,1.0,0.022609592013888888,masks/IRIS+ef107c48+2023-03-02-18h-23m-18s/ext2_f00000.png
IRIS+ef107c48+2023-03-02-18h-23m-18s,ext2,b100,14,118,118,29838012,ok,1.0,auto,1.0,0.015509982638888888,False,True,0.9996474528468182,0.012311197916666667,1.0,0.015509982638888888,masks/IRIS+ef107c48+2023-03-02-18h-23m-18s/ext2_f00014.png
IRIS+ef107c48+2023-03-02-18h-26m-28s,ext2,b050,13,123,123,29838012,ok,0.5185185185185185,auto,1.0,0.012432725694444445,False,True,0.0016835016835017313,0.00064453125,1.0,0.012432725694444445,masks/IRIS+ef107c48+2023-03-02-18h-26m-28s/ext2_f00013.png
IRIS+ef107c48+2023-03-02-18h-26m-28s,ext2,b100,18,123,123,29838012,ok,1.0,auto,0.9777183600713012,0.012174479166666667,False,True,0.9777461411658924,0.014481336805555555,0.9777183600713012,0.012174479166666667,masks/IRIS+ef107c48+2023-03-02-18h-26m-28s/ext2_f00018.png
IRIS+ef107c48+2023-03-02-18h-28m-03s,ext2,b050,0,144,144,29838012,ok,0.5185185185185185,auto,0.9874327597596653,0.06898654513888888,False,True,0.8265279583875162,0.008344184027777778,0.9874327597596653,0.06898654513888888,masks/IRIS+ef107c48+2023-03-02-18h-28m-03s/ext2_f00000.png
IRIS+ef107c48+2023-03-02-18h-28m-03s,ext1,b100,23,144,144,23404442,ok,1.0,auto,0.20451141894421565,0.011592881944444444,False,True,0.17595399895452168,0.010378689236111112,0.20451141894421565,0.011592881944444444,masks/IRIS+ef107c48+2023-03-02-18h-28m-03s/ext1_f00023.png
IRIS+ef107c48+2023-03-02-18h-28m-03s,ext2,b100,23,144,144,29838012,ok,1.0,auto,0.7606856341238876,0.024751519097222223,False,True,0.6901351507450618,0.018786892361111113,0.7606856341238876,0.024751519097222223,masks/IRIS+ef107c48+2023-03-02-18h-28m-03s/ext2_f00023.png
IRIS+ef107c48+2023-03-03-15h-31m-24s,ext2,b100,16,135,135,29838012,ok,1.0,auto,0.9995009980039921,0.0021744791666666666,False,True,0.20299313604140878,0.009643012152777778,0.9995009980039921,0.0021744791666666666,masks/IRIS+ef107c48+2023-03-03-15h-31m-24s/ext2_f00016.png
IRIS+ef107c48+2023-03-07-15h-54m-28s,ext2,b050,26,149,149,29838012,ok,1.0,auto,1.0,0.0157421875,False,True,0.00020938023450589593,0.005182291666666667,1.0,0.0157421875,masks/IRIS+ef107c48+2023-03-07-15h-54m-28s/ext2_f00026.png
IRIS+ef107c48+2023-03-07-15h-54m-28s,ext2,b100,33,149,149,29838012,ok,1.0,auto,1.0,0.011082899305555555,False,True,0.0,0.00765625,1.0,0.011082899305555555,masks/IRIS+ef107c48+2023-03-07-15h-54m-28s/ext2_f00033.png
IRIS+ef107c48+2023-03-07-15h-55m-16s,ext2,b050,19,147,147,29838012,ok,1.0,auto,1.0,0.010179036458333334,False,True,0.00047125353440147233,0.004605034722222222,1.0,0.010179036458333334,masks/IRIS+ef107c48+2023-03-07-15h-55m-16s/ext2_f00019.png
IRIS+ef107c48+2023-03-07-15h-55m-16s,ext2,b100,24,147,147,29838012,ok,1.0,auto,1.0,0.007463107638888889,False,True,0.0,0.008495008680555555,1.0,0.007463107638888889,masks/IRIS+ef107c48+2023-03-07-15h-55m-16s/ext2_f00024.png
IRIS+ef107c48+2023-03-07-17h-59m-19s,ext1,b050,21,126,126,23404442,ok,0.5,auto,1.0,0.002328559027777778,False,True,0.9932773109243698,0.0006456163194444444,1.0,0.002328559027777778,masks/IRIS+ef107c48+2023-03-07-17h-59m-19s/ext1_f00021.png
IRIS+ef107c48+2023-03-07-17h-59m-19s,ext2,b050,21,126,126,29838012,ok,1.0,auto,0.9958812052893995,0.02502712673611111,False,True,0.01164596273291929,0.0013975694444444443,0.9958812052893995,0.02502712673611111,masks/IRIS+ef107c48+2023-03-07-17h-59m-19s/ext2_f00021.png
IRIS+ef107c48+2023-03-07-17h-59m-19s,ext1,b100,30,126,126,23404442,ok,1.0,auto,1.0,0.0016959635416666666,False,True,0.003928170594837299,0.00193359375,1.0,0.0016959635416666666,masks/IRIS+ef107c48+2023-03-07-17h-59m-19s/ext1_f00030.png
IRIS+ef107c48+2023-03-07-17h-59m-19s,ext2,b100,30,126,126,29838012,ok,1.0,auto,1.0,0.025208333333333333,False,True,0.005578281889178083,0.005835503472222222,1.0,0.025208333333333333,masks/IRIS+ef107c48+2023-03-07-17h-59m-19s/ext2_f00030.png
IRIS+ef107c48+2023-03-08-16h-47m-52s,ext1,b050,0,269,269,23404442,ok,1.0,auto,1.0,0.010630425347222222,False,True,0.9969946679592826,0.011192491319444444,1.0,0.010630425347222222,masks/IRIS+ef107c48+2023-03-08-16h-47m-52s/ext1_f00000.png
IRIS+ef107c48+2023-03-08-16h-47m-52s,ext2,b050,0,269,269,29838012,ok,1.0,auto,1.0,0.042569444444444444,False,True,0.0028785261945883933,0.001884765625,1.0,0.042569444444444444,masks/IRIS+ef107c48+2023-03-08-16h-47m-52s/ext2_f00000.png
IRIS+ef107c48+2023-03-08-16h-54m-46s,ext2,b050,0,139,139,29838012,ok,1.0,auto,0.2770770496298327,0.007914496527777778,False,True,0.2582984658298466,0.007779947916666667,0.2770770496298327,0.007914496527777778,masks/IRIS+ef107c48+2023-03-08-16h-54m-46s/ext2_f00000.png
IRIS+ef107c48+2023-03-08-17h-01m-45s,ext1,b050,0,109,109,23404442,ok,0.8518518518518519,auto,0.8020484842246127,0.02108181423611111,False,True,0.549282521759586,0.009225260416666667,0.8020484842246127,0.02108181423611111,masks/IRIS+ef107c48+2023-03-08-17h-01m-45s/ext1_f00000.png
IRIS+ef107c48+2023-03-08-17h-01m-45s,ext2,b050,0,109,109,29838012,ok,0.8148148148148148,auto,1.0,0.005006510416666667,False,True,0.06602641056422565,0.005423177083333334,1.0,0.005006510416666667,masks/IRIS+ef107c48+2023-03-08-17h-01m-45s/ext2_f00000.png
IRIS+ef107c48+2023-03-08-17h-01m-45s,ext1,b100,19,109,109,23404442,ok,1.0,auto,1.0,0.029905598958333335,False,True,1.0,0.0002766927083333333,1.0,0.029905598958333335,masks/IRIS+ef107c48+2023-03-08-17h-01m-45s/ext1_f00019.png
IRIS+ef107c48+2023-03-08-17h-01m-45s,ext2,b100,19,109,109,29838012,ok,1.0,auto,0.9967447014821997,0.01566623263888889,False,True,0.28972892315344445,0.004363064236111111,0.9967447014821997,0.01566623263888889,masks/IRIS+ef107c48+2023-03-08-17h-01m-45s/ext2_f00019.png
IRIS+ef107c48+2023-03-08-17h-40m-12s,ext1,b050,18,130,130,23404442,ok,1.0,auto,0.721011391321525,0.01647894965277778,False,True,0.5220577805097169,0.022948133680555555,0.721011391321525,0.01647894965277778,masks/IRIS+ef107c48+2023-03-08-17h-40m-12s/ext1_f00018.png
IRIS+ef107c48+2023-03-08-17h-40m-12s,ext1,b100,23,130,130,23404442,ok,1.0,auto,0.514509158263017,0.010544704861111111,False,True,0.47127084272194686,0.009631076388888889,0.514509158263017,0.010544704861111111,masks/IRIS+ef107c48+2023-03-08-17h-40m-12s/ext1_f00023.png
IRIS+ef107c48+2023-03-08-17h-41m-10s,ext1,b050,0,152,152,23404442,ok,0.6851851851851852,auto,1.0,0.0115234375,False,True,0.9994843588862152,0.0063129340277777776,1.0,0.0115234375,masks/IRIS+ef107c48+2023-03-08-17h-41m-10s/ext1_f00000.png
IRIS+ef107c48+2023-03-08-17h-41m-10s,ext1,b100,19,152,152,23404442,ok,1.0,auto,0.7285628382441371,0.009022352430555556,False,True,0.7256669960474309,0.008784722222222222,0.7285628382441371,0.009022352430555556,masks/IRIS+ef107c48+2023-03-08-17h-41m-10s/ext1_f00019.png
IRIS+ef107c48+2023-03-08-18h-50m-19s,ext1,b050,12,117,117,23404442,ok,1.0,auto,1.0,0.013562282986111111,False,True,0.0,8.680555555555556e-06,1.0,0.013562282986111111,masks/IRIS+ef107c48+2023-03-08-18h-50m-19s/ext1_f00012.png
IRIS+ef107c48+2023-03-08-18h-50m-19s,ext1,b100,17,117,117,23404442,ok,1.0,auto,1.0,0.009251302083333333,False,True,1.0,0.008219401041666666,1.0,0.009251302083333333,masks/IRIS+ef107c48+2023-03-08-18h-50m-19s/ext1_f00017.png
IRIS+ef107c48+2023-03-08-18h-52m-42s,ext1,b100,20,172,172,23404442,ok,1.0,auto,1.0,0.005265842013888889,False,True,0.8652431365512292,0.006047092013888889,1.0,0.005265842013888889,masks/IRIS+ef107c48+2023-03-08-18h-52m-42s/ext1_f00020.png
IRIS+ef107c48+2023-03-08-19h-44m-01s,ext1,b050,10,181,181,23404442,ok,1.0,auto,1.0,0.009165581597222222,False,True,1.0,0.009036458333333334,1.0,0.009165581597222222,masks/IRIS+ef107c48+2023-03-08-19h-44m-01s/ext1_f00010.png
IRIS+ef107c48+2023-03-08-19h-50m-41s,ext1,b050,0,118,118,23404442,ok,1.0,auto,0.7907008361090341,0.015962456597222223,False,True,0.7842592592592592,0.015234375,0.7907008361090341,0.015962456597222223,masks/IRIS+ef107c48+2023-03-08-19h-50m-41s/ext1_f00000.png
IRIS+ef107c48+2023-03-09-18h-04m-09s,ext1,b050,9,157,157,23404442,ok,1.0,auto,1.0,0.013408203125,False,True,1.0,0.013421223958333334,1.0,0.013408203125,masks/IRIS+ef107c48+2023-03-09-18h-04m-09s/ext1_f00009.png
IRIS+ef107c48+2023-03-09-18h-04m-09s,ext2,b050,9,157,157,29838012,ok,0.5370370370370371,auto,1.0,0.011410590277777778,False,True,0.9850370929209104,0.008629557291666666,1.0,0.011410590277777778,masks/IRIS+ef107c48+2023-03-09-18h-04m-09s/ext2_f00009.png
IRIS+ef107c48+2023-03-09-18h-04m-09s,ext1,b100,15,157,157,23404442,ok,1.0,auto,1.0,0.012913411458333333,False,True,1.0,0.012508680555555556,1.0,0.012913411458333333,masks/IRIS+ef107c48+2023-03-09-18h-04m-09s/ext1_f00015.png
IRIS+ef107c48+2023-03-09-18h-04m-09s,ext2,b100,15,157,157,29838012,ok,1.0,auto,1.0,0.006024305555555555,False,True,0.9972857696781698,0.005596788194444444,1.0,0.006024305555555555,masks/IRIS+ef107c48+2023-03-09-18h-04m-09s/ext2_f00015.png
IRIS+ef107c48+2023-03-09-18h-10m-03s,ext1,b050,14,106,106,23404442,ok,1.0,auto,1.0,0.013258463541666666,False,True,0.9921187987390078,0.013079427083333333,1.0,0.013258463541666666,masks/IRIS+ef107c48+2023-03-09-18h-10m-03s/ext1_f00014.png
IRIS+ef107c48+2023-03-09-18h-10m-03s,ext2,b050,14,106,106,29838012,ok,0.5,auto,1.0,0.008327907986111112,False,True,0.9871244635193133,0.003286675347222222,1.0,0.008327907986111112,masks/IRIS+ef107c48+2023-03-09-18h-10m-03s/ext2_f00014.png
IRIS+ef107c48+2023-03-09-18h-10m-03s,ext1,b100,20,106,106,23404442,ok,1.0,auto,1.0,0.009029947916666666,False,True,1.0,0.008821614583333333,1.0,0.009029947916666666,masks/IRIS+ef107c48+2023-03-09-18h-10m-03s/ext1_f00020.png
IRIS+ef107c48+2023-03-09-18h-10m-03s,ext2,b100,20,106,106,29838012,ok,1.0,auto,1.0,0.004508463541666666,False,True,0.9593003699966364,0.0032259114583333332,1.0,0.004508463541666666,masks/IRIS+ef107c48+2023-03-09-18h-10m-03s/ext2_f00020.png
IRIS+ef107c48+2023-03-09-18h-30m-16s,ext2,b050,0,147,147,29838012,ok,1.0,auto,1.0,0.008171657986111112,False,True,0.0232612235403582,0.004664713541666666,1.0,0.008171657986111112,masks/IRIS+ef107c48+2023-03-09-18h-30m-16s/ext2_f00000.png
IRIS+ef107c48+2023-03-09-18h-30m-16s,ext2,b100,16,147,147,29838012,ok,1.0,auto,1.0,0.005581597222222222,False,True,0.0,0.0035405815972222223,1.0,0.005581597222222222,masks/IRIS+ef107c48+2023-03-09-18h-30m-16s/ext2_f00016.png
IRIS+ef107c48+2023-03-09-19h-34m-23s,ext2,b050,36,148,148,29838012,ok,0.5,auto,1.0,0.0033778211805555554,False,True,0.9992927864214993,0.003068576388888889,1.0,0.0033778211805555554,masks/IRIS+ef107c48+2023-03-09-19h-34m-23s/ext2_f00036.png
IRIS+ef107c48+2023-03-09-19h-34m-23s,ext2,b100,43,148,148,29838012,ok,1.0,auto,1.0,0.0024652777777777776,False,True,1.0,0.0022547743055555554,1.0,0.0024652777777777776,masks/IRIS+ef107c48+2023-03-09-19h-34m-23s/ext2_f00043.png
IRIS+ef107c48+2023-03-09-19h-35m-04s,ext2,b050,12,94,94,29838012,ok,0.5370370370370371,auto,1.0,0.007573784722222222,False,True,0.012195121951219523,0.00080078125,1.0,0.007573784722222222,masks/IRIS+ef107c48+2023-03-09-19h-35m-04s/ext2_f00012.png
IRIS+ef107c48+2023-03-09-19h-35m-04s,ext2,b100,17,94,94,29838012,ok,1.0,auto,1.0,0.003720703125,False,True,0.9985228951255539,0.0036729600694444444,1.0,0.003720703125,masks/IRIS+ef107c48+2023-03-09-19h-35m-04s/ext2_f00017.png
IRIS+ef107c48+2023-03-09-19h-44m-20s,ext2,b050,13,122,122,29838012,ok,0.5,auto,1.0,0.005658637152777778,False,True,0.021486643437862996,0.0018684895833333333,1.0,0.005658637152777778,masks/IRIS+ef107c48+2023-03-09-19h-44m-20s/ext2_f00013.png
IRIS+ef107c48+2023-03-09-19h-44m-20s,ext2,b100,20,122,122,29838012,ok,1.0,auto,1.0,0.0049685329861111115,False,True,0.9974311069593648,0.004646267361111111,1.0,0.0049685329861111115,masks/IRIS+ef107c48+2023-03-09-19h-44m-20s/ext2_f00020.png
IRIS+ef107c48+2023-05-30-11h-37m-37s,ext1,b050,0,126,126,23404442,ok,0.9074074074074074,auto,1.0,0.008083767361111112,False,True,1.0,0.008256293402777778,1.0,0.008083767361111112,masks/IRIS+ef107c48+2023-05-30-11h-37m-37s/ext1_f00000.png
IRIS+ef107c48+2023-05-30-11h-37m-37s,ext2,b050,0,126,126,29838012,ok,1.0,auto,0.4138005741212154,0.020033637152777777,False,True,0.1439379429228117,0.011330295138888889,0.4138005741212154,0.020033637152777777,masks/IRIS+ef107c48+2023-05-30-11h-37m-37s/ext2_f00000.png
IRIS+ef107c48+2023-05-30-11h-37m-37s,ext1,b100,12,126,126,23404442,ok,1.0,auto,1.0,0.007610677083333333,False,True,1.0,0.0033018663194444445,1.0,0.007610677083333333,masks/IRIS+ef107c48+2023-05-30-11h-37m-37s/ext1_f00012.png
IRIS+ef107c48+2023-05-30-11h-37m-37s,ext2,b100,12,126,126,29838012,ok,1.0,auto,0.42934694099126003,0.01998806423611111,False,True,0.41003102378490175,0.01888671875,0.42934694099126003,0.01998806423611111,masks/IRIS+ef107c48+2023-05-30-11h-37m-37s/ext2_f00012.png
IRIS+ef107c48+2023-05-30-11h-40m-10s,ext1,b050,0,366,366,23404442,ok,1.0,auto,1.0,0.010021701388888889,False,True,0.10040983606557374,0.0010590277777777779,1.0,0.010021701388888889,masks/IRIS+ef107c48+2023-05-30-11h-40m-10s/ext1_f00000.png
IRIS+ef107c48+2023-05-30-11h-40m-10s,ext2,b050,0,366,366,29838012,ok,1.0,auto,0.24049098348234577,0.007160373263888889,False,True,0.2397544128933231,0.007069227430555556,0.24049098348234577,0.007160373263888889,masks/IRIS+ef107c48+2023-05-30-11h-40m-10s/ext2_f00000.png
IRIS+ef107c48+2023-05-31-09h-35m-54s,ext1,b050,22,102,102,23404442,ok,1.0,auto,1.0,0.005213758680555555,False,True,0.9776266725159026,0.004946831597222222,1.0,0.005213758680555555,masks/IRIS+ef107c48+2023-05-31-09h-35m-54s/ext1_f00022.png
IRIS+ef107c48+2023-05-31-09h-35m-54s,ext2,b050,22,102,102,29838012,ok,0.5,auto,1.0,0.005454644097222222,False,True,1.0,4.340277777777778e-05,1.0,0.005454644097222222,masks/IRIS+ef107c48+2023-05-31-09h-35m-54s/ext2_f00022.png
IRIS+ef107c48+2023-05-31-09h-35m-54s,ext1,b100,37,102,102,23404442,ok,1.0,auto,1.0,0.0029481336805555554,False,True,0.9968374446552815,0.0017154947916666666,1.0,0.0029481336805555554,masks/IRIS+ef107c48+2023-05-31-09h-35m-54s/ext1_f00037.png
IRIS+ef107c48+2023-05-31-09h-35m-54s,ext2,b100,37,102,102,29838012,ok,1.0,auto,0.8855199773306885,0.0038292100694444445,False,True,0.8816901408450705,0.003466796875,0.8855199773306885,0.0038292100694444445,masks/IRIS+ef107c48+2023-05-31-09h-35m-54s/ext2_f00037.png
IRIS+ef107c48+2023-05-31-09h-39m-49s,ext1,b050,39,140,140,23404442,ok,0.9814814814814815,auto,0.5276140580659245,0.00994140625,False,True,0.4056492162082225,0.007337239583333334,0.5276140580659245,0.00994140625,masks/IRIS+ef107c48+2023-05-31-09h-39m-49s/ext1_f00039.png
IRIS+ef107c48+2023-05-31-09h-39m-49s,ext2,b050,39,140,140,29838012,ok,0.5,auto,1.0,0.008953993055555555,False,True,0.0,0.0015809461805555555,1.0,0.008953993055555555,masks/IRIS+ef107c48+2023-05-31-09h-39m-49s/ext2_f00039.png
IRIS+ef107c48+2023-05-31-10h-01m-37s,ext1,b050,39,96,96,23404442,ok,1.0,auto,1.0,0.004192708333333333,False,True,0.512794151245145,0.009498697916666667,1.0,0.004192708333333333,masks/IRIS+ef107c48+2023-05-31-10h-01m-37s/ext1_f00039.png
IRIS+ef107c48+2023-05-31-10h-01m-37s,ext2,b050,39,96,96,29838012,ok,0.5,auto,1.0,0.0071267361111111115,False,True,1.0,0.006555989583333333,1.0,0.0071267361111111115,masks/IRIS+ef107c48+2023-05-31-10h-01m-37s/ext2_f00039.png
IRIS+ef107c48+2023-05-31-10h-01m-37s,ext1,b100,51,96,96,23404442,ok,1.0,auto,1.0,0.0033810763888888888,False,True,0.024876644736842146,0.010555555555555556,1.0,0.0033810763888888888,masks/IRIS+ef107c48+2023-05-31-10h-01m-37s/ext1_f00051.png
IRIS+ef107c48+2023-05-31-10h-01m-37s,ext2,b100,51,96,96,29838012,ok,1.0,auto,0.9648447523736208,0.004228515625,False,True,0.9660537482319661,0.003835720486111111,0.9648447523736208,0.004228515625,masks/IRIS+ef107c48+2023-05-31-10h-01m-37s/ext2_f00051.png
IRIS+ef107c48+2023-05-31-10h-02m-28s,ext1,b050,31,127,127,23404442,ok,1.0,auto,0.9808601134215501,0.0045920138888888885,False,True,0.0037293553542887548,0.0040733506944444445,0.9808601134215501,0.0045920138888888885,masks/IRIS+ef107c48+2023-05-31-10h-02m-28s/ext1_f00031.png
IRIS+ef107c48+2023-05-31-10h-02m-28s,ext2,b050,31,127,127,29838012,ok,0.5,auto,1.0,0.010348307291666666,False,True,0.9998950241444468,0.010336371527777779,1.0,0.010348307291666666,masks/IRIS+ef107c48+2023-05-31-10h-02m-28s/ext2_f00031.png
IRIS+ef107c48+2023-05-31-10h-02m-28s,ext1,b100,43,127,127,23404442,ok,1.0,auto,1.0,0.0031163194444444446,False,True,0.00031308703819665773,0.0034657118055555556,1.0,0.0031163194444444446,masks/IRIS+ef107c48+2023-05-31-10h-02m-28s/ext1_f00043.png
IRIS+ef107c48+2023-05-31-10h-02m-28s,ext2,b100,43,127,127,29838012,ok,1.0,auto,0.6943756194251735,0.008758680555555556,False,True,0.0012742911755335706,0.003406032986111111,0.6943756194251735,0.008758680555555556,masks/IRIS+ef107c48+2023-05-31-10h-02m-28s/ext2_f00043.png
IRIS+f94b8622+2023-12-07-17h-36m-43s,ext1,b050,46,513,513,23404442,ok,1.0,auto,0.2309286898839138,0.0026171875,False,True,0.0,0.013218315972222222,0.2309286898839138,0.0026171875,masks/IRIS+f94b8622+2023-12-07-17h-36m-43s/ext1_f00046.png
IRIS+f94b8622+2023-12-07-17h-36m-43s,ext2,b050,46,513,513,29838012,ok,0.5,auto,1.0,0.005517578125,False,True,0.21403789698425402,0.004065755208333333,1.0,0.005517578125,masks/IRIS+f94b8622+2023-12-07-17h-36m-43s/ext2_f00046.png
IRIS+f94b8622+2023-12-07-17h-36m-43s,ext2,b100,61,513,513,29838012,ok,1.0,auto,1.0,0.00844943576388889,False,True,0.0,0.0007975260416666667,1.0,0.00844943576388889,masks/IRIS+f94b8622+2023-12-07-17h-36m-43s/ext2_f00061.png
IRIS+f94b8622+2023-12-12-17h-28m-56s,ext2,b050,0,283,283,29838012,ok,1.0,auto,1.0,0.002490234375,False,True,0.0,0.0018305121527777777,1.0,0.002490234375,masks/IRIS+f94b8622+2023-12-12-17h-28m-56s/ext2_f00000.png
IRIS+f94b8622+2023-12-12-19h-39m-25s,ext2,b050,0,284,284,29838012,ok,1.0,auto,0.9780168381665107,0.0023198784722222223,False,True,0.0019187719859290464,0.0033930121527777778,0.9780168381665107,0.0023198784722222223,masks/IRIS+f94b8622+2023-12-12-19h-39m-25s/ext2_f00000.png
PennPAL+06b0ffa5+2023-04-27-23h-10m-06s,ext2,b050,10,124,124,25455306,ok,0.5185185185185185,auto,0.9997060552616108,0.01845703125,False,True,0.0,0.03776692708333333,0.9997060552616108,0.01845703125,masks/PennPAL+06b0ffa5+2023-04-27-23h-10m-06s/ext2_f00010.png
PennPAL+06b0ffa5+2023-04-29-16h-35m-45s,ext1,b050,0,119,119,23748752,ok,1.0,auto,0.3447728698475958,0.029404296875,False,True,0.30595141544046656,0.028095703125,0.3447728698475958,0.029404296875,masks/PennPAL+06b0ffa5+2023-04-29-16h-35m-45s/ext1_f00000.png
PennPAL+06b0ffa5+2023-04-29-16h-35m-45s,ext1,b100,36,119,119,23748752,ok,1.0,auto,0.5383348883156798,0.01977105034722222,False,True,0.18725772786005368,0.010916883680555555,0.5383348883156798,0.01977105034722222,masks/PennPAL+06b0ffa5+2023-04-29-16h-35m-45s/ext1_f00036.png
PennPAL+06b0ffa5+2023-04-29-16h-45m-25s,ext1,b050,20,159,159,23748752,ok,1.0,auto,0.253876898481215,0.033935546875,False,True,0.21772220712150037,0.035927734375,0.253876898481215,0.033935546875,masks/PennPAL+06b0ffa5+2023-04-29-16h-45m-25s/ext1_f00020.png
PennPAL+06b0ffa5+2023-04-29-16h-45m-25s,ext1,b100,53,159,159,23748752,ok,1.0,auto,0.5495912806539509,0.015928819444444443,False,True,0.15749783656817906,0.008777126736111111,0.5495912806539509,0.015928819444444443,masks/PennPAL+06b0ffa5+2023-04-29-16h-45m-25s/ext1_f00053.png
PennPAL+06b0ffa5+2023-04-29-20h-37m-31s,ext2,b050,15,90,90,25455306,ok,0.5555555555555556,auto,0.9828629032258065,0.0043055555555555555,False,True,0.9536461277557943,0.0019194878472222222,0.9828629032258065,0.0043055555555555555,masks/PennPAL+06b0ffa5+2023-04-29-20h-37m-31s/ext2_f00015.png
PennPAL+06b0ffa5+2023-04-29-20h-37m-31s,ext2,b100,36,90,90,25455306,ok,1.0,auto,0.8038896005589845,0.009317491319444444,False,True,0.43899870382371997,0.013394097222222222,0.8038896005589845,0.009317491319444444,masks/PennPAL+06b0ffa5+2023-04-29-20h-37m-31s/ext2_f00036.png
PennPAL+06b0ffa5+2023-04-29-20h-45m-50s,ext2,b050,42,99,99,25455306,ok,0.5555555555555556,auto,0.786768149882904,0.009266493055555556,False,True,0.46064231738035266,0.0034461805555555556,0.786768149882904,0.009266493055555556,masks/PennPAL+06b0ffa5+2023-04-29-20h-45m-50s/ext2_f00042.png
PennPAL+06b0ffa5+2023-04-29-20h-45m-50s,ext2,b100,49,99,99,25455306,ok,1.0,auto,0.6117254329230127,0.0052007378472222225,False,True,0.06892010535557502,0.0024717881944444444,0.6117254329230127,0.0052007378472222225,masks/PennPAL+06b0ffa5+2023-04-29-20h-45m-50s/ext2_f00049.png
PennPAL+06b0ffa5+2023-04-29-20h-52m-05s,ext2,b050,18,84,84,25455306,ok,0.5185185185185185,auto,0.9892806770098731,0.0038465711805555558,False,True,0.0,0.0006629774305555555,0.9892806770098731,0.0038465711805555558,masks/PennPAL+06b0ffa5+2023-04-29-20h-52m-05s/ext2_f00018.png
PennPAL+06b0ffa5+2023-04-29-20h-52m-05s,ext2,b100,35,84,84,25455306,ok,1.0,auto,0.8016391932958836,0.011782769097222222,False,True,0.8025986078886311,0.011691623263888888,0.8016391932958836,0.011782769097222222,masks/PennPAL+06b0ffa5+2023-04-29-20h-52m-05s/ext2_f00035.png
PennPAL+06b0ffa5+2023-04-29-20h-56m-46s,ext2,b050,16,80,80,25455306,ok,0.5925925925925926,auto,0.7780356246864024,0.017300347222222224,False,True,0.15988523735002613,0.00416015625,0.7780356246864024,0.017300347222222224,masks/PennPAL+06b0ffa5+2023-04-29-20h-56m-46s/ext2_f00016.png
PennPAL+06b0ffa5+2023-04-29-20h-56m-46s,ext2,b100,34,80,80,25455306,ok,1.0,auto,0.6265563633324978,0.012985026041666667,False,True,0.5837104072398189,0.011030815972222222,0.6265563633324978,0.012985026041666667,masks/PennPAL+06b0ffa5+2023-04-29-20h-56m-46s/ext2_f00034.png
PennPAL+06b0ffa5+2023-04-29-21h-18m-54s,ext2,b050,16,85,85,25455306,ok,0.5740740740740741,auto,0.9280035335689046,0.004913194444444445,False,True,0.9280904280904281,0.00451171875,0.9280035335689046,0.004913194444444445,masks/PennPAL+06b0ffa5+2023-04-29-21h-18m-54s/ext2_f00016.png
PennPAL+06b0ffa5+2023-04-29-21h-18m-54s,ext2,b100,32,85,85,25455306,ok,1.0,auto,0.4759713701431493,0.012734375,False,True,0.46558840872715024,0.012880859375,0.4759713701431493,0.012734375,masks/PennPAL+06b0ffa5+2023-04-29-21h-18m-54s/ext2_f00032.png
PennPAL+06b0ffa5+2023-04-29-21h-20m-58s,ext2,b050,27,95,95,25455306,ok,0.5,auto,0.705232789494628,0.010907118055555555,False,True,0.38969505783385905,0.005159505208333333,0.705232789494628,0.010907118055555555,masks/PennPAL+06b0ffa5+2023-04-29-21h-20m-58s/ext2_f00027.png
PennPAL+06b0ffa5+2023-04-29-21h-20m-58s,ext2,b100,33,95,95,25455306,ok,1.0,auto,0.562930693069307,0.013699001736111112,False,True,0.563558638490079,0.013452690972222223,0.562930693069307,0.013699001736111112,masks/PennPAL+06b0ffa5+2023-04-29-21h-20m-58s/ext2_f00033.png
PennPAL+06b0ffa5+2023-04-29-21h-22m-54s,ext2,b050,12,76,76,25455306,ok,0.5,auto,0.71604086140254,0.007860243055555556,False,True,0.33500784929356353,0.0034559461805555554,0.71604086140254,0.007860243055555556,masks/PennPAL+06b0ffa5+2023-04-29-21h-22m-54s/ext2_f00012.png
PennPAL+06b0ffa5+2023-04-29-21h-22m-54s,ext2,b100,31,76,76,25455306,ok,1.0,auto,0.6855538540071465,0.010628255208333333,False,True,0.637453445065177,0.009322916666666667,0.6855538540071465,0.010628255208333333,masks/PennPAL+06b0ffa5+2023-04-29-21h-22m-54s/ext2_f00031.png
PennPAL+06b0ffa5+2023-04-29-21h-24m-34s,ext2,b050,9,90,90,25455306,ok,0.7037037037037037,auto,0.5499531835205993,0.023177083333333334,False,True,0.006395786305492868,0.005768229166666666,0.5499531835205993,0.023177083333333334,masks/PennPAL+06b0ffa5+2023-04-29-21h-24m-34s/ext2_f00009.png
PennPAL+06b0ffa5+2023-04-29-21h-24m-34s,ext2,b100,37,90,90,25455306,ok,1.0,auto,0.7500563189907636,0.009633246527777778,False,True,0.7297394645215511,0.009037543402777778,0.7500563189907636,0.009633246527777778,masks/PennPAL+06b0ffa5+2023-04-29-21h-24m-34s/ext2_f00037.png
PennPAL+06b0ffa5+2023-04-29-21h-51m-55s,ext2,b050,77,144,144,25455306,ok,0.9814814814814815,auto,0.5801705878985632,0.018955078125,False,True,0.5521427772183058,0.01939453125,0.5801705878985632,0.018955078125,masks/PennPAL+06b0ffa5+2023-04-29-21h-51m-55s/ext2_f00077.png
PennPAL+06b0ffa5+2023-04-29-23h-12m-19s,ext2,b050,15,116,116,25455306,ok,0.6111111111111112,auto,0.41454851846650753,0.023180338541666668,False,True,0.19849544674673358,0.01644314236111111,0.41454851846650753,0.023180338541666668,masks/PennPAL+06b0ffa5+2023-04-29-23h-12m-19s/ext2_f00015.png
PennPAL+06b0ffa5+2023-04-29-23h-12m-19s,ext2,b100,22,116,116,25455306,ok,1.0,auto,0.338156453565458,0.018822699652777778,False,True,0.33617368973969886,0.01859157986111111,0.338156453565458,0.018822699652777778,masks/PennPAL+06b0ffa5+2023-04-29-23h-12m-19s/ext2_f00022.png
PennPAL+06b0ffa5+2023-04-29-23h-30m-30s,ext2,b050,33,138,138,25455306,ok,0.7037037037037037,auto,0.725115464245899,0.013626302083333333,False,True,0.689882834294216,0.011668836805555555,0.725115464245899,0.013626302083333333,masks/PennPAL+06b0ffa5+2023-04-29-23h-30m-30s/ext2_f00033.png
PennPAL+06b0ffa5+2023-04-29-23h-30m-30s,ext2,b100,54,138,138,25455306,ok,1.0,auto,0.3892803220936084,0.008624131944444445,False,True,0.256723360953627,0.0074641927083333335,0.3892803220936084,0.008624131944444445,masks/PennPAL+06b0ffa5+2023-04-29-23h-30m-30s/ext2_f00054.png
PennPAL+06b0ffa5+2023-04-29-23h-38m-42s,ext2,b050,9,94,94,25455306,ok,0.8518518518518519,auto,0.2199347153819723,0.037894965277777776,False,True,0.2093186936936937,0.03854166666666667,0.2199347153819723,0.037894965277777776,masks/PennPAL+06b0ffa5+2023-04-29-23h-38m-42s/ext2_f00009.png
PennPAL+06b0ffa5+2023-04-29-23h-38m-42s,ext2,b100,35,94,94,25455306,ok,1.0,auto,0.4328901551123774,0.0137109375,False,True,0.43068629817362625,0.013486328125,0.4328901551123774,0.0137109375,masks/PennPAL+06b0ffa5+2023-04-29-23h-38m-42s/ext2_f00035.png
PennPAL+acda9df3+2023-06-16-19h-07m-01s,ext2,b050,0,262,262,27085680,ok,1.0,auto,0.2950451526589899,0.02270941840277778,False,True,0.1400762239812372,0.018505859375,0.2950451526589899,0.02270941840277778,masks/PennPAL+acda9df3+2023-06-16-19h-07m-01s/ext2_f00000.png
PennPAL+acda9df3+2023-06-16-19h-07m-01s,ext2,b100,75,262,262,27085680,ok,1.0,auto,0.3581188997338066,0.018343098958333335,False,True,0.1688250897175847,0.01390842013888889,0.3581188997338066,0.018343098958333335,masks/PennPAL+acda9df3+2023-06-16-19h-07m-01s/ext2_f00075.png
PennPAL+acda9df3+2023-06-23-20h-05m-13s,ext1,b050,0,577,577,25455306,ok,1.0,auto,0.6727069529815599,0.02718532986111111,False,True,0.041093410572049294,0.005993923611111111,0.6727069529815599,0.02718532986111111,masks/PennPAL+acda9df3+2023-06-23-20h-05m-13s/ext1_f00000.png
PennPAL+acda9df3+2023-06-23-20h-05m-13s,ext1,b100,43,577,577,25455306,ok,1.0,auto,0.62316165525454,0.018223741319444445,False,True,0.3696417729204614,0.01787109375,0.62316165525454,0.018223741319444445,masks/PennPAL+acda9df3+2023-06-23-20h-05m-13s/ext1_f00043.png
PennPAL+acda9df3+2023-06-23-20h-44m-52s,ext1,b050,0,477,477,25455306,ok,1.0,auto,0.7322534782167158,0.021369357638888888,False,True,0.0,0.004175347222222223,0.7322534782167158,0.021369357638888888,masks/PennPAL+acda9df3+2023-06-23-20h-44m-52s/ext1_f00000.png
PennPAL+acda9df3+2023-06-23-20h-44m-52s,ext1,b100,34,477,477,25455306,ok,1.0,auto,0.9140080832401755,0.012618272569444445,False,True,0.8785220178842584,0.012862413194444445,0.9140080832401755,0.012618272569444445,masks/PennPAL+acda9df3+2023-06-23-20h-44m-52s/ext1_f00034.png
PennPAL+acda9df3+2023-06-23-21h-03m-18s,ext1,b050,0,319,319,25455306,ok,1.0,auto,0.2537071362372567,0.060881076388888886,False,True,0.0023362969693037083,0.03343967013888889,0.2537071362372567,0.060881076388888886,masks/PennPAL+acda9df3+2023-06-23-21h-03m-18s/ext1_f00000.png
PennPAL+acda9df3+2023-06-23-21h-03m-18s,ext1,b100,65,319,319,25455306,ok,1.0,auto,0.3972569662432993,0.044937065972222225,False,True,0.0011794981771391377,0.020238715277777777,0.3972569662432993,0.044937065972222225,masks/PennPAL+acda9df3+2023-06-23-21h-03m-18s/ext1_f00065.png
PennPAL+acda9df3+2023-07-10-21h-39m-35s,ext1,b050,43,350,350,25455306,ok,0.5,auto,0.3839285714285714,0.0035243055555555557,False,True,0.0,0.0022884114583333333,0.3839285714285714,0.0035243055555555557,masks/PennPAL+acda9df3+2023-07-10-21h-39m-35s/ext1_f00043.png
PennPAL+acda9df3+2023-07-15-23h-08m-02s,ext1,b050,64,375,375,25455306,ok,0.5,auto,1.0,0.014957682291666666,False,True,0.9917201888106477,0.014022352430555555,1.0,0.014957682291666666,masks/PennPAL+acda9df3+2023-07-15-23h-08m-02s/ext1_f00064.png
PennPAL+acda9df3+2023-07-15-23h-08m-02s,ext1,b100,86,375,375,25455306,ok,1.0,auto,1.0,0.008450520833333334,False,True,0.7739575713240673,0.010383029513888888,1.0,0.008450520833333334,masks/PennPAL+acda9df3+2023-07-15-23h-08m-02s/ext1_f00086.png
PennPAL+acda9df3+2023-07-15-23h-14m-43s,ext1,b050,69,326,326,25455306,ok,0.5,auto,1.0,0.014000651041666666,False,True,0.0,0.0037196180555555554,1.0,0.014000651041666666,masks/PennPAL+acda9df3+2023-07-15-23h-14m-43s/ext1_f00069.png
PennPAL+acda9df3+2023-07-15-23h-14m-43s,ext1,b100,89,326,326,25455306,ok,1.0,auto,1.0,0.009475911458333333,False,True,0.05445668502754131,0.008667534722222222,1.0,0.009475911458333333,masks/PennPAL+acda9df3+2023-07-15-23h-14m-43s/ext1_f00089.png
PennPAL+acda9df3+2023-08-16-17h-46m-35s,ext2,b050,0,668,668,27085680,ok,1.0,auto,0.314118372379778,0.007039930555555555,False,True,0.06693523396343348,0.0070030381944444445,0.314118372379778,0.007039930555555555,masks/PennPAL+acda9df3+2023-08-16-17h-46m-35s/ext2_f00000.png
PennPAL+acda9df3+2023-08-16-17h-46m-35s,ext2,b100,96,668,668,27085680,ok,1.0,auto,0.25052013217476443,0.008866102430555555,False,True,0.0,0.004976128472222222,0.25052013217476443,0.008866102430555555,masks/PennPAL+acda9df3+2023-08-16-17h-46m-35s/ext2_f00096.png
PennPAL+acda9df3+2023-08-16-18h-02m-15s,ext1,b050,0,454,454,25455306,ok,0.7592592592592593,auto,0.9862637362637363,0.006714409722222222,False,True,0.6595238095238095,0.0059244791666666664,0.9862637362637363,0.006714409722222222,masks/PennPAL+acda9df3+2023-08-16-18h-02m-15s/ext1_f00000.png
PennPAL+acda9df3+2023-08-16-18h-02m-15s,ext2,b050,0,454,454,27085680,ok,1.0,auto,0.2116892817129341,0.03486545138888889,False,True,0.19373309003964012,0.03449001736111111,0.2116892817129341,0.03486545138888889,masks/PennPAL+acda9df3+2023-08-16-18h-02m-15s/ext2_f00000.png
PennPAL+acda9df3+2023-08-16-18h-02m-15s,ext1,b100,70,454,454,25455306,ok,1.0,auto,1.0,0.01850368923611111,False,True,0.0,0.0015831163194444445,1.0,0.01850368923611111,masks/PennPAL+acda9df3+2023-08-16-18h-02m-15s/ext1_f00070.png
PennPAL+acda9df3+2023-08-16-18h-04m-55s,ext1,b050,0,308,308,25455306,ok,0.7777777777777778,auto,0.9387441100105779,0.011283637152777777,False,True,0.0,0.0014453125,0.9387441100105779,0.011283637152777777,masks/PennPAL+acda9df3+2023-08-16-18h-04m-55s/ext1_f00000.png
PennPAL+acda9df3+2023-08-16-18h-04m-55s,ext2,b050,0,308,308,27085680,ok,1.0,auto,0.2691785983421251,0.014398871527777777,False,True,0.25434061270159736,0.014061414930555556,0.2691785983421251,0.014398871527777777,masks/PennPAL+acda9df3+2023-08-16-18h-04m-55s/ext2_f00000.png
PennPAL+acda9df3+2023-08-16-18h-04m-55s,ext1,b100,31,308,308,25455306,ok,1.0,auto,0.7900293793609989,0.011818576388888889,False,True,0.0,0.002711588541666667,0.7900293793609989,0.011818576388888889,masks/PennPAL+acda9df3+2023-08-16-18h-04m-55s/ext1_f00031.png
PennPAL+acda9df3+2023-08-16-18h-04m-55s,ext2,b100,31,308,308,27085680,ok,1.0,auto,0.33933496782102357,0.01416232638888889,False,True,0.2861301235150657,0.013792317708333333,0.33933496782102357,0.01416232638888889,masks/PennPAL+acda9df3+2023-08-16-18h-04m-55s/ext2_f00031.png
PennPAL+acda9df3+2023-08-23-22h-33m-22s,ext1,b050,0,250,250,25455306,ok,0.6666666666666666,auto,0.3358729414522651,0.018514539930555556,False,True,0.0,0.010513237847222223,0.3358729414522651,0.018514539930555556,masks/PennPAL+acda9df3+2023-08-23-22h-33m-22s/ext1_f00000.png
PennPAL+c5f808b7+2023-10-01-17h-10m-20s,ext1,b050,26,195,195,25455306,ok,0.5,auto,1.0,0.0012348090277777778,False,True,0.008580858085808551,0.004931640625,1.0,0.0012348090277777778,masks/PennPAL+c5f808b7+2023-10-01-17h-10m-20s/ext1_f00026.png
PennPAL+c5f808b7+2023-10-01-17h-10m-20s,ext1,b100,120,195,195,25455306,ok,1.0,auto,1.0,0.003917100694444444,False,True,0.0,0.002736545138888889,1.0,0.003917100694444444,masks/PennPAL+c5f808b7+2023-10-01-17h-10m-20s/ext1_f00120.png
PennPAL+c5f808b7+2023-10-06-19h-32m-56s,ext1,b050,27,153,153,25455306,ok,0.5,auto,1.0,0.009878472222222223,False,True,0.005012252171975984,0.009741753472222222,1.0,0.009878472222222223,masks/PennPAL+c5f808b7+2023-10-06-19h-32m-56s/ext1_f00027.png
PennPAL+c5f808b7+2023-10-06-19h-32m-56s,ext1,b100,52,153,153,25455306,ok,1.0,auto,1.0,0.007433810763888889,False,True,0.0010200178503123603,0.008510199652777778,1.0,0.007433810763888889,masks/PennPAL+c5f808b7+2023-10-06-19h-32m-56s/ext1_f00052.png
PennPAL+c5f808b7+2023-10-06-19h-34m-59s,ext1,b050,55,309,309,25455306,ok,0.5,auto,1.0,0.01714626736111111,False,True,0.0,0.011603732638888888,1.0,0.01714626736111111,masks/PennPAL+c5f808b7+2023-10-06-19h-34m-59s/ext1_f00055.png
PennPAL+c5f808b7+2023-10-06-19h-34m-59s,ext1,b100,109,309,309,25455306,ok,1.0,auto,1.0,0.005630425347222222,False,True,0.6345491267672567,0.009133029513888889,1.0,0.005630425347222222,masks/PennPAL+c5f808b7+2023-10-06-19h-34m-59s/ext1_f00109.png
PennPAL+c5f808b7+2023-10-06-19h-46m-29s,ext1,b050,0,252,252,25455306,ok,0.7037037037037037,auto,1.0,0.013889973958333333,False,True,0.0021424199143031952,0.010635850694444445,1.0,0.013889973958333333,masks/PennPAL+c5f808b7+2023-10-06-19h-46m-29s/ext1_f00000.png
PennPAL+c5f808b7+2023-10-06-19h-46m-29s,ext1,b100,33,252,252,25455306,ok,1.0,auto,1.0,0.010972222222222222,False,True,0.05301123972487842,0.006468098958333333,1.0,0.010972222222222222,masks/PennPAL+c5f808b7+2023-10-06-19h-46m-29s/ext1_f00033.png
PennPAL+c5f808b7+2023-10-06-20h-00m-55s,ext1,b050,38,370,370,25455306,ok,0.5,auto,1.0,0.01314453125,False,True,0.3653904434791393,0.010741102430555555,1.0,0.01314453125,masks/PennPAL+c5f808b7+2023-10-06-20h-00m-55s/ext1_f00038.png
PennPAL+c5f808b7+2023-10-06-20h-00m-55s,ext1,b100,59,370,370,25455306,ok,1.0,auto,1.0,0.011143663194444445,False,True,0.47892004153686396,0.005224609375,1.0,0.011143663194444445,masks/PennPAL+c5f808b7+2023-10-06-20h-00m-55s/ext1_f00059.png
PennPAL+c5f808b7+2023-10-09-20h-56m-13s,ext2,b050,0,118,118,27085680,ok,1.0,auto,0.40479812247381464,0.024966362847222222,False,True,0.39382694490526504,0.024854600694444444,0.40479812247381464,0.024966362847222222,masks/PennPAL+c5f808b7+2023-10-09-20h-56m-13s/ext2_f00000.png
PennPAL+c5f808b7+2023-10-09-21h-09m-54s,ext2,b050,24,72,72,27085680,ok,1.0,auto,0.3346726734039531,0.026735026041666665,False,True,0.319964529001572,0.026919487847222222,0.3346726734039531,0.026735026041666665,masks/PennPAL+c5f808b7+2023-10-09-21h-09m-54s/ext2_f00024.png
PennPAL+c5f808b7+2023-10-09-21h-09m-54s,ext2,b100,31,72,72,27085680,ok,1.0,auto,0.2652929397325754,0.016797960069444444,False,True,0.24020531479436036,0.016700303819444446,0.2652929397325754,0.016797960069444444,masks/PennPAL+c5f808b7+2023-10-09-21h-09m-54s/ext2_f00031.png
PennPAL+c5f808b7+2023-10-09-21h-12m-33s,ext2,b050,0,102,102,27085680,ok,1.0,auto,0.6157285639137295,0.02062717013888889,False,True,0.6130746744618656,0.02041558159722222,0.6157285639137295,0.02062717013888889,masks/PennPAL+c5f808b7+2023-10-09-21h-12m-33s/ext2_f00000.png
PennPAL+c5f808b7+2023-10-09-21h-12m-33s,ext2,b100,35,102,102,27085680,ok,1.0,auto,0.3187111418138755,0.02199001736111111,False,True,0.3134891469449752,0.022145182291666666,0.3187111418138755,0.02199001736111111,masks/PennPAL+c5f808b7+2023-10-09-21h-12m-33s/ext2_f00035.png
PennPAL+c5f808b7+2023-10-30-18h-37m-06s,ext2,b050,0,356,356,27085680,ok,1.0,auto,0.29391589621234715,0.01455295138888889,False,True,0.2881861575178998,0.014548611111111111,0.29391589621234715,0.01455295138888889,masks/PennPAL+c5f808b7+2023-10-30-18h-37m-06s/ext2_f00000.png
PennPAL+c5f808b7+2023-10-30-18h-54m-35s,ext2,b050,0,288,288,27085680,ok,1.0,auto,0.6248800153580342,0.011304253472222222,False,True,0.6335771830725068,0.011717664930555555,0.6248800153580342,0.011304253472222222,masks/PennPAL+c5f808b7+2023-10-30-18h-54m-35s/ext2_f00000.png
PennPAL+c5f808b7+2023-10-30-19h-04m-26s,ext2,b050,0,186,186,27085680,ok,1.0,auto,0.30607744553232774,0.012301432291666666,False,True,0.07140985324947591,0.00828125,0.30607744553232774,0.012301432291666666,masks/PennPAL+c5f808b7+2023-10-30-19h-04m-26s/ext2_f00000.png
PennPAL+c5f808b7+2023-10-30-19h-04m-26s,ext2,b100,22,186,186,27085680,ok,1.0,auto,0.3499725726823917,0.009890407986111112,False,True,0.3565434338852348,0.009568142361111111,0.3499725726823917,0.009890407986111112,masks/PennPAL+c5f808b7+2023-10-30-19h-04m-26s/ext2_f00022.png
PennPAL+c5f808b7+2023-10-30-19h-09m-04s,ext2,b050,0,179,179,27085680,ok,1.0,auto,0.26688725184167816,0.01738064236111111,False,True,0.2286265124318575,0.016321614583333335,0.26688725184167816,0.01738064236111111,masks/PennPAL+c5f808b7+2023-10-30-19h-09m-04s/ext2_f00000.png
PennPAL+c5f808b7+2023-10-30-19h-09m-04s,ext2,b100,24,179,179,27085680,ok,1.0,auto,0.2511116500929744,0.013421223958333334,False,True,0.24313501144164762,0.013276909722222223,0.2511116500929744,0.013421223958333334,masks/PennPAL+c5f808b7+2023-10-30-19h-09m-04s/ext2_f00024.png
PennPAL+c5f808b7+2023-10-31-13h-45m-44s,ext1,b050,0,195,195,25455306,ok,1.0,auto,0.3671076222319135,0.022392578125,False,True,0.018540127058213396,0.008369140625,0.3671076222319135,0.022392578125,masks/PennPAL+c5f808b7+2023-10-31-13h-45m-44s/ext1_f00000.png
PennPAL+c5f808b7+2023-10-31-13h-45m-44s,ext2,b050,0,195,195,27085680,ok,1.0,auto,0.5588158919761101,0.016714409722222223,False,True,0.05639594654134239,0.007388237847222222,0.5588158919761101,0.016714409722222223,masks/PennPAL+c5f808b7+2023-10-31-13h-45m-44s/ext2_f00000.png
PennPAL+c5f808b7+2023-10-31-13h-53m-12s,ext1,b050,0,275,275,25455306,ok,0.6666666666666666,auto,0.2481497418244406,0.05043402777777778,False,True,0.0,0.031875,0.2481497418244406,0.05043402777777778,masks/PennPAL+c5f808b7+2023-10-31-13h-53m-12s/ext1_f00000.png
PennPAL+c5f808b7+2023-10-31-13h-53m-12s,ext2,b050,0,275,275,27085680,ok,1.0,auto,0.20269670402840967,0.019555121527777778,False,True,0.0,0.012286241319444445,0.20269670402840967,0.019555121527777778,masks/PennPAL+c5f808b7+2023-10-31-13h-53m-12s/ext2_f00000.png
PennPAL+c5f808b7+2023-10-31-13h-53m-12s,ext2,b100,18,275,275,27085680,ok,1.0,auto,0.2916937540631095,0.021698133680555554,False,True,0.2583977930437604,0.020059678819444444,0.2916937540631095,0.021698133680555554,masks/PennPAL+c5f808b7+2023-10-31-13h-53m-12s/ext2_f00018.png
PennPAL+c5f808b7+2023-10-31-14h-01m-30s,ext2,b050,0,318,318,27085680,ok,1.0,auto,0.9989817151458804,0.049016927083333335,False,True,0.0,0.003234592013888889,0.9989817151458804,0.049016927083333335,masks/PennPAL+c5f808b7+2023-10-31-14h-01m-30s/ext2_f00000.png
RAD+62828209+2023-09-09-07h-35m-49s,ext1,b050,0,466,466,32907025,ok,1.0,auto,1.0,0.011493055555555555,False,True,1.0,0.011436631944444444,1.0,0.011493055555555555,masks/RAD+62828209+2023-09-09-07h-35m-49s/ext1_f00000.png
RAD+62828209+2023-09-09-07h-35m-49s,ext2,b050,0,466,466,35215462,ok,1.0,auto,1.0,0.012685546875,False,True,1.0,0.012470703125,1.0,0.012685546875,masks/RAD+62828209+2023-09-09-07h-35m-49s/ext2_f00000.png
RAD+62828209+2023-11-26-13h-42m-00s,ext1,b050,0,536,536,32907025,ok,1.0,auto,1.0,0.004203559027777777,False,True,0.8964945523448602,0.004581163194444444,1.0,0.004203559027777777,masks/RAD+62828209+2023-11-26-13h-42m-00s/ext1_f00000.png
RAD+62828209+2023-11-26-13h-42m-00s,ext2,b050,0,536,536,35215462,ok,1.0,auto,0.6016030174446017,0.004602864583333333,False,True,0.027272727272727226,0.001193576388888889,0.6016030174446017,0.004602864583333333,masks/RAD+62828209+2023-11-26-13h-42m-00s/ext2_f00000.png
RAD+62828209+2023-11-26-13h-45m-02s,ext1,b050,0,1347,1347,32907025,ok,1.0,auto,1.0,0.003046875,False,True,0.9989200863930886,0.0030143229166666665,1.0,0.003046875,masks/RAD+62828209+2023-11-26-13h-45m-02s/ext1_f00000.png
RAD+62828209+2023-11-26-13h-45m-02s,ext2,b050,0,1347,1347,35215462,ok,1.0,auto,0.5809983896940418,0.003369140625,False,True,0.0,0.0005750868055555556,0.5809983896940418,0.003369140625,masks/RAD+62828209+2023-11-26-13h-45m-02s/ext2_f00000.png
RAD+62828209+2023-12-21-12h-04m-35s,ext1,b050,0,165,165,32907025,ok,1.0,auto,0.9744467860906217,0.008237847222222223,False,True,0.9748833379083173,0.007905815972222223,0.9744467860906217,0.008237847222222223,masks/RAD+62828209+2023-12-21-12h-04m-35s/ext1_f00000.png
RAD+62828209+2023-12-21-12h-04m-35s,ext2,b050,0,165,165,35215462,ok,1.0,auto,1.0,0.005207248263888889,False,True,1.0,0.00248046875,1.0,0.005207248263888889,masks/RAD+62828209+2023-12-21-12h-04m-35s/ext2_f00000.png
RAD+c6cf6b42+2023-08-31-16h-20m-36s,ext1,b050,0,279,279,32907025,ok,1.0,auto,0.5194884726224784,0.03012152777777778,False,True,0.0,0.017062717013888888,0.5194884726224784,0.03012152777777778,masks/RAD+c6cf6b42+2023-08-31-16h-20m-36s/ext1_f00000.png
RAIL+80edfcb1+2023-04-12-14h-27m-18s,ext2,b050,24,182,182,24259877,ok,0.5,auto,0.7664441390143334,0.011052517361111111,False,True,0.0,0.001296657986111111,0.7664441390143334,0.011052517361111111,masks/RAIL+80edfcb1+2023-04-12-14h-27m-18s/ext2_f00024.png
RAIL+80edfcb1+2023-04-12-14h-27m-18s,ext2,b100,36,182,182,24259877,ok,1.0,auto,0.9143545178515339,0.020726996527777777,False,True,0.017147756501857625,0.0037966579861111113,0.9143545178515339,0.020726996527777777,masks/RAIL+80edfcb1+2023-04-12-14h-27m-18s/ext2_f00036.png
RAIL+80edfcb1+2023-04-12-14h-28m-45s,ext2,b050,61,234,234,24259877,ok,0.5185185185185185,auto,0.6426701570680629,0.002486979166666667,False,True,0.016420361247947435,0.001982421875,0.6426701570680629,0.002486979166666667,masks/RAIL+80edfcb1+2023-04-12-14h-28m-45s/ext2_f00061.png
RAIL+80edfcb1+2023-04-12-14h-28m-45s,ext2,b100,75,234,234,24259877,ok,1.0,auto,0.901222555945683,0.02564995659722222,False,True,0.0,0.005753038194444444,0.901222555945683,0.02564995659722222,masks/RAIL+80edfcb1+2023-04-12-14h-28m-45s/ext2_f00075.png
RAIL+80edfcb1+2023-04-12-16h-41m-22s,ext2,b050,27,186,186,24259877,ok,0.5555555555555556,auto,0.2638865996373826,0.01316623263888889,False,True,0.00011189437171310601,0.009697265625,0.2638865996373826,0.01316623263888889,masks/RAIL+80edfcb1+2023-04-12-16h-41m-22s/ext2_f00027.png
RAIL+80edfcb1+2023-04-17-14h-48m-05s,ext2,b050,21,166,166,24259877,ok,0.5185185185185185,auto,0.20626895854398386,0.012877604166666667,False,True,0.0,0.009917534722222222,0.20626895854398386,0.012877604166666667,masks/RAIL+80edfcb1+2023-04-17-14h-48m-05s/ext2_f00021.png
RAIL+80edfcb1+2023-04-17-15h-03m-37s,ext1,b100,50,250,250,20521388,ok,1.0,auto,0.2846334902488231,0.019361979166666668,False,True,0.0,0.011959635416666666,0.2846334902488231,0.019361979166666668,masks/RAIL+80edfcb1+2023-04-17-15h-03m-37s/ext1_f00050.png
RAIL+80edfcb1+2023-06-21-12h-48m-40s,ext1,b050,54,464,464,20521388,ok,0.5,auto,0.9822192320630496,0.022579210069444446,False,True,0.0005813953488371659,0.0018663194444444445,0.9822192320630496,0.022579210069444446,masks/RAIL+80edfcb1+2023-06-21-12h-48m-40s/ext1_f00054.png
RAIL+80edfcb1+2023-06-21-12h-48m-40s,ext1,b100,69,464,464,20521388,ok,1.0,auto,1.0,0.014243706597222221,False,True,0.9999102575608005,0.012090928819444444,1.0,0.014243706597222221,masks/RAIL+80edfcb1+2023-06-21-12h-48m-40s/ext1_f00069.png
RAIL+80edfcb1+2023-06-21-12h-55m-12s,ext1,b050,80,205,205,20521388,ok,0.5370370370370371,auto,1.0,0.01095703125,False,True,0.0,0.0014670138888888888,1.0,0.01095703125,masks/RAIL+80edfcb1+2023-06-21-12h-55m-12s/ext1_f00080.png
RAIL+80edfcb1+2023-06-21-12h-55m-12s,ext1,b100,94,205,205,20521388,ok,1.0,auto,0.9283283088592823,0.011157769097222223,False,True,0.15543071161048694,0.00173828125,0.9283283088592823,0.011157769097222223,masks/RAIL+80edfcb1+2023-06-21-12h-55m-12s/ext1_f00094.png
RAIL+80edfcb1+2023-06-26-13h-19m-06s,ext1,b050,33,171,171,20521388,ok,0.5,auto,0.22249184501551433,0.027276475694444444,False,True,0.0,0.021421440972222223,0.22249184501551433,0.027276475694444444,masks/RAIL+80edfcb1+2023-06-26-13h-19m-06s/ext1_f00033.png
RAIL+80edfcb1+2023-06-26-15h-37m-34s,ext1,b050,50,157,157,20521388,ok,0.5,auto,0.9914323863214896,0.02925564236111111,False,True,0.0,0.0035221354166666665,0.9914323863214896,0.02925564236111111,masks/RAIL+80edfcb1+2023-06-26-15h-37m-34s/ext1_f00050.png
RAIL+80edfcb1+2023-06-26-15h-37m-34s,ext1,b100,58,157,157,20521388,ok,1.0,auto,1.0,0.026410590277777778,False,True,0.0,0.0031369357638888888,1.0,0.026410590277777778,masks/RAIL+80edfcb1+2023-06-26-15h-37m-34s/ext1_f00058.png
RAIL+80edfcb1+2023-06-29-12h-52m-47s,ext1,b050,38,147,147,20521388,ok,0.5740740740740741,auto,0.6414757920724181,0.01582248263888889,False,True,0.0,0.0008365885416666667,0.6414757920724181,0.01582248263888889,masks/RAIL+80edfcb1+2023-06-29-12h-52m-47s/ext1_f00038.png
RAIL+80edfcb1+2023-06-29-12h-52m-47s,ext1,b100,45,147,147,20521388,ok,1.0,auto,0.561405898780737,0.031859809027777776,False,True,0.00887761572606216,0.008555772569444444,0.561405898780737,0.031859809027777776,masks/RAIL+80edfcb1+2023-06-29-12h-52m-47s/ext1_f00045.png
RAIL+80edfcb1+2023-06-29-13h-10m-09s,ext1,b050,27,143,143,20521388,ok,0.5,auto,0.9461394568793137,0.016821831597222222,False,True,0.5212506106497313,0.006663411458333333,0.9461394568793137,0.016821831597222222,masks/RAIL+80edfcb1+2023-06-29-13h-10m-09s/ext1_f00027.png
RAIL+80edfcb1+2023-06-29-13h-10m-09s,ext1,b100,34,143,143,20521388,ok,1.0,auto,0.9688852459016394,0.03309461805555555,False,True,0.34350266225356163,0.007540147569444444,0.9688852459016394,0.03309461805555555,masks/RAIL+80edfcb1+2023-06-29-13h-10m-09s/ext1_f00034.png
RAIL+80edfcb1+2023-06-29-13h-10m-31s,ext1,b050,27,137,137,20521388,ok,0.6296296296296297,auto,0.9766009852216748,0.005286458333333333,False,True,0.04852900742370081,0.00789279513888889,0.9766009852216748,0.005286458333333333,masks/RAIL+80edfcb1+2023-06-29-13h-10m-31s/ext1_f00027.png
RAIL+80edfcb1+2023-06-29-13h-10m-31s,ext1,b100,36,137,137,20521388,ok,1.0,auto,0.737740271917487,0.02314453125,False,True,0.27623807360290775,0.009552951388888889,0.737740271917487,0.02314453125,masks/RAIL+80edfcb1+2023-06-29-13h-10m-31s/ext1_f00036.png
RAIL+80edfcb1+2023-06-29-13h-13m-23s,ext1,b050,67,205,205,20521388,ok,0.5740740740740741,auto,0.7077015643802647,0.018033854166666665,False,True,0.07161125319693096,0.0033940972222222224,0.7077015643802647,0.018033854166666665,masks/RAIL+80edfcb1+2023-06-29-13h-13m-23s/ext1_f00067.png
RAIL+80edfcb1+2023-06-29-13h-13m-23s,ext1,b100,78,205,205,20521388,ok,1.0,auto,0.7990068104426787,0.038237847222222225,False,True,0.0,0.003564453125,0.7990068104426787,0.038237847222222225,masks/RAIL+80edfcb1+2023-06-29-13h-13m-23s/ext1_f00078.png
RAIL+80edfcb1+2023-06-29-13h-23m-42s,ext1,b050,12,100,100,20521388,ok,0.7777777777777778,auto,1.0,0.010134548611111112,False,True,0.010308135668366192,0.009789496527777778,1.0,0.010134548611111112,masks/RAIL+80edfcb1+2023-06-29-13h-23m-42s/ext1_f00012.png
RAIL+80edfcb1+2023-06-29-13h-23m-42s,ext1,b100,20,100,100,20521388,ok,1.0,auto,1.0,0.006864149305555556,False,True,0.2428363283147159,0.0022341579861111112,1.0,0.006864149305555556,masks/RAIL+80edfcb1+2023-06-29-13h-23m-42s/ext1_f00020.png
RAIL+80edfcb1+2023-06-29-13h-25m-27s,ext1,b050,29,225,225,20521388,ok,0.5,auto,1.0,0.00822482638888889,False,True,0.013430589324997078,0.009371744791666666,1.0,0.00822482638888889,masks/RAIL+80edfcb1+2023-06-29-13h-25m-27s/ext1_f00029.png
RAIL+80edfcb1+2023-06-29-13h-25m-27s,ext1,b100,35,225,225,20521388,ok,1.0,auto,0.9785499411431312,0.024888237847222223,False,True,0.0,0.0022298177083333332,0.9785499411431312,0.024888237847222223,masks/RAIL+80edfcb1+2023-06-29-13h-25m-27s/ext1_f00035.png
RAIL+80edfcb1+2023-06-30-14h-06m-39s,ext1,b050,29,212,212,20521388,ok,0.5555555555555556,auto,0.9825412221144519,0.0011187065972222223,False,True,0.0,0.009522569444444445,0.9825412221144519,0.0011187065972222223,masks/RAIL+80edfcb1+2023-06-30-14h-06m-39s/ext1_f00029.png
RAIL+80edfcb1+2023-07-05-18h-03m-50s,ext1,b050,19,136,136,20521388,ok,0.5555555555555556,auto,0.397075647075647,0.0303515625,False,True,0.0,0.018655598958333332,0.397075647075647,0.0303515625,masks/RAIL+80edfcb1+2023-07-05-18h-03m-50s/ext1_f00019.png
RAIL+80edfcb1+2023-07-05-18h-03m-50s,ext1,b100,26,136,136,20521388,ok,1.0,auto,0.7429533678756477,0.020941840277777776,False,True,0.3285565117200159,0.030135633680555555,0.7429533678756477,0.020941840277777776,masks/RAIL+80edfcb1+2023-07-05-18h-03m-50s/ext1_f00026.png
RAIL+80edfcb1+2023-07-05-18h-38m-38s,ext1,b050,60,153,153,20521388,ok,0.5370370370370371,auto,0.6192561419472247,0.01907986111111111,False,True,0.0,0.009699435763888889,0.6192561419472247,0.01907986111111111,masks/RAIL+80edfcb1+2023-07-05-18h-38m-38s/ext1_f00060.png
RAIL+80edfcb1+2023-07-05-18h-40m-16s,ext1,b050,19,85,85,20521388,ok,0.5,auto,0.9973144876325089,0.007676866319444444,False,True,0.0,0.015340711805555556,0.9973144876325089,0.007676866319444444,masks/RAIL+80edfcb1+2023-07-05-18h-40m-16s/ext1_f00019.png
RAIL+80edfcb1+2023-07-13-20h-28m-53s,ext1,b050,14,64,64,20521388,ok,0.5,auto,0.7476026353426649,0.046279296875,False,True,0.0,0.015098741319444444,0.7476026353426649,0.046279296875,masks/RAIL+80edfcb1+2023-07-13-20h-28m-53s/ext1_f00014.png
RAIL+80edfcb1+2023-07-13-20h-29m-29s,ext1,b050,15,69,69,20521388,ok,0.5,auto,0.8975713631095178,0.04025499131944445,False,True,0.0,0.009212239583333334,0.8975713631095178,0.04025499131944445,masks/RAIL+80edfcb1+2023-07-13-20h-29m-29s/ext1_f00015.png
RAIL+80edfcb1+2023-07-13-20h-53m-43s,ext1,b050,28,146,146,20521388,ok,0.7962962962962963,auto,0.8654410628765642,0.014047309027777777,False,True,0.0,0.05168077256944444,0.8654410628765642,0.014047309027777777,masks/RAIL+80edfcb1+2023-07-13-20h-53m-43s/ext1_f00028.png
RAIL+80edfcb1+2023-07-13-21h-23m-04s,ext1,b050,99,169,169,20521388,ok,0.5,auto,0.38904312419026466,0.005862630208333333,False,True,0.0,0.008580729166666667,0.38904312419026466,0.005862630208333333,masks/RAIL+80edfcb1+2023-07-13-21h-23m-04s/ext1_f00099.png
RAIL+80edfcb1+2023-07-13-21h-25m-37s,ext1,b050,59,123,123,20521388,ok,0.5,auto,1.0,0.004867621527777778,False,True,0.0,0.009453125,1.0,0.004867621527777778,masks/RAIL+80edfcb1+2023-07-13-21h-25m-37s/ext1_f00059.png
RAIL+80edfcb1+2023-07-14-13h-01m-11s,ext1,b050,26,110,110,20521388,ok,0.5,auto,0.9589408839154515,0.0383984375,False,True,0.0,0.005926649305555556,0.9589408839154515,0.0383984375,masks/RAIL+80edfcb1+2023-07-14-13h-01m-11s/ext1_f00026.png
RAIL+80edfcb1+2023-07-14-13h-06m-12s,ext1,b100,50,109,109,20521388,ok,1.0,auto,0.5325400518513594,0.06529079861111112,False,True,0.0,0.037196180555555555,0.5325400518513594,0.06529079861111112,masks/RAIL+80edfcb1+2023-07-14-13h-06m-12s/ext1_f00050.png
RAIL+80edfcb1+2023-07-14-13h-07m-46s,ext1,b050,28,95,95,20521388,ok,0.5185185185185185,auto,0.7748424394635833,0.04579644097222222,False,True,0.0,0.012335069444444444,0.7748424394635833,0.04579644097222222,masks/RAIL+80edfcb1+2023-07-14-13h-07m-46s/ext1_f00028.png
RAIL+80edfcb1+2023-07-14-13h-09m-38s,ext1,b050,31,120,120,20521388,ok,0.5,auto,0.9887750402947272,0.03769965277777778,False,True,0.0,0.006385633680555555,0.9887750402947272,0.03769965277777778,masks/RAIL+80edfcb1+2023-07-14-13h-09m-38s/ext1_f00031.png
RAIL+80edfcb1+2023-07-14-13h-09m-58s,ext1,b050,22,99,99,20521388,ok,0.5,auto,0.7275185936443542,0.049749348958333335,False,True,0.0,0.01763454861111111,0.7275185936443542,0.049749348958333335,masks/RAIL+80edfcb1+2023-07-14-13h-09m-58s/ext1_f00022.png
RAIL+80edfcb1+2023-07-14-13h-12m-28s,ext1,b050,30,97,97,20521388,ok,0.5555555555555556,auto,0.7986854917234664,0.017829861111111112,False,True,0.0,0.02336480034722222,0.7986854917234664,0.017829861111111112,masks/RAIL+80edfcb1+2023-07-14-13h-12m-28s/ext1_f00030.png
RAIL+80edfcb1+2023-07-14-13h-19m-22s,ext1,b050,38,124,124,20521388,ok,0.5,auto,0.7508440867674946,0.04692057291666667,False,True,0.0,0.011952039930555556,0.7508440867674946,0.04692057291666667,masks/RAIL+80edfcb1+2023-07-14-13h-19m-22s/ext1_f00038.png
RAIL+80edfcb1+2023-07-14-14h-50m-00s,ext2,b050,34,137,137,24259877,ok,0.5,auto,0.9219723652126794,0.004004991319444444,False,True,0.0,0.012404513888888889,0.9219723652126794,0.004004991319444444,masks/RAIL+80edfcb1+2023-07-14-14h-50m-00s/ext2_f00034.png
RAIL+80edfcb1+2023-07-14-14h-51m-14s,ext2,b050,31,117,117,24259877,ok,0.5,auto,0.21298339333410754,0.009343532986111111,False,True,0.0,0.008271484375,0.21298339333410754,0.009343532986111111,masks/RAIL+80edfcb1+2023-07-14-14h-51m-14s/ext2_f00031.png
RAIL+80edfcb1+2023-07-14-15h-51m-50s,ext1,b050,31,156,156,20521388,ok,0.7777777777777778,auto,0.3399596112583617,0.017194010416666666,False,True,0.0,0.0109765625,0.3399596112583617,0.017194010416666666,masks/RAIL+80edfcb1+2023-07-14-15h-51m-50s/ext1_f00031.png
RAIL+80edfcb1+2023-07-14-15h-51m-50s,ext2,b050,31,156,156,24259877,ok,0.5555555555555556,auto,1.0,0.001484375,False,True,0.0,0.007662760416666667,1.0,0.001484375,masks/RAIL+80edfcb1+2023-07-14-15h-51m-50s/ext2_f00031.png
RAIL+80edfcb1+2023-07-14-15h-52m-54s,ext1,b050,24,126,126,20521388,ok,0.7962962962962963,auto,0.2772981690541695,0.03431315104166666,False,True,0.0,0.025577256944444446,0.2772981690541695,0.03431315104166666,masks/RAIL+80edfcb1+2023-07-14-15h-52m-54s/ext1_f00024.png
RAIL+80edfcb1+2023-07-14-15h-55m-55s,ext1,b050,16,112,112,20521388,ok,0.8333333333333334,auto,0.24042768386071378,0.022529296875,False,True,0.0,0.01816623263888889,0.24042768386071378,0.022529296875,masks/RAIL+80edfcb1+2023-07-14-15h-55m-55s/ext1_f00016.png
RAIL+80edfcb1+2023-07-14-15h-55m-55s,ext2,b050,16,112,112,24259877,ok,0.5555555555555556,auto,1.0,0.0013172743055555555,False,True,0.0,0.00962890625,1.0,0.0013172743055555555,masks/RAIL+80edfcb1+2023-07-14-15h-55m-55s/ext2_f00016.png
RAIL+80edfcb1+2023-07-14-16h-04m-10s,ext1,b050,38,134,134,20521388,ok,0.8333333333333334,auto,0.3785941600133996,0.019434678819444443,False,True,0.0,0.012794053819444444,0.3785941600133996,0.019434678819444443,masks/RAIL+80edfcb1+2023-07-14-16h-04m-10s/ext1_f00038.png
RAIL+80edfcb1+2023-07-14-16h-04m-10s,ext2,b050,38,134,134,24259877,ok,0.5,auto,1.0,0.0015690104166666667,False,True,0.0,0.009626736111111112,1.0,0.0015690104166666667,masks/RAIL+80edfcb1+2023-07-14-16h-04m-10s/ext2_f00038.png
RAIL+80edfcb1+2023-07-14-16h-07m-12s,ext1,b050,20,113,113,20521388,ok,0.7222222222222222,auto,0.5007342143906021,0.016995442708333332,False,True,0.0,0.009605034722222221,0.5007342143906021,0.016995442708333332,masks/RAIL+80edfcb1+2023-07-14-16h-07m-12s/ext1_f00020.png
RAIL+80edfcb1+2023-07-14-16h-07m-12s,ext1,b100,29,113,113,20521388,ok,1.0,auto,0.3794079931609319,0.020308159722222222,False,True,0.0,0.012679036458333333,0.3794079931609319,0.020308159722222222,masks/RAIL+80edfcb1+2023-07-14-16h-07m-12s/ext1_f00029.png
RAIL+80edfcb1+2023-07-14-16h-09m-39s,ext1,b050,43,135,135,20521388,ok,0.6666666666666666,auto,0.414620346271359,0.01917751736111111,False,True,0.0,0.0226171875,0.414620346271359,0.01917751736111111,masks/RAIL+80edfcb1+2023-07-14-16h-09m-39s/ext1_f00043.png
RAIL+80edfcb1+2023-07-14-16h-09m-39s,ext2,b050,43,135,135,24259877,ok,0.5185185185185185,auto,0.9968992248062015,0.0013997395833333333,False,True,0.0,0.005443793402777778,0.9968992248062015,0.0013997395833333333,masks/RAIL+80edfcb1+2023-07-14-16h-09m-39s/ext2_f00043.png
RAIL+80edfcb1+2023-07-14-16h-12m-10s,ext1,b050,53,321,321,20521388,ok,0.6666666666666666,auto,0.41148972120529426,0.01926540798611111,False,True,0.0,0.011898871527777778,0.41148972120529426,0.01926540798611111,masks/RAIL+80edfcb1+2023-07-14-16h-12m-10s/ext1_f00053.png
RAIL+80edfcb1+2023-07-14-16h-12m-10s,ext1,b100,70,321,321,20521388,ok,1.0,auto,0.28674768518518523,0.015,False,True,0.0,0.010094401041666666,0.28674768518518523,0.015,masks/RAIL+80edfcb1+2023-07-14-16h-12m-10s/ext1_f00070.png
RAIL+80edfcb1+2023-07-14-16h-18m-11s,ext1,b050,17,117,117,20521388,ok,0.6666666666666666,auto,0.24258970358814358,0.026430121527777777,False,True,0.0,0.02064670138888889,0.24258970358814358,0.026430121527777777,masks/RAIL+80edfcb1+2023-07-14-16h-18m-11s/ext1_f00017.png
RAIL+80edfcb1+2023-07-14-16h-28m-03s,ext1,b050,16,108,108,20521388,ok,0.6111111111111112,auto,0.27379553466509987,0.027701822916666667,False,True,0.0,0.020619574652777778,0.27379553466509987,0.027701822916666667,masks/RAIL+80edfcb1+2023-07-14-16h-28m-03s/ext1_f00016.png
RAIL+80edfcb1+2023-07-14-17h-04m-18s,ext1,b050,23,126,126,20521388,ok,0.5,auto,1.0,0.009456380208333334,False,True,0.0,0.009076605902777778,1.0,0.009456380208333334,masks/RAIL+80edfcb1+2023-07-14-17h-04m-18s/ext1_f00023.png
RAIL+80edfcb1+2023-07-14-17h-07m-42s,ext1,b050,18,112,112,20521388,ok,0.7222222222222222,auto,1.0,0.00869140625,False,True,0.019567775094433082,0.01752278645833333,1.0,0.00869140625,masks/RAIL+80edfcb1+2023-07-14-17h-07m-42s/ext1_f00018.png
RAIL+80edfcb1+2023-07-14-17h-07m-42s,ext2,b050,18,112,112,24259877,ok,0.5185185185185185,auto,1.0,0.0018912760416666668,False,True,0.0,0.03948133680555556,1.0,0.0018912760416666668,masks/RAIL+80edfcb1+2023-07-14-17h-07m-42s/ext2_f00018.png
RAIL+80edfcb1+2023-07-14-17h-08m-56s,ext1,b050,45,139,139,20521388,ok,0.5,auto,0.46120805369127515,0.016167534722222224,False,True,0.0,0.009465060763888889,0.46120805369127515,0.016167534722222224,masks/RAIL+80edfcb1+2023-07-14-17h-08m-56s/ext1_f00045.png
RAIL+80edfcb1+2023-07-14-17h-13m-16s,ext2,b050,20,438,438,24259877,ok,0.5370370370370371,auto,1.0,0.002150607638888889,False,True,0.0,0.0085546875,1.0,0.002150607638888889,masks/RAIL+80edfcb1+2023-07-14-17h-13m-16s/ext2_f00020.png
RAIL+80edfcb1+2023-07-14-17h-29m-27s,ext1,b050,27,110,110,20521388,ok,0.5,auto,1.0,0.008226996527777778,False,True,0.0,0.01261501736111111,1.0,0.008226996527777778,masks/RAIL+80edfcb1+2023-07-14-17h-29m-27s/ext1_f00027.png
RAIL+80edfcb1+2023-07-14-17h-31m-03s,ext1,b050,57,166,166,20521388,ok,0.5,auto,1.0,0.007841796875,False,True,0.0,0.015171440972222222,1.0,0.007841796875,masks/RAIL+80edfcb1+2023-07-14-17h-31m-03s/ext1_f00057.png
RAIL+80edfcb1+2023-07-14-17h-31m-03s,ext1,b100,68,166,166,20521388,ok,1.0,auto,0.22569492463006502,0.015692274305555556,False,True,0.0,0.012570529513888888,0.22569492463006502,0.015692274305555556,masks/RAIL+80edfcb1+2023-07-14-17h-31m-03s/ext1_f00068.png
RAIL+80edfcb1+2023-07-14-17h-34m-46s,ext1,b050,16,112,112,20521388,ok,0.6666666666666666,auto,0.2735228767061171,0.023929036458333334,False,True,0.0,0.01887152777777778,0.2735228767061171,0.023929036458333334,masks/RAIL+80edfcb1+2023-07-14-17h-34m-46s/ext1_f00016.png
RAIL+80edfcb1+2023-07-14-17h-39m-17s,ext1,b050,28,130,130,20521388,ok,0.5925925925925926,auto,0.4642233856893543,0.019274088541666668,False,True,0.0,0.007817925347222223,0.4642233856893543,0.019274088541666668,masks/RAIL+80edfcb1+2023-07-14-17h-39m-17s/ext1_f00028.png
RAIL+80edfcb1+2023-07-14-17h-39m-17s,ext1,b100,49,130,130,20521388,ok,1.0,auto,0.22954977805960686,0.011978081597222223,False,True,0.0,0.010208333333333333,0.22954977805960686,0.011978081597222223,masks/RAIL+80edfcb1+2023-07-14-17h-39m-17s/ext1_f00049.png
RAIL+80edfcb1+2023-07-14-17h-45m-17s,ext1,b050,18,86,86,20521388,ok,0.5370370370370371,auto,0.3095170252172674,0.01523220486111111,False,True,0.0,0.010526258680555555,0.3095170252172674,0.01523220486111111,masks/RAIL+80edfcb1+2023-07-14-17h-45m-17s/ext1_f00018.png
RAIL+80edfcb1+2023-07-15-18h-54m-49s,ext1,b050,18,357,357,20521388,ok,0.5925925925925926,auto,0.4885953057340652,0.03934136284722222,False,True,0.0,0.01269314236111111,0.4885953057340652,0.03934136284722222,masks/RAIL+80edfcb1+2023-07-15-18h-54m-49s/ext1_f00018.png
RAIL+80edfcb1+2023-07-15-18h-54m-49s,ext1,b100,23,357,357,20521388,ok,1.0,auto,0.3875080213903743,0.025363498263888888,False,True,0.0722175615212528,0.015520833333333333,0.3875080213903743,0.025363498263888888,masks/RAIL+80edfcb1+2023-07-15-18h-54m-49s/ext1_f00023.png
RAIL+80edfcb1+2023-07-15-19h-13m-26s,ext1,b050,33,127,127,20521388,ok,0.7962962962962963,auto,0.2768637293177171,0.023346354166666666,False,True,0.1481046492791187,0.026792534722222223,0.2768637293177171,0.023346354166666666,masks/RAIL+80edfcb1+2023-07-15-19h-13m-26s/ext1_f00033.png
RAIL+80edfcb1+2023-07-15-19h-13m-26s,ext1,b100,43,127,127,20521388,ok,1.0,auto,0.2737030411449016,0.014557291666666666,False,True,0.21114776870984542,0.012497829861111111,0.2737030411449016,0.014557291666666666,masks/RAIL+80edfcb1+2023-07-15-19h-13m-26s/ext1_f00043.png
RAIL+80edfcb1+2023-07-21-16h-16m-38s,ext1,b050,19,141,141,20521388,ok,0.8148148148148148,auto,0.32780410742496047,0.013736979166666666,False,True,0.011537116886143783,0.009310980902777778,0.32780410742496047,0.013736979166666666,masks/RAIL+80edfcb1+2023-07-21-16h-16m-38s/ext1_f00019.png
RAIL+80edfcb1+2023-07-21-16h-16m-38s,ext2,b050,19,141,141,24259877,ok,0.5,auto,0.5180676006226372,0.019518229166666668,False,True,0.0,0.001611328125,0.5180676006226372,0.019518229166666668,masks/RAIL+80edfcb1+2023-07-21-16h-16m-38s/ext2_f00019.png
RAIL+80edfcb1+2023-07-21-16h-16m-38s,ext2,b100,25,141,141,24259877,ok,1.0,auto,0.5868802106186923,0.029674479166666667,False,True,0.48685310189649633,0.03375651041666667,0.5868802106186923,0.029674479166666667,masks/RAIL+80edfcb1+2023-07-21-16h-16m-38s/ext2_f00025.png
RAIL+80edfcb1+2023-07-21-16h-25m-10s,ext1,b050,26,91,91,20521388,ok,1.0,auto,1.0,0.0063129340277777776,False,True,0.0,0.021719835069444443,1.0,0.0063129340277777776,masks/RAIL+80edfcb1+2023-07-21-16h-25m-10s/ext1_f00026.png
RAIL+80edfcb1+2023-07-21-16h-25m-10s,ext2,b050,26,91,91,24259877,ok,0.5185185185185185,auto,0.7532281846208838,0.048569878472222223,False,True,0.7196624087591241,0.04756944444444444,0.7532281846208838,0.048569878472222223,masks/RAIL+80edfcb1+2023-07-21-16h-25m-10s/ext2_f00026.png
RAIL+80edfcb1+2023-07-21-16h-25m-10s,ext2,b100,38,91,91,24259877,ok,1.0,auto,0.8610045596004922,0.029984809027777778,False,True,0.8525319558086045,0.02877712673611111,0.8610045596004922,0.029984809027777778,masks/RAIL+80edfcb1+2023-07-21-16h-25m-10s/ext2_f00038.png
RAIL+80edfcb1+2023-07-21-16h-25m-47s,ext2,b050,24,100,100,24259877,ok,0.5185185185185185,auto,1.0,0.02335394965277778,False,True,0.0,0.0016417100694444443,1.0,0.02335394965277778,masks/RAIL+80edfcb1+2023-07-21-16h-25m-47s/ext2_f00024.png
RAIL+80edfcb1+2023-07-21-16h-25m-47s,ext2,b100,39,100,100,24259877,ok,1.0,auto,1.0,0.014549696180555556,False,True,0.9978088401964488,0.014360894097222222,1.0,0.014549696180555556,masks/RAIL+80edfcb1+2023-07-21-16h-25m-47s/ext2_f00039.png
RAIL+80edfcb1+2023-07-21-16h-28m-32s,ext1,b050,16,99,99,20521388,ok,0.8333333333333334,auto,1.0,0.006298828125,False,True,0.0,0.013528645833333333,1.0,0.006298828125,masks/RAIL+80edfcb1+2023-07-21-16h-28m-32s/ext1_f00016.png
RAIL+80edfcb1+2023-07-21-16h-28m-32s,ext2,b050,16,99,99,24259877,ok,0.5,auto,0.6229059700933178,0.02895290798611111,False,True,0.3549180327868853,0.01720920138888889,0.6229059700933178,0.02895290798611111,masks/RAIL+80edfcb1+2023-07-21-16h-28m-32s/ext2_f00016.png
RAIL+80edfcb1+2023-07-21-16h-28m-32s,ext2,b100,26,99,99,24259877,ok,1.0,auto,0.7681422473194178,0.032281901041666665,False,True,0.7633723717553592,0.031686197916666665,0.7681422473194178,0.032281901041666665,masks/RAIL+80edfcb1+2023-07-21-16h-28m-32s/ext2_f00026.png
RAIL+80edfcb1+2023-07-21-16h-39m-33s,ext2,b050,35,126,126,24259877,ok,0.5,auto,0.8329653254824991,0.026536458333333332,False,True,0.4375363160952934,0.005602213541666666,0.8329653254824991,0.026536458333333332,masks/RAIL+80edfcb1+2023-07-21-16h-39m-33s/ext2_f00035.png
RAIL+80edfcb1+2023-07-21-16h-39m-33s,ext2,b100,45,126,126,24259877,ok,1.0,auto,1.0,0.01040256076388889,False,True,0.5772278829047388,0.006708984375,1.0,0.01040256076388889,masks/RAIL+80edfcb1+2023-07-21-16h-39m-33s/ext2_f00045.png
RAIL+80edfcb1+2023-07-21-16h-41m-36s,ext1,b050,31,150,150,20521388,ok,0.8333333333333334,auto,0.9948792977322605,0.004449869791666667,False,True,0.0,0.012037760416666666,0.9948792977322605,0.004449869791666667,masks/RAIL+80edfcb1+2023-07-21-16h-41m-36s/ext1_f00031.png
RAIL+80edfcb1+2023-07-21-16h-41m-36s,ext2,b050,31,150,150,24259877,ok,0.5370370370370371,auto,0.7804273278818253,0.020567491319444443,False,True,0.23221247563352831,0.004453125,0.7804273278818253,0.020567491319444443,masks/RAIL+80edfcb1+2023-07-21-16h-41m-36s/ext2_f00031.png
RAIL+80edfcb1+2023-07-21-16h-41m-36s,ext2,b100,59,150,150,24259877,ok,1.0,auto,0.9951826125924266,0.00968532986111111,False,True,0.44383424862705945,0.006520182291666667,0.9951826125924266,0.00968532986111111,masks/RAIL+80edfcb1+2023-07-21-16h-41m-36s/ext2_f00059.png
RAIL+80edfcb1+2023-07-21-17h-20m-58s,ext1,b050,28,152,152,20521388,ok,0.5740740740740741,auto,0.378801604762521,0.008384331597222221,False,True,0.0,0.012930772569444445,0.378801604762521,0.008384331597222221,masks/RAIL+80edfcb1+2023-07-21-17h-20m-58s/ext1_f00028.png
RAIL+80edfcb1+2023-07-21-17h-26m-45s,ext2,b050,32,118,118,24259877,ok,0.5,auto,1.0,0.0042426215277777775,False,True,0.0,0.020133463541666667,1.0,0.0042426215277777775,masks/RAIL+80edfcb1+2023-07-21-17h-26m-45s/ext2_f00032.png
RAIL+80edfcb1+2023-07-21-17h-38m-05s,ext1,b050,26,93,93,20521388,ok,0.5,auto,0.9918349806617963,0.007574869791666667,False,True,0.0,0.010879991319444445,0.9918349806617963,0.007574869791666667,masks/RAIL+80edfcb1+2023-07-21-17h-38m-05s/ext1_f00026.png
RAIL+80edfcb1+2023-07-21-20h-07m-19s,ext1,b050,26,185,185,20521388,ok,0.6666666666666666,box(auto empty),0.8333333333333334,0.00013020833333333333,True,True,0.0,0.03860134548611111,0.0,0.03860134548611111,masks/RAIL+80edfcb1+2023-07-21-20h-07m-19s/ext1_f00026.png
RAIL+80edfcb1+2023-07-21-20h-13m-36s,ext1,b050,23,135,135,20521388,ok,0.5370370370370371,auto,1.0,0.002007378472222222,False,True,0.0,0.014533420138888888,1.0,0.002007378472222222,masks/RAIL+80edfcb1+2023-07-21-20h-13m-36s/ext1_f00023.png
RAIL+80edfcb1+2023-07-28-15h-04m-39s,ext2,b050,29,139,139,24259877,ok,0.6666666666666666,auto,0.9811147488620937,0.027176649305555557,False,True,0.6639311449159327,0.0054210069444444444,0.9811147488620937,0.027176649305555557,masks/RAIL+80edfcb1+2023-07-28-15h-04m-39s/ext2_f00029.png
RAIL+80edfcb1+2023-07-28-15h-04m-39s,ext2,b100,34,139,139,24259877,ok,1.0,auto,0.9290264461746348,0.01686306423611111,False,True,0.9079087756735129,0.01627170138888889,0.9290264461746348,0.01686306423611111,masks/RAIL+80edfcb1+2023-07-28-15h-04m-39s/ext2_f00034.png
RAIL+80edfcb1+2023-07-28-15h-05m-03s,ext2,b050,0,129,129,24259877,ok,1.0,auto,0.8120107238605898,0.010118272569444444,False,True,0.4391691394658753,0.003291015625,0.8120107238605898,0.010118272569444444,masks/RAIL+80edfcb1+2023-07-28-15h-05m-03s/ext2_f00000.png
RAIL+80edfcb1+2023-08-03-19h-57m-52s,ext1,b100,26,86,86,20521388,ok,1.0,auto,0.24812627753804228,0.009555121527777778,False,True,7.135721421436259e-05,0.015206163194444445,0.24812627753804228,0.009555121527777778,masks/RAIL+80edfcb1+2023-08-03-19h-57m-52s/ext1_f00026.png
RAIL+80edfcb1+2023-08-03-19h-57m-52s,ext2,b100,26,86,86,24259877,ok,1.0,auto,0.24018379281537172,0.0467578125,False,True,0.06441365922527131,0.036891276041666664,0.24018379281537172,0.0467578125,masks/RAIL+80edfcb1+2023-08-03-19h-57m-52s/ext2_f00026.png
RAIL+80edfcb1+2023-08-03-20h-12m-47s,ext1,b050,24,121,121,20521388,ok,0.5185185185185185,auto,0.2725113070492028,0.023751085069444445,False,True,0.031227436823104693,0.0060112847222222225,0.2725113070492028,0.023751085069444445,masks/RAIL+80edfcb1+2023-08-03-20h-12m-47s/ext1_f00024.png
RAIL+80edfcb1+2023-08-03-20h-12m-47s,ext1,b100,43,121,121,20521388,ok,1.0,auto,0.254776258809544,0.025557725694444443,False,True,0.0,0.013079427083333333,0.254776258809544,0.025557725694444443,masks/RAIL+80edfcb1+2023-08-03-20h-12m-47s/ext1_f00043.png
RAIL+80edfcb1+2023-08-03-20h-12m-47s,ext2,b100,43,121,121,24259877,ok,1.0,auto,0.3274227815002452,0.02655815972222222,False,True,0.20104331816089605,0.021216362847222222,0.3274227815002452,0.02655815972222222,masks/RAIL+80edfcb1+2023-08-03-20h-12m-47s/ext2_f00043.png
RAIL+80edfcb1+2023-08-03-20h-31m-55s,ext1,b050,113,242,242,20521388,ok,0.6666666666666666,auto,0.9986745513866232,0.021284722222222222,False,True,0.24417720644135743,0.015699869791666668,0.9986745513866232,0.021284722222222222,masks/RAIL+80edfcb1+2023-08-03-20h-31m-55s/ext1_f00113.png
RAIL+80edfcb1+2023-08-03-20h-31m-55s,ext1,b100,121,242,242,20521388,ok,1.0,auto,0.9956512820512821,0.026448567708333332,False,True,0.34845781289829214,0.004256727430555556,0.9956512820512821,0.026448567708333332,masks/RAIL+80edfcb1+2023-08-03-20h-31m-55s/ext1_f00121.png
RAIL+80edfcb1+2023-08-03-20h-32m-31s,ext1,b050,31,172,172,20521388,ok,0.6666666666666666,auto,0.9810053475935829,0.025363498263888888,False,True,0.03348325837081456,0.006513671875,0.9810053475935829,0.025363498263888888,masks/RAIL+80edfcb1+2023-08-03-20h-32m-31s/ext1_f00031.png
RAIL+80edfcb1+2023-08-03-20h-32m-31s,ext1,b100,37,172,172,20521388,ok,1.0,auto,0.9689406779661017,0.025607638888888888,False,True,0.5872126939680318,0.009300130208333333,0.9689406779661017,0.025607638888888888,masks/RAIL+80edfcb1+2023-08-03-20h-32m-31s/ext1_f00037.png
RAIL+ah6fcd56+2023-05-31-10h-56m-11s,ext1,b050,32,184,184,20521388,ok,0.6296296296296297,auto,1.0,0.009896918402777777,False,True,0.0,0.0015744357638888889,1.0,0.009896918402777777,masks/RAIL+ah6fcd56+2023-05-31-10h-56m-11s/ext1_f00032.png
RAIL+ah6fcd56+2023-05-31-10h-56m-11s,ext2,b050,32,184,184,24259877,ok,0.5,auto,0.49622285174693104,0.00689453125,False,True,0.0,0.0020377604166666665,0.49622285174693104,0.00689453125,masks/RAIL+ah6fcd56+2023-05-31-10h-56m-11s/ext2_f00032.png
RAIL+ah6fcd56+2023-05-31-10h-56m-11s,ext1,b100,37,184,184,20521388,ok,1.0,auto,1.0,0.008522135416666667,False,True,0.0,0.0013313802083333333,1.0,0.008522135416666667,masks/RAIL+ah6fcd56+2023-05-31-10h-56m-11s/ext1_f00037.png
RAIL+ah6fcd56+2023-05-31-10h-56m-11s,ext2,b100,37,184,184,24259877,ok,1.0,auto,0.22533911599151057,0.023517795138888888,False,True,0.0008296107211231973,0.017003038194444445,0.22533911599151057,0.023517795138888888,masks/RAIL+ah6fcd56+2023-05-31-10h-56m-11s/ext2_f00037.png
RAIL+ah6fcd56+2023-05-31-10h-56m-56s,ext1,b050,151,377,377,20521388,ok,0.9259259259259259,auto,0.9999412386884475,0.018465711805555556,False,True,0.0,0.003095703125,0.9999412386884475,0.018465711805555556,masks/RAIL+ah6fcd56+2023-05-31-10h-56m-56s/ext1_f00151.png
RAIL+ah6fcd56+2023-05-31-10h-56m-56s,ext2,b050,151,377,377,24259877,ok,0.5,auto,0.3875928580737652,0.016651475694444445,False,True,0.0,0.009658203125,0.3875928580737652,0.016651475694444445,masks/RAIL+ah6fcd56+2023-05-31-10h-56m-56s/ext2_f00151.png
RAIL+ah6fcd56+2023-05-31-10h-56m-56s,ext1,b100,156,377,377,20521388,ok,1.0,auto,1.0,0.01724175347222222,False,True,0.0,0.0012586805555555556,1.0,0.01724175347222222,masks/RAIL+ah6fcd56+2023-05-31-10h-56m-56s/ext1_f00156.png
RAIL+ah6fcd56+2023-05-31-10h-56m-56s,ext2,b100,156,377,377,24259877,ok,1.0,auto,0.22826135701152517,0.024195963541666667,False,True,0.1071820175438597,0.019791666666666666,0.22826135701152517,0.024195963541666667,masks/RAIL+ah6fcd56+2023-05-31-10h-56m-56s/ext2_f00156.png
RAIL+ah6fcd56+2023-05-31-11h-06m-24s,ext1,b050,34,215,215,20521388,ok,0.5,auto,1.0,0.008946397569444445,False,True,0.0,0.0019900173611111112,1.0,0.008946397569444445,masks/RAIL+ah6fcd56+2023-05-31-11h-06m-24s/ext1_f00034.png
RAIL+ah6fcd56+2023-05-31-11h-06m-24s,ext2,b050,34,215,215,24259877,ok,0.6111111111111112,auto,0.38252933507170794,0.012483723958333333,False,True,0.017420537897310462,0.007100694444444444,0.38252933507170794,0.012483723958333333,masks/RAIL+ah6fcd56+2023-05-31-11h-06m-24s/ext2_f00034.png
RAIL+ah6fcd56+2023-05-31-11h-06m-24s,ext1,b100,40,215,215,20521388,ok,1.0,auto,1.0,0.019761284722222223,False,True,0.0,0.002045355902777778,1.0,0.019761284722222223,masks/RAIL+ah6fcd56+2023-05-31-11h-06m-24s/ext1_f00040.png
RAIL+ah6fcd56+2023-05-31-11h-06m-24s,ext2,b100,40,215,215,24259877,ok,1.0,auto,0.46729936042913145,0.03155598958333333,False,True,0.0,0.014588758680555555,0.46729936042913145,0.03155598958333333,masks/RAIL+ah6fcd56+2023-05-31-11h-06m-24s/ext2_f00040.png
RAIL+ah6fcd56+2023-07-18-16h-26m-31s,ext2,b050,47,279,279,24259877,ok,0.5,auto,0.397253700490938,0.029395616319444446,False,True,0.37452919020715636,0.02765625,0.397253700490938,0.029395616319444446,masks/RAIL+ah6fcd56+2023-07-18-16h-26m-31s/ext2_f00047.png
RAIL+ah6fcd56+2023-07-18-16h-46m-14s,ext2,b050,64,134,134,24259877,ok,0.5,auto,0.2853307229758075,0.03879665798611111,False,True,0.0024614219445233676,0.022923177083333333,0.2853307229758075,0.03879665798611111,masks/RAIL+ah6fcd56+2023-07-18-16h-46m-14s/ext2_f00064.png
RAIL+ah6fcd56+2023-07-18-16h-46m-58s,ext1,b050,25,158,158,20521388,ok,0.8518518518518519,auto,0.34481446241674596,0.02280815972222222,False,True,0.0,0.01489040798611111,0.34481446241674596,0.02280815972222222,masks/RAIL+ah6fcd56+2023-07-18-16h-46m-58s/ext1_f00025.png
RAIL+c3d50939+2023-10-14-11h-14m-02s,ext1,b050,323,731,731,20521388,ok,0.5,auto,0.4043099025141098,0.00845920138888889,False,True,0.0,0.003936631944444445,0.4043099025141098,0.00845920138888889,masks/RAIL+c3d50939+2023-10-14-11h-14m-02s/ext1_f00323.png
RAIL+c3d50939+2023-11-20-17h-05m-00s,ext2,b050,41,226,226,24259877,ok,0.5,auto,0.6840179671085995,0.029954427083333332,False,True,0.6269047516847663,0.025278862847222222,0.6840179671085995,0.029954427083333332,masks/RAIL+c3d50939+2023-11-20-17h-05m-00s/ext2_f00041.png
RAIL+c3d50939+2023-11-20-17h-05m-00s,ext2,b100,145,226,226,24259877,ok,1.0,auto,0.5776652057601457,0.019063585069444444,False,True,0.47159835298521435,0.023190104166666666,0.5776652057601457,0.019063585069444444,masks/RAIL+c3d50939+2023-11-20-17h-05m-00s/ext2_f00145.png
RAIL+d027f2ae+2023-05-30-17h-05m-27s,ext1,b050,17,146,146,20521388,ok,0.5,auto,1.0,0.015808376736111112,False,True,0.042944785276073594,0.00017686631944444444,1.0,0.015808376736111112,masks/RAIL+d027f2ae+2023-05-30-17h-05m-27s/ext1_f00017.png
RAIL+d027f2ae+2023-05-30-17h-05m-27s,ext1,b100,26,146,146,20521388,ok,1.0,auto,1.0,0.011640625,False,True,0.9619047619047619,0.0042154947916666664,1.0,0.011640625,masks/RAIL+d027f2ae+2023-05-30-17h-05m-27s/ext1_f00026.png
RAIL+d027f2ae+2023-06-05-17h-08m-47s,ext2,b050,0,70,70,24259877,ok,0.5,auto,1.0,0.004702690972222222,False,True,0.0,0.009619140625,1.0,0.004702690972222222,masks/RAIL+d027f2ae+2023-06-05-17h-08m-47s/ext2_f00000.png
RAIL+d027f2ae+2023-06-05-17h-08m-47s,ext2,b100,26,70,70,24259877,ok,1.0,auto,0.9570796460176991,0.007356770833333333,False,True,0.00015501472639900538,0.006999782986111111,0.9570796460176991,0.007356770833333333,masks/RAIL+d027f2ae+2023-06-05-17h-08m-47s/ext2_f00026.png
RAIL+d027f2ae+2023-06-06-14h-20m-40s,ext1,b050,38,127,127,20521388,ok,1.0,auto,0.3474118979415095,0.016287977430555555,False,True,0.0,0.010933159722222223,0.3474118979415095,0.016287977430555555,masks/RAIL+d027f2ae+2023-06-06-14h-20m-40s/ext1_f00038.png
RAIL+d027f2ae+2023-06-06-14h-20m-40s,ext2,b050,38,127,127,24259877,ok,0.5555555555555556,auto,0.2026249550521395,0.0120703125,False,True,0.0,0.009810112847222222,0.2026249550521395,0.0120703125,masks/RAIL+d027f2ae+2023-06-06-14h-20m-40s/ext2_f00038.png
RAIL+d027f2ae+2023-06-06-14h-20m-40s,ext1,b100,44,127,127,20521388,ok,1.0,auto,0.9732670189617656,0.006981336805555556,False,True,0.0,0.0025444878472222223,0.9732670189617656,0.006981336805555556,masks/RAIL+d027f2ae+2023-06-06-14h-20m-40s/ext1_f00044.png
RAIL+d027f2ae+2023-06-06-14h-23m-54s,ext1,b050,58,147,147,20521388,ok,1.0,auto,0.2165404361307376,0.021346571180555555,False,True,0.0,0.016116536458333334,0.2165404361307376,0.021346571180555555,masks/RAIL+d027f2ae+2023-06-06-14h-23m-54s/ext1_f00058.png
RAIL+d027f2ae+2023-06-06-14h-23m-54s,ext2,b050,58,147,147,24259877,ok,0.5555555555555556,auto,0.9982876712328768,0.002534722222222222,False,True,0.0,0.012205946180555555,0.9982876712328768,0.002534722222222222,masks/RAIL+d027f2ae+2023-06-06-14h-23m-54s/ext2_f00058.png
RAIL+d027f2ae+2023-06-06-14h-23m-54s,ext1,b100,64,147,147,20521388,ok,1.0,auto,0.9996555287633483,0.006299913194444445,False,True,0.0,0.003898654513888889,0.9996555287633483,0.006299913194444445,masks/RAIL+d027f2ae+2023-06-06-14h-23m-54s/ext1_f00064.png
RAIL+d027f2ae+2023-06-06-14h-54m-42s,ext1,b050,45,179,179,20521388,ok,1.0,auto,0.993012005017022,0.006055772569444445,False,True,0.0,0.001025390625,0.993012005017022,0.006055772569444445,masks/RAIL+d027f2ae+2023-06-06-14h-54m-42s/ext1_f00045.png
RAIL+d027f2ae+2023-06-06-14h-54m-42s,ext2,b050,45,179,179,24259877,ok,0.5,auto,1.0,0.005533854166666667,False,True,0.0,0.011705729166666666,1.0,0.005533854166666667,masks/RAIL+d027f2ae+2023-06-06-14h-54m-42s/ext2_f00045.png
RAIL+d027f2ae+2023-06-06-14h-54m-42s,ext2,b100,60,179,179,24259877,ok,1.0,auto,1.0,0.006213107638888889,False,True,0.0010445682451253324,0.0031163194444444446,1.0,0.006213107638888889,masks/RAIL+d027f2ae+2023-06-06-14h-54m-42s/ext2_f00060.png
RAIL+d027f2ae+2023-06-06-15h-00m-25s,ext2,b050,43,162,162,24259877,ok,0.5,auto,1.0,0.010938585069444444,False,True,0.0,0.008174913194444444,1.0,0.010938585069444444,masks/RAIL+d027f2ae+2023-06-06-15h-00m-25s/ext2_f00043.png
RAIL+d027f2ae+2023-06-06-15h-00m-25s,ext1,b100,50,162,162,20521388,ok,1.0,auto,1.0,0.003611111111111111,False,True,0.0,0.003924696180555556,1.0,0.003611111111111111,masks/RAIL+d027f2ae+2023-06-06-15h-00m-25s/ext1_f00050.png
RAIL+d027f2ae+2023-06-06-15h-00m-25s,ext2,b100,50,162,162,24259877,ok,1.0,auto,1.0,0.010378689236111112,False,True,0.0,0.008588324652777778,1.0,0.010378689236111112,masks/RAIL+d027f2ae+2023-06-06-15h-00m-25s/ext2_f00050.png
RAIL+d027f2ae+2023-06-06-15h-08m-34s,ext1,b050,48,177,177,20521388,ok,0.5740740740740741,auto,1.0,0.004465060763888889,False,True,0.001117675235510096,0.01359157986111111,1.0,0.004465060763888889,masks/RAIL+d027f2ae+2023-06-06-15h-08m-34s/ext1_f00048.png
RAIL+d027f2ae+2023-06-06-15h-08m-34s,ext2,b050,48,177,177,24259877,ok,0.5370370370370371,auto,1.0,0.004139539930555556,False,True,0.0,0.005115017361111111,1.0,0.004139539930555556,masks/RAIL+d027f2ae+2023-06-06-15h-08m-34s/ext2_f00048.png
RAIL+d027f2ae+2023-06-06-15h-08m-34s,ext1,b100,83,177,177,20521388,ok,1.0,auto,1.0,0.0015169270833333332,False,True,0.0003992812936713941,0.005435112847222222,1.0,0.0015169270833333332,masks/RAIL+d027f2ae+2023-06-06-15h-08m-34s/ext1_f00083.png
RAIL+d027f2ae+2023-06-06-15h-08m-34s,ext2,b100,83,177,177,24259877,ok,1.0,auto,1.0,0.006525607638888889,False,True,0.32345971563981046,0.0009157986111111112,1.0,0.006525607638888889,masks/RAIL+d027f2ae+2023-06-06-15h-08m-34s/ext2_f00083.png
RAIL+d027f2ae+2023-06-06-15h-54m-46s,ext2,b050,41,279,279,24259877,ok,0.5370370370370371,auto,0.843405191031531,0.027633463541666667,False,True,0.7737732478722287,0.020653211805555554,0.843405191031531,0.027633463541666667,masks/RAIL+d027f2ae+2023-06-06-15h-54m-46s/ext2_f00041.png
RAIL+d027f2ae+2023-06-06-15h-54m-46s,ext1,b100,48,279,279,20521388,ok,1.0,auto,0.9997270742358079,0.003975694444444444,False,True,0.0,0.006145833333333333,0.9997270742358079,0.003975694444444444,masks/RAIL+d027f2ae+2023-06-06-15h-54m-46s/ext1_f00048.png
RAIL+d027f2ae+2023-06-06-15h-54m-46s,ext2,b100,48,279,279,24259877,ok,1.0,auto,0.7472721332897746,0.016606987847222223,False,True,0.6305645240191762,0.011090494791666667,0.7472721332897746,0.016606987847222223,masks/RAIL+d027f2ae+2023-06-06-15h-54m-46s/ext2_f00048.png
RAIL+d027f2ae+2023-06-06-16h-57m-01s,ext1,b050,36,197,197,20521388,ok,1.0,auto,0.9929388848307767,0.0044563802083333335,False,True,0.0,0.008299696180555555,0.9929388848307767,0.0044563802083333335,masks/RAIL+d027f2ae+2023-06-06-16h-57m-01s/ext1_f00036.png
RAIL+d027f2ae+2023-06-06-16h-57m-01s,ext2,b050,36,197,197,24259877,ok,0.5740740740740741,auto,0.2800278954991685,0.02022677951388889,False,True,0.027528252680382503,0.011233723958333334,0.2800278954991685,0.02022677951388889,masks/RAIL+d027f2ae+2023-06-06-16h-57m-01s/ext2_f00036.png
RAIL+d027f2ae+2023-06-06-16h-57m-01s,ext2,b100,45,197,197,24259877,ok,1.0,auto,0.46601941747572817,0.010729166666666666,False,True,0.42299131983084803,0.009750434027777777,0.46601941747572817,0.010729166666666666,masks/RAIL+d027f2ae+2023-06-06-16h-57m-01s/ext2_f00045.png
RAIL+d027f2ae+2023-06-06-16h-58m-40s,ext1,b100,59,172,172,20521388,ok,1.0,auto,0.9755859375,0.0044444444444444444,False,True,0.0,0.005779079861111111,0.9755859375,0.0044444444444444444,masks/RAIL+d027f2ae+2023-06-06-16h-58m-40s/ext1_f00059.png
RAIL+d027f2ae+2023-06-06-17h-03m-57s,ext1,b050,34,140,140,20521388,ok,1.0,auto,0.22138554216867468,0.015850694444444445,False,True,0.0,0.014652777777777778,0.22138554216867468,0.015850694444444445,masks/RAIL+d027f2ae+2023-06-06-17h-03m-57s/ext1_f00034.png
RAIL+d027f2ae+2023-06-06-17h-03m-57s,ext1,b100,40,140,140,20521388,ok,1.0,auto,0.9997701149425288,0.004720052083333333,False,True,0.0,0.005750868055555556,0.9997701149425288,0.004720052083333333,masks/RAIL+d027f2ae+2023-06-06-17h-03m-57s/ext1_f00040.png
RAIL+d027f2ae+2023-06-08-10h-38m-55s,ext1,b050,83,196,196,20521388,ok,1.0,auto,0.8482897384305835,0.0026963975694444444,False,True,0.0,0.002171223958333333,0.8482897384305835,0.0026963975694444444,masks/RAIL+d027f2ae+2023-06-08-10h-38m-55s/ext1_f00083.png
RAIL+d027f2ae+2023-06-08-10h-38m-55s,ext2,b050,83,196,196,24259877,ok,0.5370370370370371,auto,0.4158827785817656,0.03598958333333333,False,True,0.047406807131280426,0.013389756944444444,0.4158827785817656,0.03598958333333333,masks/RAIL+d027f2ae+2023-06-08-10h-38m-55s/ext2_f00083.png
RAIL+d027f2ae+2023-06-08-10h-38m-55s,ext2,b100,95,196,196,24259877,ok,1.0,auto,0.44379893912604196,0.012887369791666667,False,True,0.23506800709639264,0.007339409722222222,0.44379893912604196,0.012887369791666667,masks/RAIL+d027f2ae+2023-06-08-10h-38m-55s/ext2_f00095.png
RAIL+d027f2ae+2023-06-08-12h-26m-18s,ext2,b050,47,71,71,24259877,ok,0.5,auto,1.0,0.0005924479166666667,False,True,0.0,0.020528428819444444,1.0,0.0005924479166666667,masks/RAIL+d027f2ae+2023-06-08-12h-26m-18s/ext2_f00047.png
RAIL+d027f2ae+2023-06-08-13h-03m-02s,ext1,b050,35,210,210,20521388,ok,1.0,auto,0.5801244784898434,0.03172960069444444,False,True,0.0004662004662004948,0.006982421875,0.5801244784898434,0.03172960069444444,masks/RAIL+d027f2ae+2023-06-08-13h-03m-02s/ext1_f00035.png
RAIL+d027f2ae+2023-06-08-13h-03m-02s,ext2,b050,35,210,210,24259877,ok,0.5185185185185185,auto,1.0,0.0017328559027777778,False,True,0.0,0.035308159722222225,1.0,0.0017328559027777778,masks/RAIL+d027f2ae+2023-06-08-13h-03m-02s/ext2_f00035.png
RAIL+d027f2ae+2023-06-08-13h-03m-02s,ext1,b100,42,210,210,20521388,ok,1.0,auto,0.5444800641154077,0.010831163194444444,False,True,0.40119516501426045,0.007989366319444444,0.5444800641154077,0.010831163194444444,masks/RAIL+d027f2ae+2023-06-08-13h-03m-02s/ext1_f00042.png
RAIL+d027f2ae+2023-06-08-13h-04m-33s,ext1,b050,34,212,212,20521388,ok,1.0,auto,0.3796865070959542,0.02049045138888889,False,True,0.11652201864352296,0.013502604166666666,0.3796865070959542,0.02049045138888889,masks/RAIL+d027f2ae+2023-06-08-13h-04m-33s/ext1_f00034.png
RAIL+d027f2ae+2023-06-08-13h-04m-33s,ext1,b100,44,212,212,20521388,ok,1.0,auto,0.5820521390374331,0.006493055555555556,False,True,0.5115475933520397,0.005027126736111111,0.5820521390374331,0.006493055555555556,masks/RAIL+d027f2ae+2023-06-08-13h-04m-33s/ext1_f00044.png
RAIL+d027f2ae+2023-06-27-21h-07m-03s,ext1,b050,31,98,98,20521388,ok,0.5925925925925926,auto,0.9963031423290203,0.0005870225694444445,False,True,0.0,0.025274522569444444,0.9963031423290203,0.0005870225694444445,masks/RAIL+d027f2ae+2023-06-27-21h-07m-03s/ext1_f00031.png
RAIL+d027f2ae+2023-09-21-09h-55m-02s,ext1,b050,32,124,124,20521388,ok,0.5,auto,1.0,0.005636935763888889,False,True,0.008354479796993997,0.027794053819444445,1.0,0.005636935763888889,masks/RAIL+d027f2ae+2023-09-21-09h-55m-02s/ext1_f00032.png
RAIL+d027f2ae+2023-09-21-09h-59m-54s,ext1,b050,25,109,109,20521388,ok,0.6666666666666666,auto,1.0,0.03185221354166667,False,True,0.0027726432532347856,0.001174045138888889,1.0,0.03185221354166667,masks/RAIL+d027f2ae+2023-09-21-09h-59m-54s/ext1_f00025.png
RAIL+d027f2ae+2023-09-21-09h-59m-54s,ext1,b100,29,109,109,20521388,ok,1.0,auto,0.9992436180271037,0.03442925347222222,False,True,0.0054102795311090635,0.001203342013888889,0.9992436180271037,0.03442925347222222,masks/RAIL+d027f2ae+2023-09-21-09h-59m-54s/ext1_f00029.png
RAIL+d027f2ae+2023-09-21-10h-16m-18s,ext1,b050,24,66,66,20521388,ok,0.6666666666666666,auto,1.0,0.036565755208333335,False,True,0.2567268122823678,0.003427734375,1.0,0.036565755208333335,masks/RAIL+d027f2ae+2023-09-21-10h-16m-18s/ext1_f00024.png
RAIL+d027f2ae+2023-09-21-10h-16m-18s,ext1,b100,29,66,66,20521388,ok,1.0,auto,1.0,0.041241319444444445,False,True,0.0,0.002548828125,1.0,0.041241319444444445,masks/RAIL+d027f2ae+2023-09-21-10h-16m-18s/ext1_f00029.png
RAIL+d027f2ae+2023-09-21-16h-49m-34s,ext1,b050,320,679,679,20521388,ok,0.5370370370370371,auto,1.0,0.01212890625,False,True,0.998880910193043,0.011635199652777779,1.0,0.01212890625,masks/RAIL+d027f2ae+2023-09-21-16h-49m-34s/ext1_f00320.png
RAIL+d027f2ae+2023-09-21-16h-49m-34s,ext1,b100,350,679,679,20521388,ok,1.0,auto,0.986826186315365,0.008071831597222223,False,True,0.011734028683181186,0.0008322482638888889,0.986826186315365,0.008071831597222223,masks/RAIL+d027f2ae+2023-09-21-16h-49m-34s/ext1_f00350.png
RAIL+d027f2ae+2023-09-29-10h-58m-24s,ext2,b050,34,127,127,24259877,ok,0.5,auto,0.48765328405845787,0.012918836805555556,False,True,0.0,0.006689453125,0.48765328405845787,0.012918836805555556,masks/RAIL+d027f2ae+2023-09-29-10h-58m-24s/ext2_f00034.png
RAIL+d027f2ae+2023-10-09-09h-58m-13s,ext2,b050,25,122,122,24259877,ok,0.6666666666666666,auto,0.7173913043478262,0.003793402777777778,False,True,0.002973467520585582,0.004743923611111111,0.7173913043478262,0.003793402777777778,masks/RAIL+d027f2ae+2023-10-09-09h-58m-13s/ext2_f00025.png
RAIL+d027f2ae+2023-10-09-09h-58m-13s,ext2,b100,35,122,122,24259877,ok,1.0,auto,0.5886271547283841,0.015799696180555555,False,True,0.0,0.002224392361111111,0.5886271547283841,0.015799696180555555,masks/RAIL+d027f2ae+2023-10-09-09h-58m-13s/ext2_f00035.png
RAIL+d027f2ae+2023-10-09-10h-10m-24s,ext2,b050,22,81,81,24259877,ok,0.6666666666666666,auto,1.0,0.0038888888888888888,False,True,0.0,0.0020323350694444442,1.0,0.0038888888888888888,masks/RAIL+d027f2ae+2023-10-09-10h-10m-24s/ext2_f00022.png
RAIL+d027f2ae+2023-10-09-10h-10m-24s,ext2,b100,28,81,81,24259877,ok,1.0,auto,0.44140918534235074,0.024547526041666667,False,True,0.011615245009074404,0.008968098958333334,0.44140918534235074,0.024547526041666667,masks/RAIL+d027f2ae+2023-10-09-10h-10m-24s/ext2_f00028.png
RAIL+d027f2ae+2023-10-09-10h-11m-48s,ext1,b050,33,100,100,20521388,ok,0.5,auto,0.9736199044762857,0.039075520833333335,False,True,0.012143858010275621,0.004646267361111111,0.9736199044762857,0.039075520833333335,masks/RAIL+d027f2ae+2023-10-09-10h-11m-48s/ext1_f00033.png
RAIL+d027f2ae+2023-10-09-10h-11m-48s,ext2,b050,33,100,100,24259877,ok,0.7407407407407407,auto,0.773746432939258,0.0026616753472222224,False,True,0.005962521294718859,0.0012738715277777778,0.773746432939258,0.0026616753472222224,masks/RAIL+d027f2ae+2023-10-09-10h-11m-48s/ext2_f00033.png
RAIL+d027f2ae+2023-10-09-10h-11m-48s,ext2,b100,41,100,100,24259877,ok,1.0,auto,0.4921098772647574,0.022278645833333333,False,True,0.0008438818565400519,0.003857421875,0.4921098772647574,0.022278645833333333,masks/RAIL+d027f2ae+2023-10-09-10h-11m-48s/ext2_f00041.png
RAIL+d027f2ae+2023-10-09-10h-22m-09s,ext2,b050,0,143,143,24259877,ok,0.6296296296296297,auto,1.0,0.0026605902777777778,False,True,0.0,0.007054036458333334,1.0,0.0026605902777777778,masks/RAIL+d027f2ae+2023-10-09-10h-22m-09s/ext2_f00000.png
RAIL+d027f2ae+2023-10-09-10h-22m-09s,ext2,b100,40,143,143,24259877,ok,1.0,auto,0.7259399621023237,0.010879991319444445,False,True,0.0,0.0009733072916666667,0.7259399621023237,0.010879991319444445,masks/RAIL+d027f2ae+2023-10-09-10h-22m-09s/ext2_f00040.png
RAIL+d027f2ae+2023-10-09-10h-23m-59s,ext1,b050,18,137,137,20521388,ok,0.5,auto,0.909470446055812,0.03950520833333333,False,True,0.0,0.008777126736111111,0.909470446055812,0.03950520833333333,masks/RAIL+d027f2ae+2023-10-09-10h-23m-59s/ext1_f00018.png
RAIL+d027f2ae+2023-10-09-10h-23m-59s,ext2,b050,18,137,137,24259877,ok,0.5,auto,0.6196631414022719,0.0027701822916666665,False,True,0.0,0.002531467013888889,0.6196631414022719,0.0027701822916666665,masks/RAIL+d027f2ae+2023-10-09-10h-23m-59s/ext2_f00018.png
RAIL+d027f2ae+2023-10-09-10h-23m-59s,ext2,b100,38,137,137,24259877,ok,1.0,auto,0.7245257840053378,0.011383463541666666,False,True,0.25047080979284364,0.001728515625,0.7245257840053378,0.011383463541666666,masks/RAIL+d027f2ae+2023-10-09-10h-23m-59s/ext2_f00038.png
RAIL+d027f2ae+2023-10-23-10h-52m-02s,ext1,b050,36,112,112,20521388,ok,0.5,auto,0.2588207985143919,0.018697916666666668,False,True,0.012091641917691964,0.010230034722222222,0.2588207985143919,0.018697916666666668,masks/RAIL+d027f2ae+2023-10-23-10h-52m-02s/ext1_f00036.png
RAIL+d027f2ae+2023-10-23-10h-52m-02s,ext2,b050,36,112,112,24259877,ok,0.9259259259259259,auto,0.4947552447552448,0.014895833333333334,False,True,0.3089178356713427,0.010828993055555555,0.4947552447552448,0.014895833333333334,masks/RAIL+d027f2ae+2023-10-23-10h-52m-02s/ext2_f00036.png
RAIL+d027f2ae+2023-10-23-10h-52m-02s,ext2,b100,41,112,112,24259877,ok,1.0,auto,0.47718025826994515,0.01226779513888889,False,True,0.46705580613779074,0.012268880208333333,0.47718025826994515,0.01226779513888889,masks/RAIL+d027f2ae+2023-10-23-10h-52m-02s/ext2_f00041.png
RAIL+d027f2ae+2023-10-24-10h-20m-54s,ext1,b050,28,99,99,20521388,ok,0.9814814814814815,auto,1.0,0.047723524305555556,False,True,0.0022544283413848953,0.003369140625,1.0,0.047723524305555556,masks/RAIL+d027f2ae+2023-10-24-10h-20m-54s/ext1_f00028.png
RAIL+d027f2ae+2023-10-24-10h-20m-54s,ext1,b100,32,99,99,20521388,ok,1.0,auto,1.0,0.025909288194444446,False,True,1.0,0.027428385416666666,1.0,0.025909288194444446,masks/RAIL+d027f2ae+2023-10-24-10h-20m-54s/ext1_f00032.png
RAIL+d027f2ae+2023-10-24-10h-21m-46s,ext1,b050,20,109,109,20521388,ok,0.9074074074074074,auto,1.0,0.02929904513888889,False,True,0.0001848428835490301,0.005870225694444444,1.0,0.02929904513888889,masks/RAIL+d027f2ae+2023-10-24-10h-21m-46s/ext1_f00020.png
RAIL+d027f2ae+2023-10-24-10h-21m-46s,ext1,b100,26,109,109,20521388,ok,1.0,auto,1.0,0.01893988715277778,False,True,0.9187143422018866,0.019208984375,1.0,0.01893988715277778,masks/RAIL+d027f2ae+2023-10-24-10h-21m-46s/ext1_f00026.png
RAIL+d027f2ae+2023-10-26-10h-43m-45s,ext1,b050,17,60,60,20521388,ok,0.5,auto,1.0,0.0074945746527777775,False,True,0.022787993085022773,0.020712890625,1.0,0.0074945746527777775,masks/RAIL+d027f2ae+2023-10-26-10h-43m-45s/ext1_f00017.png
RAIL+d027f2ae+2023-10-26-10h-43m-45s,ext2,b050,17,60,60,24259877,ok,0.5,auto,0.9895275773795671,0.018650173611111112,False,True,0.11872360394181136,0.0023122829861111113,0.9895275773795671,0.018650173611111112,masks/RAIL+d027f2ae+2023-10-26-10h-43m-45s/ext2_f00017.png
RAIL+d027f2ae+2023-10-26-10h-43m-45s,ext1,b100,25,60,60,20521388,ok,1.0,auto,1.0,0.009900173611111111,False,True,0.0,0.015237630208333333,1.0,0.009900173611111111,masks/RAIL+d027f2ae+2023-10-26-10h-43m-45s/ext1_f00025.png
RAIL+d027f2ae+2023-10-26-10h-43m-45s,ext2,b100,25,60,60,24259877,ok,1.0,auto,0.4710714285714286,0.024305555555555556,False,True,0.058442958809575174,0.010062934027777777,0.4710714285714286,0.024305555555555556,masks/RAIL+d027f2ae+2023-10-26-10h-43m-45s/ext2_f00025.png
RAIL+d027f2ae+2023-10-26-10h-45m-11s,ext1,b050,30,147,147,20521388,ok,0.5555555555555556,auto,1.0,0.01808810763888889,False,True,0.0,0.03230902777777778,1.0,0.01808810763888889,masks/RAIL+d027f2ae+2023-10-26-10h-45m-11s/ext1_f00030.png
RAIL+d027f2ae+2023-10-26-10h-45m-11s,ext2,b050,30,147,147,24259877,ok,0.8333333333333334,auto,0.4500508646998983,0.02133246527777778,False,True,0.034946474387330784,0.012264539930555556,0.4500508646998983,0.02133246527777778,masks/RAIL+d027f2ae+2023-10-26-10h-45m-11s/ext2_f00030.png
RAIL+d027f2ae+2023-10-26-10h-45m-11s,ext1,b100,34,147,147,20521388,ok,1.0,auto,1.0,0.012585720486111111,False,True,0.00019749835418036987,0.03296440972222222,1.0,0.012585720486111111,masks/RAIL+d027f2ae+2023-10-26-10h-45m-11s/ext1_f00034.png
RAIL+d027f2ae+2023-10-26-10h-45m-11s,ext2,b100,34,147,147,24259877,ok,1.0,auto,0.5378123985718922,0.023401692708333335,False,True,0.16761601608309595,0.012953559027777778,0.5378123985718922,0.023401692708333335,masks/RAIL+d027f2ae+2023-10-26-10h-45m-11s/ext2_f00034.png
RAIL+d027f2ae+2023-10-26-10h-47m-42s,ext1,b050,18,80,80,20521388,ok,0.6851851851851852,auto,1.0,0.014733072916666666,False,True,0.0,0.025987413194444444,1.0,0.014733072916666666,masks/RAIL+d027f2ae+2023-10-26-10h-47m-42s/ext1_f00018.png
RAIL+d027f2ae+2023-10-26-10h-47m-42s,ext2,b050,18,80,80,24259877,ok,1.0,auto,0.43842284601655035,0.033436414930555554,False,True,0.0,0.009303385416666667,0.43842284601655035,0.033436414930555554,masks/RAIL+d027f2ae+2023-10-26-10h-47m-42s/ext2_f00018.png
RAIL+d027f2ae+2023-10-26-10h-47m-42s,ext1,b100,22,80,80,20521388,ok,1.0,auto,1.0,0.01001193576388889,False,True,0.0,0.018146701388888888,1.0,0.01001193576388889,masks/RAIL+d027f2ae+2023-10-26-10h-47m-42s/ext1_f00022.png
RAIL+d027f2ae+2023-10-26-10h-47m-42s,ext2,b100,22,80,80,24259877,ok,1.0,auto,0.40962305986696235,0.024468315972222224,False,True,0.11008437123342707,0.01350368923611111,0.40962305986696235,0.024468315972222224,masks/RAIL+d027f2ae+2023-10-26-10h-47m-42s/ext2_f00022.png
RAIL+d027f2ae+2023-10-26-10h-48m-25s,ext1,b050,11,87,87,20521388,ok,0.5740740740740741,auto,1.0,0.02102756076388889,False,True,0.0,0.035246310763888886,1.0,0.02102756076388889,masks/RAIL+d027f2ae+2023-10-26-10h-48m-25s/ext1_f00011.png
RAIL+d027f2ae+2023-10-26-10h-48m-25s,ext2,b050,11,87,87,24259877,ok,0.5370370370370371,auto,0.9997521562407059,0.021890190972222223,False,True,0.00037707390648566985,0.011510416666666667,0.9997521562407059,0.021890190972222223,masks/RAIL+d027f2ae+2023-10-26-10h-48m-25s/ext2_f00011.png
RAIL+d027f2ae+2023-10-26-10h-48m-25s,ext1,b100,18,87,87,20521388,ok,1.0,auto,1.0,0.01997829861111111,False,True,0.0,0.03222222222222222,1.0,0.01997829861111111,masks/RAIL+d027f2ae+2023-10-26-10h-48m-25s/ext1_f00018.png
RAIL+d027f2ae+2023-10-26-10h-48m-25s,ext2,b100,18,87,87,24259877,ok,1.0,auto,0.5510582639714625,0.022813585069444444,False,True,0.054241390692045366,0.009862196180555555,0.5510582639714625,0.022813585069444444,masks/RAIL+d027f2ae+2023-10-26-10h-48m-25s/ext2_f00018.png
RAIL+d027f2ae+2023-10-26-10h-49m-05s,ext1,b050,21,64,64,20521388,ok,0.5555555555555556,auto,1.0,0.014473741319444445,False,True,0.0,0.024139539930555554,1.0,0.014473741319444445,masks/RAIL+d027f2ae+2023-10-26-10h-49m-05s/ext1_f00021.png
RAIL+d027f2ae+2023-10-26-10h-49m-05s,ext2,b050,21,64,64,24259877,ok,1.0,auto,0.2653799087773946,0.039014756944444444,False,True,0.0014695976976302205,0.017720269097222224,0.2653799087773946,0.039014756944444444,masks/RAIL+d027f2ae+2023-10-26-10h-49m-05s/ext2_f00021.png
RAIL+d027f2ae+2023-10-26-10h-49m-05s,ext1,b100,25,64,64,20521388,ok,1.0,auto,1.0,0.008526475694444445,False,True,0.0,0.017913411458333334,1.0,0.008526475694444445,masks/RAIL+d027f2ae+2023-10-26-10h-49m-05s/ext1_f00025.png
RAIL+d027f2ae+2023-10-26-10h-49m-05s,ext2,b100,25,64,64,24259877,ok,1.0,auto,0.42362151123213065,0.01593967013888889,False,True,0.0,0.0072352430555555555,0.42362151123213065,0.01593967013888889,masks/RAIL+d027f2ae+2023-10-26-10h-49m-05s/ext2_f00025.png
RAIL+d027f2ae+2023-10-26-10h-50m-09s,ext1,b050,14,61,61,20521388,ok,0.7222222222222222,auto,1.0,0.02420464409722222,False,True,0.0,0.03039822048611111,1.0,0.02420464409722222,masks/RAIL+d027f2ae+2023-10-26-10h-50m-09s/ext1_f00014.png
RAIL+d027f2ae+2023-10-26-10h-50m-09s,ext2,b050,14,61,61,24259877,ok,0.5,auto,1.0,0.003942057291666667,False,True,0.0,0.01294921875,1.0,0.003942057291666667,masks/RAIL+d027f2ae+2023-10-26-10h-50m-09s/ext2_f00014.png
RAIL+d027f2ae+2023-10-26-10h-50m-09s,ext1,b100,20,61,61,20521388,ok,1.0,auto,1.0,0.016921657986111113,False,True,0.0,0.025821397569444446,1.0,0.016921657986111113,masks/RAIL+d027f2ae+2023-10-26-10h-50m-09s/ext1_f00020.png
RAIL+d027f2ae+2023-10-26-10h-50m-09s,ext2,b100,20,61,61,24259877,ok,1.0,auto,0.5878086419753086,0.028125,False,True,0.002838104639684147,0.008793402777777778,0.5878086419753086,0.028125,masks/RAIL+d027f2ae+2023-10-26-10h-50m-09s/ext2_f00020.png
RAIL+d027f2ae+2023-10-26-11h-01m-53s,ext1,b050,24,100,100,20521388,ok,0.5555555555555556,auto,1.0,0.003648003472222222,False,True,0.0,0.02823676215277778,1.0,0.003648003472222222,masks/RAIL+d027f2ae+2023-10-26-11h-01m-53s/ext1_f00024.png
RAIL+d027f2ae+2023-10-26-11h-01m-53s,ext2,b050,24,100,100,24259877,ok,0.8333333333333334,auto,0.46979148101942614,0.018264973958333333,False,True,0.00022522522522527844,0.009635416666666667,0.46979148101942614,0.018264973958333333,masks/RAIL+d027f2ae+2023-10-26-11h-01m-53s/ext2_f00024.png
RAIL+d027f2ae+2023-10-26-11h-01m-53s,ext1,b100,29,100,100,20521388,ok,1.0,auto,1.0,0.014372829861111111,False,True,0.0,0.018371310763888888,1.0,0.014372829861111111,masks/RAIL+d027f2ae+2023-10-26-11h-01m-53s/ext1_f00029.png
RAIL+d027f2ae+2023-10-26-11h-01m-53s,ext2,b100,29,100,100,24259877,ok,1.0,auto,0.5484800838574424,0.02484375,False,True,0.006049960967993706,0.011119791666666667,0.5484800838574424,0.02484375,masks/RAIL+d027f2ae+2023-10-26-11h-01m-53s/ext2_f00029.png
RAIL+d027f2ae+2023-10-26-18h-43m-45s,ext1,b050,26,80,80,20521388,ok,1.0,auto,0.5052668745954216,0.03687717013888889,False,True,0.0889145496535797,0.01785373263888889,0.5052668745954216,0.03687717013888889,masks/RAIL+d027f2ae+2023-10-26-18h-43m-45s/ext1_f00026.png
RAIL+d027f2ae+2023-10-26-18h-43m-45s,ext2,b050,26,80,80,24259877,ok,0.5740740740740741,auto,1.0,0.030325520833333335,False,True,0.0,0.03738823784722222,1.0,0.030325520833333335,masks/RAIL+d027f2ae+2023-10-26-18h-43m-45s/ext2_f00026.png
RAIL+d027f2ae+2023-10-26-18h-43m-45s,ext1,b100,32,80,80,20521388,ok,1.0,auto,0.5829541145240804,0.022890625,False,True,0.5316496163682864,0.020364583333333332,0.5829541145240804,0.022890625,masks/RAIL+d027f2ae+2023-10-26-18h-43m-45s/ext1_f00032.png
RAIL+d027f2ae+2023-10-27-11h-25m-39s,ext1,b050,20,86,86,20521388,ok,1.0,auto,0.9982558139534884,0.0018663194444444445,False,True,0.0,0.0008279079861111111,0.9982558139534884,0.0018663194444444445,masks/RAIL+d027f2ae+2023-10-27-11h-25m-39s/ext1_f00020.png
RAIL+d027f2ae+2023-10-27-11h-25m-39s,ext2,b050,20,86,86,24259877,ok,0.5370370370370371,auto,1.0,0.001015625,False,True,0.0,0.018204210069444445,1.0,0.001015625,masks/RAIL+d027f2ae+2023-10-27-11h-25m-39s/ext2_f00020.png
RAIL+d027f2ae+2023-10-27-11h-25m-39s,ext1,b100,26,86,86,20521388,ok,1.0,auto,1.0,0.002043185763888889,False,True,0.0,0.00265625,1.0,0.002043185763888889,masks/RAIL+d027f2ae+2023-10-27-11h-25m-39s/ext1_f00026.png
RAIL+d027f2ae+2023-10-27-11h-25m-39s,ext2,b100,26,86,86,24259877,ok,1.0,auto,0.3427045016640392,0.012389322916666667,False,True,0.0,0.008793402777777778,0.3427045016640392,0.012389322916666667,masks/RAIL+d027f2ae+2023-10-27-11h-25m-39s/ext2_f00026.png
RAIL+d027f2ae+2023-10-27-11h-26m-09s,ext1,b050,16,105,105,20521388,ok,1.0,auto,0.9758751182592242,0.004587673611111111,False,True,0.0,0.007679036458333333,0.9758751182592242,0.004587673611111111,masks/RAIL+d027f2ae+2023-10-27-11h-26m-09s/ext1_f00016.png
RAIL+d027f2ae+2023-10-27-11h-26m-09s,ext1,b100,21,105,105,20521388,ok,1.0,auto,1.0,0.0029578993055555556,False,True,0.0,0.004638671875,1.0,0.0029578993055555556,masks/RAIL+d027f2ae+2023-10-27-11h-26m-09s/ext1_f00021.png
RAIL+d027f2ae+2023-11-03-10h-25m-37s,ext2,b050,23,150,150,24259877,ok,0.5925925925925926,auto,0.7017313068195166,0.046190321180555556,False,True,0.6886806090979183,0.04503472222222222,0.7017313068195166,0.046190321180555556,masks/RAIL+d027f2ae+2023-11-03-10h-25m-37s/ext2_f00023.png
RAIL+d027f2ae+2023-11-03-10h-25m-37s,ext2,b100,27,150,150,24259877,ok,1.0,auto,0.5949508575833493,0.028152126736111113,False,True,0.5921325847881258,0.028218315972222224,0.5949508575833493,0.028152126736111113,masks/RAIL+d027f2ae+2023-11-03-10h-25m-37s/ext2_f00027.png
RAIL+d027f2ae+2023-11-03-10h-32m-13s,ext2,b050,22,144,144,24259877,ok,0.6296296296296297,auto,0.6730212175979797,0.043827039930555554,False,True,0.6638685208596713,0.042914496527777776,0.6730212175979797,0.043827039930555554,masks/RAIL+d027f2ae+2023-11-03-10h-32m-13s/ext2_f00022.png
RAIL+d027f2ae+2023-11-03-10h-32m-13s,ext2,b100,27,144,144,24259877,ok,1.0,auto,0.42902881536819637,0.022367621527777777,False,True,0.42596865685991736,0.022571614583333333,0.42902881536819637,0.022367621527777777,masks/RAIL+d027f2ae+2023-11-03-10h-32m-13s/ext2_f00027.png
RAIL+d027f2ae+2023-11-03-10h-36m-17s,ext2,b050,34,90,90,24259877,ok,0.6111111111111112,auto,0.8206368399838775,0.04576497395833334,False,True,0.6628064804921016,0.03757269965277778,0.8206368399838775,0.04576497395833334,masks/RAIL+d027f2ae+2023-11-03-10h-36m-17s/ext2_f00034.png
RAIL+d027f2ae+2023-11-03-10h-36m-17s,ext2,b100,39,90,90,24259877,ok,1.0,auto,0.5120030007501876,0.02892795138888889,False,True,0.5105645612073784,0.029117838541666666,0.5120030007501876,0.02892795138888889,masks/RAIL+d027f2ae+2023-11-03-10h-36m-17s/ext2_f00039.png
RAIL+d027f2ae+2023-11-03-10h-47m-25s,ext2,b050,30,87,87,24259877,ok,0.6111111111111112,auto,0.7451484131062014,0.05490668402777778,False,True,0.0,0.014102647569444444,0.7451484131062014,0.05490668402777778,masks/RAIL+d027f2ae+2023-11-03-10h-47m-25s/ext2_f00030.png
RAIL+d027f2ae+2023-11-03-10h-47m-25s,ext2,b100,34,87,87,24259877,ok,1.0,auto,0.5240736072598942,0.03443576388888889,False,True,0.523326700148457,0.03435221354166667,0.5240736072598942,0.03443576388888889,masks/RAIL+d027f2ae+2023-11-03-10h-47m-25s/ext2_f00034.png
RAIL+d027f2ae+2023-11-03-10h-47m-40s,ext2,b100,27,111,111,24259877,ok,1.0,auto,0.3691746430252628,0.02766059027777778,False,True,0.3555564184204395,0.027944878472222223,0.3691746430252628,0.02766059027777778,masks/RAIL+d027f2ae+2023-11-03-10h-47m-40s/ext2_f00027.png
RAIL+d027f2ae+2023-11-03-10h-48m-23s,ext2,b050,26,113,113,24259877,ok,0.5370370370370371,auto,0.9118809272918862,0.02471354166666667,False,True,0.559953992140324,0.022641059027777778,0.9118809272918862,0.02471354166666667,masks/RAIL+d027f2ae+2023-11-03-10h-48m-23s/ext2_f00026.png
RAIL+d027f2ae+2023-11-03-10h-48m-23s,ext2,b100,31,113,113,24259877,ok,1.0,auto,0.665936313175577,0.0074283854166666665,False,True,0.5676979846721544,0.0076453993055555555,0.665936313175577,0.0074283854166666665,masks/RAIL+d027f2ae+2023-11-03-10h-48m-23s/ext2_f00031.png
RAIL+d027f2ae+2023-11-03-10h-55m-57s,ext2,b050,21,67,67,24259877,ok,0.5,auto,0.7980243038789635,0.05393229166666667,False,True,0.19441649899396374,0.012942708333333334,0.7980243038789635,0.05393229166666667,masks/RAIL+d027f2ae+2023-11-03-10h-55m-57s/ext2_f00021.png
RAIL+d027f2ae+2023-11-03-10h-55m-57s,ext2,b100,26,67,67,24259877,ok,1.0,auto,0.3723930717568045,0.030696614583333334,False,True,0.37098687758403737,0.03018120659722222,0.3723930717568045,0.030696614583333334,masks/RAIL+d027f2ae+2023-11-03-10h-55m-57s/ext2_f00026.png
RAIL+d027f2ae+2023-11-03-20h-35m-30s,ext1,b050,36,144,144,20521388,ok,0.5185185185185185,auto,0.9986747945931619,0.004093967013888889,False,True,0.9869956652217405,0.003254123263888889,0.9986747945931619,0.004093967013888889,masks/RAIL+d027f2ae+2023-11-03-20h-35m-30s/ext1_f00036.png
RAIL+d027f2ae+2023-11-03-20h-35m-30s,ext1,b100,45,144,144,20521388,ok,1.0,auto,0.9335863377609108,0.004002821180555556,False,True,0.0,0.0005913628472222222,0.9335863377609108,0.004002821180555556,masks/RAIL+d027f2ae+2023-11-03-20h-35m-30s/ext1_f00045.png
RAIL+d027f2ae+2023-11-03-20h-40m-04s,ext1,b050,32,101,101,20521388,ok,0.5370370370370371,auto,1.0,0.005190972222222222,False,True,0.9811960542540074,0.0035199652777777777,1.0,0.005190972222222222,masks/RAIL+d027f2ae+2023-11-03-20h-40m-04s/ext1_f00032.png
RAIL+d027f2ae+2023-11-03-20h-40m-04s,ext1,b100,45,101,101,20521388,ok,1.0,auto,0.993546195652174,0.0031944444444444446,False,True,0.0,0.0008843315972222222,0.993546195652174,0.0031944444444444446,masks/RAIL+d027f2ae+2023-11-03-20h-40m-04s/ext1_f00045.png
RAIL+d027f2ae+2023-11-04-14h-19m-59s,ext2,b050,46,105,105,24259877,ok,0.5,auto,0.3787613316066123,0.014243706597222221,False,True,0.37203002863555457,0.014020182291666667,0.3787613316066123,0.014243706597222221,masks/RAIL+d027f2ae+2023-11-04-14h-19m-59s/ext2_f00046.png
RAIL+d027f2ae+2023-11-04-14h-19m-59s,ext1,b100,61,105,105,20521388,ok,1.0,auto,0.9109780947529292,0.008519965277777777,False,True,9.323140033568045e-05,0.01163845486111111,0.9109780947529292,0.008519965277777777,masks/RAIL+d027f2ae+2023-11-04-14h-19m-59s/ext1_f00061.png
RAIL+d027f2ae+2023-11-04-14h-19m-59s,ext2,b100,61,105,105,24259877,ok,1.0,auto,0.43437005798629413,0.008233506944444444,False,True,0.25589135933963525,0.008149956597222223,0.43437005798629413,0.008233506944444444,masks/RAIL+d027f2ae+2023-11-04-14h-19m-59s/ext2_f00061.png
RAIL+d027f2ae+2023-11-04-14h-46m-23s,ext2,b050,24,104,104,24259877,ok,0.5925925925925926,auto,0.35323235323235325,0.032880859375,False,True,0.0031907179115301387,0.01496310763888889,0.35323235323235325,0.032880859375,masks/RAIL+d027f2ae+2023-11-04-14h-46m-23s/ext2_f00024.png
RAIL+d027f2ae+2023-11-04-14h-46m-23s,ext2,b100,28,104,104,24259877,ok,1.0,auto,0.4552364500107968,0.02512478298611111,False,True,0.11390203845039126,0.011231553819444445,0.4552364500107968,0.02512478298611111,masks/RAIL+d027f2ae+2023-11-04-14h-46m-23s/ext2_f00028.png
RAIL+d027f2ae+2023-11-06-11h-35m-36s,ext1,b050,20,71,71,20521388,ok,1.0,auto,1.0,0.03634223090277778,False,True,0.24887459807073953,0.0016872829861111112,1.0,0.03634223090277778,masks/RAIL+d027f2ae+2023-11-06-11h-35m-36s/ext1_f00020.png
RAIL+d027f2ae+2023-11-06-11h-35m-36s,ext2,b050,20,71,71,24259877,ok,0.7222222222222222,auto,0.6417410714285714,0.0009722222222222222,False,True,0.0,0.03802408854166667,0.6417410714285714,0.0009722222222222222,masks/RAIL+d027f2ae+2023-11-06-11h-35m-36s/ext2_f00020.png
RAIL+d027f2ae+2023-11-06-11h-35m-36s,ext1,b100,23,71,71,20521388,ok,1.0,auto,0.9711312805722849,0.03837565104166667,False,True,0.6608214120904476,0.002351345486111111,0.9711312805722849,0.03837565104166667,masks/RAIL+d027f2ae+2023-11-06-11h-35m-36s/ext1_f00023.png
RAIL+d027f2ae+2023-11-06-11h-35m-52s,ext1,b050,20,107,107,20521388,ok,1.0,auto,0.9936385853939046,0.030190972222222223,False,True,0.011803278688524599,0.0016547309027777778,0.9936385853939046,0.030190972222222223,masks/RAIL+d027f2ae+2023-11-06-11h-35m-52s/ext1_f00020.png
RAIL+d027f2ae+2023-11-06-11h-35m-52s,ext1,b100,24,107,107,20521388,ok,1.0,auto,0.9661033348384184,0.033643663194444444,False,True,0.3473344103392568,0.0013433159722222223,0.9661033348384184,0.033643663194444444,masks/RAIL+d027f2ae+2023-11-06-11h-35m-52s/ext1_f00024.png
RAIL+d027f2ae+2023-11-07-10h-52m-24s,ext2,b050,28,104,104,24259877,ok,0.5740740740740741,auto,0.9502321262766945,0.005843098958333333,False,True,0.711209529627367,0.007105034722222223,0.9502321262766945,0.005843098958333333,masks/RAIL+d027f2ae+2023-11-07-10h-52m-24s/ext2_f00028.png
RAIL+d027f2ae+2023-11-07-10h-52m-24s,ext2,b100,32,104,104,24259877,ok,1.0,auto,0.8685040750153361,0.02476345486111111,False,True,0.8530262190639549,0.022140842013888887,0.8685040750153361,0.02476345486111111,masks/RAIL+d027f2ae+2023-11-07-10h-52m-24s/ext2_f00032.png
RAIL+d027f2ae+2023-11-14-18h-31m-41s,ext1,b050,17,115,115,20521388,ok,0.5925925925925926,auto,0.998408847438402,0.06887586805555555,False,True,0.0,0.006623263888888889,0.998408847438402,0.06887586805555555,masks/RAIL+d027f2ae+2023-11-14-18h-31m-41s/ext1_f00017.png
RAIL+d027f2ae+2023-11-14-18h-31m-41s,ext2,b050,17,115,115,24259877,ok,0.7407407407407407,auto,1.0,0.005681423611111111,False,True,0.0,7.595486111111111e-06,1.0,0.005681423611111111,masks/RAIL+d027f2ae+2023-11-14-18h-31m-41s/ext2_f00017.png
RAIL+d027f2ae+2023-11-14-18h-31m-41s,ext1,b100,21,115,115,20521388,ok,1.0,auto,1.0,0.05499457465277778,False,True,0.0,0.0077473958333333336,1.0,0.05499457465277778,masks/RAIL+d027f2ae+2023-11-14-18h-31m-41s/ext1_f00021.png
RAIL+d027f2ae+2023-11-14-18h-31m-41s,ext2,b100,21,115,115,24259877,ok,1.0,auto,1.0,0.003662109375,False,True,0.0,0.0055381944444444445,1.0,0.003662109375,masks/RAIL+d027f2ae+2023-11-14-18h-31m-41s/ext2_f00021.png
RAIL+d027f2ae+2023-11-14-18h-38m-04s,ext1,b050,20,162,162,20521388,ok,0.5925925925925926,auto,0.7870186182695962,0.04854709201388889,False,True,0.736593442984877,0.04914822048611111,0.7870186182695962,0.04854709201388889,masks/RAIL+d027f2ae+2023-11-14-18h-38m-04s/ext1_f00020.png
RAIL+d027f2ae+2023-11-14-18h-38m-04s,ext2,b050,20,162,162,24259877,ok,0.6666666666666666,auto,1.0,0.005955946180555556,False,True,0.0361794500723589,0.0007497829861111111,1.0,0.005955946180555556,masks/RAIL+d027f2ae+2023-11-14-18h-38m-04s/ext2_f00020.png
RAIL+d027f2ae+2023-11-14-18h-38m-04s,ext1,b100,23,162,162,20521388,ok,1.0,auto,0.8087157287157287,0.03759765625,False,True,0.5758718980549966,0.051770833333333335,0.8087157287157287,0.03759765625,masks/RAIL+d027f2ae+2023-11-14-18h-38m-04s/ext1_f00023.png
RAIL+d027f2ae+2023-11-14-18h-38m-04s,ext2,b100,23,162,162,24259877,ok,1.0,auto,1.0,0.0033561197916666665,False,True,0.9991677070328756,0.00521484375,1.0,0.0033561197916666665,masks/RAIL+d027f2ae+2023-11-14-18h-38m-04s/ext2_f00023.png
RAIL+d027f2ae+2023-11-14-18h-41m-13s,ext2,b050,14,138,138,24259877,ok,0.5925925925925926,auto,1.0,0.01220920138888889,False,True,0.0,0.0006325954861111111,1.0,0.01220920138888889,masks/RAIL+d027f2ae+2023-11-14-18h-41m-13s/ext2_f00014.png
RAIL+d027f2ae+2023-11-14-18h-41m-13s,ext1,b100,20,138,138,20521388,ok,1.0,auto,0.978590177413744,0.03431098090277778,False,True,0.0,0.001005859375,0.978590177413744,0.03431098090277778,masks/RAIL+d027f2ae+2023-11-14-18h-41m-13s/ext1_f00020.png
RAIL+d027f2ae+2023-11-14-18h-41m-13s,ext2,b100,20,138,138,24259877,ok,1.0,auto,1.0,0.00400390625,False,True,0.9959132348318139,0.003451605902777778,1.0,0.00400390625,masks/RAIL+d027f2ae+2023-11-14-18h-41m-13s/ext2_f00020.png
RAIL+d027f2ae+2023-11-14-18h-45m-00s,ext1,b050,22,110,110,20521388,ok,0.5925925925925926,auto,0.9825006340349988,0.012835286458333333,False,True,0.0,0.0007204861111111111,0.9825006340349988,0.012835286458333333,masks/RAIL+d027f2ae+2023-11-14-18h-45m-00s/ext1_f00022.png
RAIL+d027f2ae+2023-11-14-18h-45m-00s,ext2,b050,22,110,110,24259877,ok,0.7037037037037037,auto,1.0,0.009190538194444445,False,True,0.0,0.0009288194444444445,1.0,0.009190538194444445,masks/RAIL+d027f2ae+2023-11-14-18h-45m-00s/ext2_f00022.png
RAIL+d027f2ae+2023-11-14-18h-45m-00s,ext1,b100,26,110,110,20521388,ok,1.0,auto,0.9996280626714399,0.023338758680555554,False,True,0.0,0.008870442708333334,0.9996280626714399,0.023338758680555554,masks/RAIL+d027f2ae+2023-11-14-18h-45m-00s/ext1_f00026.png
RAIL+d027f2ae+2023-11-14-18h-45m-00s,ext2,b100,26,110,110,24259877,ok,1.0,auto,0.9994691205096443,0.006131727430555556,False,True,0.0,0.007137586805555556,0.9994691205096443,0.006131727430555556,masks/RAIL+d027f2ae+2023-11-14-18h-45m-00s/ext2_f00026.png
RAIL+d027f2ae+2023-11-14-19h-04m-51s,ext1,b100,30,111,111,20521388,ok,1.0,auto,1.0,0.016193576388888888,False,True,0.007257448433919067,0.008522135416666667,1.0,0.016193576388888888,masks/RAIL+d027f2ae+2023-11-14-19h-04m-51s/ext1_f00030.png
RAIL+d027f2ae+2023-11-14-19h-04m-51s,ext2,b100,30,111,111,24259877,ok,1.0,auto,0.24569892473118282,0.004036458333333334,False,True,0.0833898305084746,0.011203342013888888,0.24569892473118282,0.004036458333333334,masks/RAIL+d027f2ae+2023-11-14-19h-04m-51s/ext2_f00030.png
RAIL+d027f2ae+2023-11-14-19h-05m-51s,ext1,b050,51,158,158,20521388,ok,0.5,auto,1.0,0.0009440104166666667,False,True,0.0,0.015835503472222224,1.0,0.0009440104166666667,masks/RAIL+d027f2ae+2023-11-14-19h-05m-51s/ext1_f00051.png
RAIL+d027f2ae+2023-11-14-19h-05m-51s,ext1,b100,76,158,158,20521388,ok,1.0,auto,1.0,0.021720920138888888,False,True,0.0,0.0074435763888888885,1.0,0.021720920138888888,masks/RAIL+d027f2ae+2023-11-14-19h-05m-51s/ext1_f00076.png
RAIL+d027f2ae+2023-11-14-19h-06m-29s,ext1,b050,48,163,163,20521388,ok,0.5,auto,1.0,0.0006206597222222222,False,True,0.0,0.014790581597222222,1.0,0.0006206597222222222,masks/RAIL+d027f2ae+2023-11-14-19h-06m-29s/ext1_f00048.png
RAIL+d027f2ae+2023-11-14-19h-06m-29s,ext1,b100,98,163,163,20521388,ok,1.0,auto,1.0,0.01814453125,False,True,0.9996893445169307,0.006985677083333333,1.0,0.01814453125,masks/RAIL+d027f2ae+2023-11-14-19h-06m-29s/ext1_f00098.png
RAIL+d027f2ae+2023-11-14-19h-16m-12s,ext1,b050,0,81,81,20521388,ok,0.6666666666666666,auto,0.9157661315510026,0.03474175347222222,False,True,0.0006743088334457692,0.009654947916666667,0.9157661315510026,0.03474175347222222,masks/RAIL+d027f2ae+2023-11-14-19h-16m-12s/ext1_f00000.png
RAIL+d027f2ae+2023-11-14-19h-16m-12s,ext1,b100,39,81,81,20521388,ok,1.0,auto,1.0,0.00934787326388889,False,True,0.4946236559139785,0.00020182291666666667,1.0,0.00934787326388889,masks/RAIL+d027f2ae+2023-11-14-19h-16m-12s/ext1_f00039.png
RAIL+d027f2ae+2023-11-15-10h-53m-11s,ext2,b050,0,108,108,24259877,ok,0.8518518518518519,auto,1.0,0.0013530815972222223,False,True,0.2224679345422379,0.01717339409722222,1.0,0.0013530815972222223,masks/RAIL+d027f2ae+2023-11-15-10h-53m-11s/ext2_f00000.png
RAIL+d027f2ae+2023-11-15-10h-53m-11s,ext2,b100,15,108,108,24259877,ok,1.0,auto,1.0,0.0006694878472222223,False,True,0.3177565180824222,0.02064236111111111,1.0,0.0006694878472222223,masks/RAIL+d027f2ae+2023-11-15-10h-53m-11s/ext2_f00015.png
RAIL+d027f2ae+2023-11-16-11h-17m-36s,ext1,b050,26,130,130,20521388,ok,1.0,auto,1.0,0.019048394097222223,False,True,1.0,0.01926974826388889,1.0,0.019048394097222223,masks/RAIL+d027f2ae+2023-11-16-11h-17m-36s/ext1_f00026.png
RAIL+d027f2ae+2023-11-16-11h-17m-36s,ext1,b100,30,130,130,20521388,ok,1.0,auto,1.0,0.033429904513888886,False,True,1.0,0.016363932291666668,1.0,0.033429904513888886,masks/RAIL+d027f2ae+2023-11-16-11h-17m-36s/ext1_f00030.png
RAIL+d027f2ae+2023-11-16-11h-20m-44s,ext2,b050,24,114,114,24259877,ok,0.5,auto,0.5040425606384096,0.03100151909722222,False,True,0.3952289669861555,0.025472005208333332,0.5040425606384096,0.03100151909722222,masks/RAIL+d027f2ae+2023-11-16-11h-20m-44s/ext2_f00024.png
RAIL+d027f2ae+2023-11-16-11h-20m-44s,ext2,b100,32,114,114,24259877,ok,1.0,auto,0.3097643097643098,0.01740234375,False,True,0.1259009574353641,0.030259331597222223,0.3097643097643098,0.01740234375,masks/RAIL+d027f2ae+2023-11-16-11h-20m-44s/ext2_f00032.png
RAIL+d027f2ae+2023-11-17-10h-32m-10s,ext2,b050,19,90,90,24259877,ok,0.8703703703703703,auto,1.0,0.0017523871527777778,False,True,0.0,0.0033311631944444443,1.0,0.0017523871527777778,masks/RAIL+d027f2ae+2023-11-17-10h-32m-10s/ext2_f00019.png
RAIL+d027f2ae+2023-11-17-10h-32m-10s,ext1,b100,28,90,90,20521388,ok,1.0,box(auto empty),1.0,0.0003200954861111111,True,True,0.0,0.00521484375,0.0,0.00521484375,masks/RAIL+d027f2ae+2023-11-17-10h-32m-10s/ext1_f00028.png
RAIL+d027f2ae+2023-11-17-10h-32m-10s,ext2,b100,28,90,90,24259877,ok,1.0,auto,1.0,0.002211371527777778,False,True,0.0,0.012808159722222223,1.0,0.002211371527777778,masks/RAIL+d027f2ae+2023-11-17-10h-32m-10s/ext2_f00028.png
RAIL+d027f2ae+2023-11-17-10h-34m-02s,ext2,b050,16,112,112,24259877,ok,0.8333333333333334,auto,0.9957507082152974,0.0022981770833333335,False,True,0.004889975550122272,0.007100694444444444,0.9957507082152974,0.0022981770833333335,masks/RAIL+d027f2ae+2023-11-17-10h-34m-02s/ext2_f00016.png
RAIL+d027f2ae+2023-11-17-10h-34m-02s,ext1,b100,23,112,112,20521388,ok,1.0,auto,0.9933422103861518,0.0008148871527777778,False,True,0.0,0.005517578125,0.9933422103861518,0.0008148871527777778,masks/RAIL+d027f2ae+2023-11-17-10h-34m-02s/ext1_f00023.png
RAIL+d027f2ae+2023-11-17-10h-34m-02s,ext2,b100,23,112,112,24259877,ok,1.0,auto,1.0,0.002230902777777778,False,True,0.0,0.006629774305555555,1.0,0.002230902777777778,masks/RAIL+d027f2ae+2023-11-17-10h-34m-02s/ext2_f00023.png
RAIL+d027f2ae+2023-11-17-10h-51m-11s,ext2,b050,14,123,123,24259877,ok,0.7777777777777778,auto,1.0,0.0026616753472222224,False,True,0.0,0.016549479166666665,1.0,0.0026616753472222224,masks/RAIL+d027f2ae+2023-11-17-10h-51m-11s/ext2_f00014.png
RAIL+d027f2ae+2023-11-17-10h-51m-11s,ext1,b100,18,123,123,20521388,ok,1.0,auto,0.3833973128598849,0.0022612847222222223,False,True,0.0,0.0043207465277777775,0.3833973128598849,0.0022612847222222223,masks/RAIL+d027f2ae+2023-11-17-10h-51m-11s/ext1_f00018.png
RAIL+d027f2ae+2023-11-17-10h-51m-11s,ext2,b100,18,123,123,24259877,ok,1.0,auto,1.0,0.0027018229166666666,False,True,0.0,0.005137803819444444,1.0,0.0027018229166666666,masks/RAIL+d027f2ae+2023-11-17-10h-51m-11s/ext2_f00018.png
RAIL+d027f2ae+2023-11-20-11h-09m-53s,ext2,b050,18,76,76,24259877,ok,0.8888888888888888,auto,0.9966727913790535,0.02185004340277778,False,True,0.8678749671657473,0.004130859375,0.9966727913790535,0.02185004340277778,masks/RAIL+d027f2ae+2023-11-20-11h-09m-53s/ext2_f00018.png
RAIL+d027f2ae+2023-11-20-11h-09m-53s,ext1,b100,25,76,76,20521388,ok,1.0,auto,0.3262339418526031,0.0032096354166666666,False,True,0.014507042253521174,0.015407986111111112,0.3262339418526031,0.0032096354166666666,masks/RAIL+d027f2ae+2023-11-20-11h-09m-53s/ext1_f00025.png
RAIL+d027f2ae+2023-11-20-11h-09m-53s,ext2,b100,25,76,76,24259877,ok,1.0,auto,0.8435033070194153,0.020342881944444443,False,True,0.0010080645161290036,0.0021527777777777778,0.8435033070194153,0.020342881944444443,masks/RAIL+d027f2ae+2023-11-20-11h-09m-53s/ext2_f00025.png
RAIL+d027f2ae+2023-11-20-11h-14m-29s,ext2,b050,16,106,106,24259877,ok,1.0,auto,1.0,0.0049294704861111115,False,True,0.0,0.009554036458333333,1.0,0.0049294704861111115,masks/RAIL+d027f2ae+2023-11-20-11h-14m-29s/ext2_f00016.png
RAIL+d027f2ae+2023-11-20-11h-14m-29s,ext1,b100,49,106,106,20521388,ok,1.0,auto,1.0,0.006225043402777778,False,True,0.0027021409270422403,0.005220269097222222,1.0,0.006225043402777778,masks/RAIL+d027f2ae+2023-11-20-11h-14m-29s/ext1_f00049.png
RAIL+d027f2ae+2023-11-20-11h-14m-29s,ext2,b100,49,106,106,24259877,ok,1.0,auto,1.0,0.004851345486111111,False,True,1.0,0.00015082465277777777,1.0,0.004851345486111111,masks/RAIL+d027f2ae+2023-11-20-11h-14m-29s/ext2_f00049.png
RAIL+d027f2ae+2023-11-20-11h-18m-03s,ext2,b050,8,108,108,24259877,ok,0.8888888888888888,auto,0.8080950612699591,0.029220920138888887,False,True,0.7694433302134867,0.024345703125,0.8080950612699591,0.029220920138888887,masks/RAIL+d027f2ae+2023-11-20-11h-18m-03s/ext2_f00008.png
RAIL+d027f2ae+2023-11-20-11h-18m-03s,ext1,b100,14,108,108,20521388,ok,1.0,auto,0.5797636632200887,0.030852864583333334,False,True,0.005922390170600145,0.012275390625,0.5797636632200887,0.030852864583333334,masks/RAIL+d027f2ae+2023-11-20-11h-18m-03s/ext1_f00014.png
RAIL+d027f2ae+2023-11-20-11h-18m-03s,ext2,b100,14,108,108,24259877,ok,1.0,auto,0.9122801238553264,0.032940538194444445,False,True,0.3499125218695326,0.004341362847222223,0.9122801238553264,0.032940538194444445,masks/RAIL+d027f2ae+2023-11-20-11h-18m-03s/ext2_f00014.png
RAIL+d027f2ae+2023-11-20-11h-18m-18s,ext1,b050,17,80,80,20521388,ok,0.6296296296296297,auto,0.7743223620522749,0.017934027777777778,False,True,0.0,0.01090603298611111,0.7743223620522749,0.017934027777777778,masks/RAIL+d027f2ae+2023-11-20-11h-18m-18s/ext1_f00017.png
RAIL+d027f2ae+2023-11-20-11h-18m-18s,ext2,b050,17,80,80,24259877,ok,1.0,auto,0.7827309801715652,0.05401150173611111,False,True,0.028578204672121466,0.009150390625,0.7827309801715652,0.05401150173611111,masks/RAIL+d027f2ae+2023-11-20-11h-18m-18s/ext2_f00017.png
RAIL+d027f2ae+2023-11-20-11h-18m-18s,ext1,b100,45,80,80,20521388,ok,1.0,auto,1.0,0.009220920138888889,False,True,0.07920144002618235,0.006630859375,1.0,0.009220920138888889,masks/RAIL+d027f2ae+2023-11-20-11h-18m-18s/ext1_f00045.png
RAIL+d027f2ae+2023-11-20-11h-18m-18s,ext2,b100,45,80,80,24259877,ok,1.0,auto,1.0,0.015907118055555555,False,True,0.7361552428506581,0.009561631944444444,1.0,0.015907118055555555,masks/RAIL+d027f2ae+2023-11-20-11h-18m-18s/ext2_f00045.png
RAIL+d027f2ae+2023-11-29-16h-55m-54s,ext1,b050,28,115,115,20521388,ok,0.6296296296296297,auto,0.6805488055628248,0.029024522569444444,False,True,0.05888290713324362,0.009674479166666666,0.6805488055628248,0.029024522569444444,masks/RAIL+d027f2ae+2023-11-29-16h-55m-54s/ext1_f00028.png
RAIL+d027f2ae+2023-11-29-16h-55m-54s,ext2,b050,28,115,115,24259877,ok,0.5,auto,0.9972356599861782,0.003140190972222222,False,True,0.5103641456582633,0.0077473958333333336,0.9972356599861782,0.003140190972222222,masks/RAIL+d027f2ae+2023-11-29-16h-55m-54s/ext2_f00028.png
RAIL+d027f2ae+2023-11-29-16h-55m-54s,ext1,b100,36,115,115,20521388,ok,1.0,auto,0.7343810382584053,0.04211697048611111,False,True,0.11434700107251872,0.013152126736111111,0.7343810382584053,0.04211697048611111,masks/RAIL+d027f2ae+2023-11-29-16h-55m-54s/ext1_f00036.png
RAIL+d027f2ae+2023-11-29-16h-55m-54s,ext2,b100,36,115,115,24259877,ok,1.0,auto,0.9990899783869867,0.028616536458333335,False,True,0.08169475655430714,0.009270833333333334,0.9990899783869867,0.028616536458333335,masks/RAIL+d027f2ae+2023-11-29-16h-55m-54s/ext2_f00036.png
RAIL+d027f2ae+2023-11-29-17h-06m-11s,ext1,b050,60,126,126,20521388,ok,0.5,auto,0.6357001088417953,0.03389539930555555,False,True,0.0,0.014702690972222222,0.6357001088417953,0.03389539930555555,masks/RAIL+d027f2ae+2023-11-29-17h-06m-11s/ext1_f00060.png
RAIL+d027f2ae+2023-11-29-17h-06m-11s,ext2,b100,73,126,126,24259877,ok,1.0,auto,0.38319058561381525,0.015582682291666667,False,True,0.00015368065160592526,0.007060546875,0.38319058561381525,0.015582682291666667,masks/RAIL+d027f2ae+2023-11-29-17h-06m-11s/ext2_f00073.png
RAIL+d027f2ae+2023-11-30-11h-41m-12s,ext1,b050,21,90,90,20521388,ok,0.5370370370370371,auto,0.7062527960356516,0.03153103298611111,False,True,0.5004139834406623,0.02358940972222222,0.7062527960356516,0.03153103298611111,masks/RAIL+d027f2ae+2023-11-30-11h-41m-12s/ext1_f00021.png
RAIL+d027f2ae+2023-11-30-11h-41m-12s,ext1,b100,25,90,90,20521388,ok,1.0,auto,0.5640766902119072,0.034409722222222223,False,True,0.4971413095811267,0.03605902777777778,0.5640766902119072,0.034409722222222223,masks/RAIL+d027f2ae+2023-11-30-11h-41m-12s/ext1_f00025.png
RAIL+d027f2ae+2023-11-30-11h-44m-14s,ext1,b050,42,110,110,20521388,ok,0.5,auto,0.7078615850741509,0.027217881944444446,False,True,0.5576008777276606,0.017801649305555556,0.7078615850741509,0.027217881944444446,masks/RAIL+d027f2ae+2023-11-30-11h-44m-14s/ext1_f00042.png
RAIL+d027f2ae+2023-11-30-11h-44m-14s,ext1,b100,48,110,110,20521388,ok,1.0,auto,0.7278961704854991,0.03385959201388889,False,True,0.6844677879652681,0.03574001736111111,0.7278961704854991,0.03385959201388889,masks/RAIL+d027f2ae+2023-11-30-11h-44m-14s/ext1_f00048.png
RAIL+d027f2ae+2023-11-30-11h-49m-14s,ext1,b050,32,110,110,20521388,ok,0.8333333333333334,auto,0.9172573092013669,0.06858506944444444,False,True,0.0,0.009537760416666667,0.9172573092013669,0.06858506944444444,masks/RAIL+d027f2ae+2023-11-30-11h-49m-14s/ext1_f00032.png
RAIL+d027f2ae+2023-11-30-11h-49m-14s,ext1,b100,37,110,110,20521388,ok,1.0,auto,0.9022744962380005,0.037639973958333336,False,True,0.7606833155386579,0.04166775173611111,0.9022744962380005,0.037639973958333336,masks/RAIL+d027f2ae+2023-11-30-11h-49m-14s/ext1_f00037.png
RAIL+d027f2ae+2023-11-30-11h-55m-49s,ext1,b050,35,99,99,20521388,ok,0.5,auto,1.0,0.012163628472222222,False,True,0.0067737870195336836,0.006888020833333334,1.0,0.012163628472222222,masks/RAIL+d027f2ae+2023-11-30-11h-55m-49s/ext1_f00035.png
RAIL+d027f2ae+2023-11-30-11h-55m-49s,ext1,b100,46,99,99,20521388,ok,1.0,auto,0.9995110024449878,0.024408637152777777,False,True,0.7320651010064958,0.030401475694444444,0.9995110024449878,0.024408637152777777,masks/RAIL+d027f2ae+2023-11-30-11h-55m-49s/ext1_f00046.png
RAIL+d027f2ae+2023-12-02-16h-31m-06s,ext1,b050,31,104,104,20521388,ok,0.5370370370370371,auto,0.3424562790238119,0.010981987847222222,False,True,0.30716486137334786,0.010919053819444444,0.3424562790238119,0.010981987847222222,masks/RAIL+d027f2ae+2023-12-02-16h-31m-06s/ext1_f00031.png
RAIL+d027f2ae+2023-12-02-16h-31m-06s,ext2,b050,31,104,104,24259877,ok,0.6111111111111112,auto,0.22942656888479962,0.040096571180555554,False,True,8.60474121240351e-05,0.025220269097222223,0.22942656888479962,0.040096571180555554,masks/RAIL+d027f2ae+2023-12-02-16h-31m-06s/ext2_f00031.png
RAIL+d027f2ae+2023-12-02-16h-31m-06s,ext1,b100,39,104,104,20521388,ok,1.0,auto,0.34781244115247,0.017286241319444444,False,True,0.2070214105793451,0.013784722222222223,0.34781244115247,0.017286241319444444,masks/RAIL+d027f2ae+2023-12-02-16h-31m-06s/ext1_f00039.png
RAIL+d027f2ae+2023-12-02-16h-31m-06s,ext2,b100,39,104,104,24259877,ok,1.0,auto,0.39929514704690916,0.026786024305555555,False,True,0.252211799226426,0.024406467013888888,0.39929514704690916,0.026786024305555555,masks/RAIL+d027f2ae+2023-12-02-16h-31m-06s/ext2_f00039.png
RAIL+d027f2ae+2023-12-02-16h-32m-37s,ext2,b100,52,78,78,24259877,ok,1.0,auto,0.3064055144586416,0.012907986111111111,False,True,0.3071939993181043,0.012730034722222222,0.3064055144586416,0.012907986111111111,masks/RAIL+d027f2ae+2023-12-02-16h-32m-37s/ext2_f00052.png
RAIL+daf8a660+2023-08-31-10h-52m-55s,ext1,b050,30,248,248,20521388,ok,0.5,auto,0.3130112671708597,0.021090494791666668,False,True,0.13729774015156693,0.015893012152777778,0.3130112671708597,0.021090494791666668,masks/RAIL+daf8a660+2023-08-31-10h-52m-55s/ext1_f00030.png
RAIL+daf8a660+2023-08-31-10h-53m-22s,ext1,b050,31,149,149,20521388,ok,0.5,auto,0.30179516560266273,0.019886067708333333,False,True,0.05613741097612068,0.012950303819444444,0.30179516560266273,0.019886067708333333,masks/RAIL+daf8a660+2023-08-31-10h-53m-22s/ext1_f00031.png
RAIL+daf8a660+2023-09-01-15h-32m-04s,ext1,b050,23,101,101,20521388,ok,0.8518518518518519,auto,0.4541501847069208,0.03319118923611111,False,True,0.046711963115748656,0.017886284722222222,0.4541501847069208,0.03319118923611111,masks/RAIL+daf8a660+2023-09-01-15h-32m-04s/ext1_f00023.png
RAIL+daf8a660+2023-09-01-15h-32m-04s,ext1,b100,37,101,101,20521388,ok,1.0,auto,0.270360884749709,0.023301866319444444,False,True,0.23379831444347576,0.02240234375,0.270360884749709,0.023301866319444444,masks/RAIL+daf8a660+2023-09-01-15h-32m-04s/ext1_f00037.png
RAIL+daf8a660+2023-09-01-15h-42m-09s,ext1,b050,31,180,180,20521388,ok,1.0,auto,0.3896816085995689,0.039771050347222225,False,True,0.09762107432462708,0.024219835069444445,0.3896816085995689,0.039771050347222225,masks/RAIL+daf8a660+2023-09-01-15h-42m-09s/ext1_f00031.png
RAIL+daf8a660+2023-09-01-15h-42m-09s,ext1,b100,39,180,180,20521388,ok,1.0,auto,0.7002832606447551,0.02413302951388889,False,True,0.6883379955628437,0.02249782986111111,0.7002832606447551,0.02413302951388889,masks/RAIL+daf8a660+2023-09-01-15h-42m-09s/ext1_f00039.png
RAIL+daf8a660+2023-09-01-15h-48m-29s,ext1,b050,18,180,180,20521388,ok,1.0,box(auto empty),1.0,0.0001150173611111111,True,True,0.0017445917655268817,0.009329427083333333,0.0017445917655268817,0.009329427083333333,masks/RAIL+daf8a660+2023-09-01-15h-48m-29s/ext1_f00018.png
RAIL+daf8a660+2023-09-01-15h-48m-29s,ext1,b100,24,180,180,20521388,ok,1.0,auto,0.7730567002984227,0.030542534722222223,False,True,0.7218024507692911,0.027715928819444444,0.7730567002984227,0.030542534722222223,masks/RAIL+daf8a660+2023-09-01-15h-48m-29s/ext1_f00024.png
RAIL+daf8a660+2023-10-13-11h-14m-11s,ext1,b050,30,65,65,20521388,ok,0.5,auto,0.4080397330436132,0.0069911024305555555,False,True,0.0,0.004165581597222222,0.4080397330436132,0.0069911024305555555,masks/RAIL+daf8a660+2023-10-13-11h-14m-11s/ext1_f00030.png
RAIL+daf8a660+2023-10-13-11h-26m-51s,ext1,b050,33,109,109,20521388,ok,0.5185185185185185,auto,0.3318607341958557,0.010315755208333333,False,True,0.0,0.007674696180555556,0.3318607341958557,0.010315755208333333,masks/RAIL+daf8a660+2023-10-13-11h-26m-51s/ext1_f00033.png
RAIL+daf8a660+2023-10-13-11h-33m-49s,ext1,b050,17,113,113,20521388,ok,0.5,auto,0.6791240180909307,0.009116753472222221,False,True,0.022441072005166318,0.006720920138888889,0.6791240180909307,0.009116753472222221,masks/RAIL+daf8a660+2023-10-13-11h-33m-49s/ext1_f00017.png
RAIL+daf8a660+2023-10-13-11h-33m-49s,ext2,b050,17,113,113,24259877,ok,0.5555555555555556,auto,1.0,0.0030132378472222223,False,True,0.0,0.029184027777777777,1.0,0.0030132378472222223,masks/RAIL+daf8a660+2023-10-13-11h-33m-49s/ext2_f00017.png
RAIL+daf8a660+2023-11-29-14h-33m-29s,ext1,b100,25,150,150,20521388,ok,1.0,auto,0.21082744001950893,0.057843967013888886,False,True,0.0,0.046197916666666665,0.21082744001950893,0.057843967013888886,masks/RAIL+daf8a660+2023-11-29-14h-33m-29s/ext1_f00025.png
RAIL+eh61f232+2023-04-07-19h-34m-07s,ext1,b050,0,413,413,20521388,ok,0.5555555555555556,auto,0.7254998940154032,0.015356987847222222,False,True,0.0,0.00021158854166666667,0.7254998940154032,0.015356987847222222,masks/RAIL+eh61f232+2023-04-07-19h-34m-07s/ext1_f00000.png
RAIL+eh61f232+2023-04-07-19h-34m-07s,ext2,b050,0,413,413,24259877,ok,0.6481481481481481,auto,1.0,0.005287543402777778,False,True,0.0,0.009224175347222223,1.0,0.005287543402777778,masks/RAIL+eh61f232+2023-04-07-19h-34m-07s/ext2_f00000.png
RAIL+eh61f232+2023-04-07-19h-34m-07s,ext1,b100,313,413,413,20521388,ok,1.0,auto,0.3587453874538745,0.029405381944444444,False,True,0.05804001283834381,0.020284288194444444,0.3587453874538745,0.029405381944444444,masks/RAIL+eh61f232+2023-04-07-19h-34m-07s/ext1_f00313.png
RAIL+eh61f232+2023-04-07-19h-34m-07s,ext2,b100,313,413,413,24259877,ok,1.0,auto,1.0,0.005939670138888889,False,True,1.0,0.003386501736111111,1.0,0.005939670138888889,masks/RAIL+eh61f232+2023-04-07-19h-34m-07s/ext2_f00313.png
RAIL+eh61f232+2023-05-15-11h-14m-40s,ext2,b050,21,134,134,24259877,ok,0.5,auto,1.0,0.009089626736111111,False,True,0.0,0.0014778645833333334,1.0,0.009089626736111111,masks/RAIL+eh61f232+2023-05-15-11h-14m-40s/ext2_f00021.png
RAIL+eh61f232+2023-05-15-11h-14m-40s,ext2,b100,34,134,134,24259877,ok,1.0,auto,1.0,0.017020399305555555,False,True,0.0,0.0014735243055555556,1.0,0.017020399305555555,masks/RAIL+eh61f232+2023-05-15-11h-14m-40s/ext2_f00034.png
RAIL+eh61f232+2023-05-15-11h-18m-18s,ext1,b050,25,135,135,20521388,ok,0.7407407407407407,auto,0.21537194885703215,0.04480902777777778,False,True,0.0007685164430497604,0.033885633680555555,0.21537194885703215,0.04480902777777778,masks/RAIL+eh61f232+2023-05-15-11h-18m-18s/ext1_f00025.png
RAIL+eh61f232+2023-05-15-11h-18m-18s,ext2,b050,25,135,135,24259877,ok,0.5,auto,1.0,0.008462456597222221,False,True,0.0,0.0014561631944444444,1.0,0.008462456597222221,masks/RAIL+eh61f232+2023-05-15-11h-18m-18s/ext2_f00025.png
RAIL+eh61f232+2023-05-15-11h-18m-18s,ext2,b100,40,135,135,24259877,ok,1.0,auto,1.0,0.015942925347222223,False,True,0.0,0.001484375,1.0,0.015942925347222223,masks/RAIL+eh61f232+2023-05-15-11h-18m-18s/ext2_f00040.png
RAIL+eh61f232+2023-05-15-11h-22m-46s,ext2,b050,32,135,135,24259877,ok,0.5,auto,1.0,0.010607638888888889,False,True,0.0,0.00166015625,1.0,0.010607638888888889,masks/RAIL+eh61f232+2023-05-15-11h-22m-46s/ext2_f00032.png
RAIL+eh61f232+2023-05-15-11h-22m-46s,ext2,b100,47,135,135,24259877,ok,1.0,auto,1.0,0.018760850694444445,False,True,0.0,0.0014583333333333334,1.0,0.018760850694444445,masks/RAIL+eh61f232+2023-05-15-11h-22m-46s/ext2_f00047.png
RAIL+eh61f232+2023-10-26-17h-31m-25s,ext1,b050,431,1333,1333,20521388,ok,0.8333333333333334,auto,0.5246840775063184,0.02575954861111111,False,True,0.0,0.022784288194444443,0.5246840775063184,0.02575954861111111,masks/RAIL+eh61f232+2023-10-26-17h-31m-25s/ext1_f00431.png
RAIL+eh61f232+2023-10-26-17h-31m-25s,ext1,b100,488,1333,1333,20521388,ok,1.0,auto,0.9776447479188102,0.011600477430555556,False,True,0.9032014750251425,0.01294704861111111,0.9776447479188102,0.011600477430555556,masks/RAIL+eh61f232+2023-10-26-17h-31m-25s/ext1_f00488.png
RAIL+eh61f232+2023-10-26-17h-33m-59s,ext1,b050,313,672,672,20521388,ok,0.8888888888888888,auto,0.40545249564415287,0.02117404513888889,False,True,0.24477861319966587,0.016884765625,0.40545249564415287,0.02117404513888889,masks/RAIL+eh61f232+2023-10-26-17h-33m-59s/ext1_f00313.png
RAIL+eh61f232+2023-10-26-17h-35m-23s,ext1,b050,81,310,310,20521388,ok,0.8703703703703703,auto,0.27672707129856766,0.013712022569444444,False,True,0.10793432081754506,0.009449869791666666,0.27672707129856766,0.013712022569444444,masks/RAIL+eh61f232+2023-10-26-17h-35m-23s/ext1_f00081.png
RAIL+t3d58310+2023-05-19-15h-23m-47s,ext1,b050,24,121,121,20521388,ok,0.6666666666666666,auto,0.34560534034590873,0.021456163194444444,False,True,0.0,0.041795789930555556,0.34560534034590873,0.021456163194444444,masks/RAIL+t3d58310+2023-05-19-15h-23m-47s/ext1_f00024.png
RAIL+t3d58310+2023-05-19-15h-33m-06s,ext1,b050,0,132,132,20521388,ok,0.6666666666666666,auto,0.4916023604176123,0.019123263888888888,False,True,0.0,0.023637152777777778,0.4916023604176123,0.019123263888888888,masks/RAIL+t3d58310+2023-05-19-15h-33m-06s/ext1_f00000.png
RAIL+t3d58310+2023-05-19-16h-51m-01s,ext1,b050,43,124,124,20521388,ok,0.6666666666666666,auto,0.22034315737624166,0.026434461805555556,False,True,0.0,0.020845269097222223,0.22034315737624166,0.026434461805555556,masks/RAIL+t3d58310+2023-05-19-16h-51m-01s/ext1_f00043.png
RAIL+t3d58310+2023-05-19-16h-51m-01s,ext2,b050,43,124,124,24259877,ok,0.5555555555555556,auto,0.8349673202614379,0.0019921875,False,True,0.0,0.0036414930555555554,0.8349673202614379,0.0019921875,masks/RAIL+t3d58310+2023-05-19-16h-51m-01s/ext2_f00043.png
RAIL+t3d58310+2023-05-20-14h-10m-35s,ext2,b050,60,179,179,24259877,ok,0.5,auto,0.5172781854569712,0.00813259548611111,False,True,0.1914843006660324,0.0045616319444444445,0.5172781854569712,0.00813259548611111,masks/RAIL+t3d58310+2023-05-20-14h-10m-35s/ext2_f00060.png
RAIL+t3d58310+2023-05-20-14h-10m-35s,ext2,b100,75,179,179,24259877,ok,1.0,auto,0.46951462500996255,0.013614366319444444,False,True,0.40597036294652444,0.015157335069444444,0.46951462500996255,0.013614366319444444,masks/RAIL+t3d58310+2023-05-20-14h-10m-35s/ext2_f00075.png
RAIL+t3d58310+2023-05-20-14h-39m-25s,ext1,b100,49,129,129,20521388,ok,1.0,auto,0.48738075111701484,0.008985460069444444,False,True,0.0,0.011142578125,0.48738075111701484,0.008985460069444444,masks/RAIL+t3d58310+2023-05-20-14h-39m-25s/ext1_f00049.png
RAIL+t3d58310+2023-05-20-14h-46m-25s,ext1,b050,10,134,134,20521388,ok,0.5740740740740741,auto,0.224883275670955,0.03230360243055556,False,True,0.0,0.025697699652777777,0.224883275670955,0.03230360243055556,masks/RAIL+t3d58310+2023-05-20-14h-46m-25s/ext1_f00010.png
RAIL+t3d58310+2023-05-20-14h-46m-25s,ext2,b050,10,134,134,24259877,ok,0.5,auto,0.41156184771757875,0.011956380208333334,False,True,0.005269497139415824,0.00720703125,0.41156184771757875,0.011956380208333334,masks/RAIL+t3d58310+2023-05-20-14h-46m-25s/ext2_f00010.png
RAIL+t3d58310+2023-05-20-15h-03m-11s,ext1,b050,35,130,130,20521388,ok,0.6851851851851852,auto,0.5398396982555398,0.016110026041666666,False,True,0.0,0.024632161458333333,0.5398396982555398,0.016110026041666666,masks/RAIL+t3d58310+2023-05-20-15h-03m-11s/ext1_f00035.png
RAIL+t3d58310+2023-05-20-15h-06m-37s,ext1,b050,29,127,127,20521388,ok,0.7407407407407407,auto,0.2670752389762565,0.028151041666666668,False,True,0.0,0.020391710069444444,0.2670752389762565,0.028151041666666668,masks/RAIL+t3d58310+2023-05-20-15h-06m-37s/ext1_f00029.png
RAIL+t3d58310+2023-05-28-14h-51m-43s,ext1,b050,20,197,197,20521388,ok,0.5,auto,0.5009172208209126,0.018927951388888888,False,True,0.0,0.009653862847222222,0.5009172208209126,0.018927951388888888,masks/RAIL+t3d58310+2023-05-28-14h-51m-43s/ext1_f00020.png
RAIL+t3d58310+2023-05-28-15h-01m-40s,ext1,b050,11,144,144,20521388,ok,0.5555555555555556,auto,0.21963100529744872,0.01782009548611111,False,True,0.0,0.013483072916666667,0.21963100529744872,0.01782009548611111,masks/RAIL+t3d58310+2023-05-28-15h-01m-40s/ext1_f00011.png
RAIL+t3d58310+2023-05-28-15h-01m-40s,ext1,b100,16,144,144,20521388,ok,1.0,auto,0.20048798453181105,0.023569878472222222,False,True,0.0,0.017834201388888887,0.20048798453181105,0.023569878472222222,masks/RAIL+t3d58310+2023-05-28-15h-01m-40s/ext1_f00016.png
RAIL+t3d58310+2023-05-28-15h-08m-56s,ext1,b100,24,158,158,20521388,ok,1.0,auto,0.31660787917929356,0.021841362847222223,False,True,0.0,0.013726128472222222,0.31660787917929356,0.021841362847222223,masks/RAIL+t3d58310+2023-05-28-15h-08m-56s/ext1_f00024.png
RAIL+t3d58310+2023-05-28-16h-45m-41s,ext1,b050,9,170,170,20521388,ok,0.5,auto,0.29776915615906885,0.02349283854166667,False,True,0.0,0.01734375,0.29776915615906885,0.02349283854166667,masks/RAIL+t3d58310+2023-05-28-16h-45m-41s/ext1_f00009.png
RAIL+t3d58310+2023-05-28-16h-47m-28s,ext1,b050,23,242,242,20521388,ok,0.5925925925925926,auto,0.32282542269301284,0.02130642361111111,False,True,0.0,0.014573567708333334,0.32282542269301284,0.02130642361111111,masks/RAIL+t3d58310+2023-05-28-16h-47m-28s/ext1_f00023.png
RAIL+t3d58310+2023-07-27-15h-54m-57s,ext2,b050,76,549,549,24259877,ok,0.7777777777777778,auto,0.6684332800929287,0.014945746527777777,False,True,0.0,0.0029774305555555556,0.6684332800929287,0.014945746527777777,masks/RAIL+t3d58310+2023-07-27-15h-54m-57s/ext2_f00076.png
RAIL+t3d58310+2023-07-27-15h-54m-57s,ext2,b100,83,549,549,24259877,ok,1.0,auto,0.8231624098264769,0.016695963541666668,False,True,0.000848896434634927,0.0012782118055555557,0.8231624098264769,0.016695963541666668,masks/RAIL+t3d58310+2023-07-27-15h-54m-57s/ext2_f00083.png
RAIL+t3d58310+2023-07-27-17h-17m-43s,ext2,b050,49,497,497,24259877,ok,0.6666666666666666,auto,0.4246236133122029,0.010954861111111111,False,True,0.0031656700668307725,0.006169704861111111,0.4246236133122029,0.010954861111111111,masks/RAIL+t3d58310+2023-07-27-17h-17m-43s/ext2_f00049.png
RAIL+t3d58310+2023-07-27-17h-17m-43s,ext2,b100,68,497,497,24259877,ok,1.0,auto,0.42695373612456233,0.014564887152777779,False,True,0.02405995266894556,0.008253038194444444,0.42695373612456233,0.014564887152777779,masks/RAIL+t3d58310+2023-07-27-17h-17m-43s/ext2_f00068.png
RAIL+t3d58310+2023-07-27-17h-22m-46s,ext2,b050,79,405,405,24259877,ok,0.8333333333333334,auto,0.2920244385733157,0.013142361111111112,False,True,0.091664867199309,0.010049913194444444,0.2920244385733157,0.013142361111111112,masks/RAIL+t3d58310+2023-07-27-17h-22m-46s/ext2_f00079.png
RAIL+t3d58310+2023-07-27-17h-22m-46s,ext2,b100,85,405,405,24259877,ok,1.0,auto,0.29739033870072185,0.009771050347222223,False,True,0.11391018619934279,0.006934678819444444,0.29739033870072185,0.009771050347222223,masks/RAIL+t3d58310+2023-07-27-17h-22m-46s/ext2_f00085.png
RAIL+t3d58310+2023-07-27-17h-28m-55s,ext1,b050,57,380,380,20521388,ok,0.5185185185185185,auto,0.9059576563269326,0.004407552083333334,False,True,0.0,0.016703559027777776,0.9059576563269326,0.004407552083333334,masks/RAIL+t3d58310+2023-07-27-17h-28m-55s/ext1_f00057.png
RAIL+t3d58310+2023-07-27-17h-28m-55s,ext2,b050,57,380,380,24259877,ok,0.7592592592592593,auto,1.0,0.10393229166666666,False,True,0.0,0.022348090277777777,1.0,0.10393229166666666,masks/RAIL+t3d58310+2023-07-27-17h-28m-55s/ext2_f00057.png
RAIL+t3d58310+2023-07-27-17h-28m-55s,ext2,b100,101,380,380,24259877,ok,1.0,auto,0.3348972658145931,0.006706814236111111,False,True,0.09957889521922214,0.004380425347222223,0.3348972658145931,0.006706814236111111,masks/RAIL+t3d58310+2023-07-27-17h-28m-55s/ext2_f00101.png
RAIL+t3d58310+2023-07-27-17h-30m-58s,ext2,b050,25,125,125,24259877,ok,0.7037037037037037,auto,0.21899909606376855,0.013204210069444444,False,True,0.007973143096936641,0.007757161458333333,0.21899909606376855,0.013204210069444444,masks/RAIL+t3d58310+2023-07-27-17h-30m-58s/ext2_f00025.png
RAIL+t3d58310+2023-07-27-17h-30m-58s,ext2,b100,37,125,125,24259877,ok,1.0,auto,0.3008506379784839,0.017348090277777777,False,True,0.0012584372497426166,0.009484592013888888,0.3008506379784839,0.017348090277777777,masks/RAIL+t3d58310+2023-07-27-17h-30m-58s/ext2_f00037.png
RAIL+t3d58310+2023-07-27-17h-47m-03s,ext2,b100,42,562,562,24259877,ok,1.0,auto,0.29187524066230264,0.008453776041666666,False,True,0.05328563359066085,0.005762803819444444,0.29187524066230264,0.008453776041666666,masks/RAIL+t3d58310+2023-07-27-17h-47m-03s/ext2_f00042.png
RAIL+t3d58310+2023-07-28-17h-26m-05s,ext2,b050,26,645,645,24259877,ok,0.5185185185185185,auto,0.42741108745367085,0.013759765625,False,True,0.0,0.004412977430555556,0.42741108745367085,0.013759765625,masks/RAIL+t3d58310+2023-07-28-17h-26m-05s/ext2_f00026.png
RAIL+t3d58310+2023-07-28-17h-26m-05s,ext2,b100,33,645,645,24259877,ok,1.0,auto,0.3004023522129372,0.017529296875,False,True,0.028735632183908066,0.010384114583333333,0.3004023522129372,0.017529296875,masks/RAIL+t3d58310+2023-07-28-17h-26m-05s/ext2_f00033.png
RAIL+t3d58310+2023-07-28-18h-02m-42s,ext1,b050,47,833,833,20521388,ok,1.0,auto,1.0,0.004491102430555556,False,True,0.0,0.02600368923611111,1.0,0.004491102430555556,masks/RAIL+t3d58310+2023-07-28-18h-02m-42s/ext1_f00047.png
RAIL+t3d58310+2023-07-28-18h-02m-42s,ext1,b100,58,833,833,20521388,ok,1.0,auto,0.23343286709623345,0.020712890625,False,True,0.0011102064984086502,0.014660373263888889,0.23343286709623345,0.020712890625,masks/RAIL+t3d58310+2023-07-28-18h-02m-42s/ext1_f00058.png
RAIL+t3d58310+2023-07-28-18h-10m-28s,ext1,b050,66,765,765,20521388,ok,0.5,auto,1.0,0.005682508680555556,False,True,0.0,0.010926649305555555,1.0,0.005682508680555556,masks/RAIL+t3d58310+2023-07-28-18h-10m-28s/ext1_f00066.png
RAIL+t3d58310+2023-07-28-18h-10m-28s,ext2,b050,66,765,765,24259877,ok,0.6481481481481481,auto,0.36726866505306277,0.029139539930555555,False,True,0.07262835770146214,0.015955946180555555,0.36726866505306277,0.029139539930555555,masks/RAIL+t3d58310+2023-07-28-18h-10m-28s/ext2_f00066.png
RAIL+t3d58310+2023-07-28-18h-10m-28s,ext2,b100,80,765,765,24259877,ok,1.0,auto,0.3807165944570525,0.015777994791666666,False,True,0.2877953123540947,0.011620008680555556,0.3807165944570525,0.015777994791666666,masks/RAIL+t3d58310+2023-07-28-18h-10m-28s/ext2_f00080.png
RAIL+t3d58310+2023-07-28-18h-27m-22s,ext2,b050,55,501,501,24259877,ok,0.5370370370370371,auto,0.4523879500367377,0.014767795138888888,False,True,0.0,0.004761284722222222,0.4523879500367377,0.014767795138888888,masks/RAIL+t3d58310+2023-07-28-18h-27m-22s/ext2_f00055.png
RAIL+t3d58310+2023-07-28-18h-27m-22s,ext2,b100,79,501,501,24259877,ok,1.0,auto,0.3901183020180933,0.015592447916666667,False,True,0.004305864884929456,0.007307942708333333,0.3901183020180933,0.015592447916666667,masks/RAIL+t3d58310+2023-07-28-18h-27m-22s/ext2_f00079.png
RAIL+t3d58310+2023-08-08-17h-00m-30s,ext1,b050,22,684,684,20521388,ok,0.6851851851851852,auto,1.0,0.0015625,False,True,0.0,0.002163628472222222,1.0,0.0015625,masks/RAIL+t3d58310+2023-08-08-17h-00m-30s/ext1_f00022.png
RAIL+t3d58310+2023-08-08-17h-00m-30s,ext1,b100,51,684,684,20521388,ok,1.0,auto,1.0,0.027267795138888887,False,True,0.0,0.0021343315972222224,1.0,0.027267795138888887,masks/RAIL+t3d58310+2023-08-08-17h-00m-30s/ext1_f00051.png
RAIL+t3d58310+2023-08-08-17h-00m-30s,ext2,b100,51,684,684,24259877,ok,1.0,auto,0.3823683701924404,0.07860026041666666,False,True,0.1115803323217962,0.05113172743055556,0.3823683701924404,0.07860026041666666,masks/RAIL+t3d58310+2023-08-08-17h-00m-30s/ext2_f00051.png
RAIL+t3d58310+2023-08-08-18h-02m-28s,ext1,b050,56,268,268,20521388,ok,0.7222222222222222,auto,0.9847812301838935,0.0017111545138888888,False,True,0.0,0.0006684027777777777,0.9847812301838935,0.0017111545138888888,masks/RAIL+t3d58310+2023-08-08-18h-02m-28s/ext1_f00056.png
RAIL+t3d58310+2023-08-08-18h-02m-28s,ext1,b100,61,268,268,20521388,ok,1.0,auto,1.0,0.03438368055555555,False,True,0.0,0.00138671875,1.0,0.03438368055555555,masks/RAIL+t3d58310+2023-08-08-18h-02m-28s/ext1_f00061.png
RAIL+t3d58310+2023-08-12-16h-51m-15s,ext1,b050,44,1464,1464,20521388,ok,0.8333333333333334,auto,1.0,0.014865451388888888,False,True,0.0,0.0060687934027777776,1.0,0.014865451388888888,masks/RAIL+t3d58310+2023-08-12-16h-51m-15s/ext1_f00044.png
RAIL+t3d58310+2023-08-12-16h-51m-15s,ext1,b100,50,1464,1464,20521388,ok,1.0,auto,1.0,0.01267795138888889,False,True,0.9978189749182116,0.007960069444444445,1.0,0.01267795138888889,masks/RAIL+t3d58310+2023-08-12-16h-51m-15s/ext1_f00050.png
RAIL+t3d58310+2023-08-12-17h-11m-35s,ext1,b050,21,1283,1283,20521388,ok,0.8333333333333334,auto,0.4129979035639413,0.00828125,False,True,0.0,0.004837239583333333,0.4129979035639413,0.00828125,masks/RAIL+t3d58310+2023-08-12-17h-11m-35s/ext1_f00021.png
RAIL+t3d58310+2023-08-12-17h-11m-35s,ext1,b100,47,1283,1283,20521388,ok,1.0,auto,1.0,0.0215625,False,True,0.9993566235604452,0.016865234375,1.0,0.0215625,masks/RAIL+t3d58310+2023-08-12-17h-11m-35s/ext1_f00047.png
REAL+4dbb5646+2023-05-19-16h-18m-41s,ext1,b050,24,391,391,20540549,ok,0.5,auto,0.8877507885409553,0.033369140625,False,True,0.7408339050232486,0.014235026041666666,0.8877507885409553,0.033369140625,masks/REAL+4dbb5646+2023-05-19-16h-18m-41s/ext1_f00024.png
REAL+4dbb5646+2023-05-19-16h-18m-41s,ext2,b050,24,391,391,23960472,ok,1.0,auto,1.0,0.014039713541666667,False,True,1.0,0.012623697916666666,1.0,0.014039713541666667,masks/REAL+4dbb5646+2023-05-19-16h-18m-41s/ext2_f00024.png
REAL+4dbb5646+2023-05-19-16h-18m-41s,ext1,b100,33,391,391,20540549,ok,1.0,auto,1.0,0.028047960069444444,False,True,1.0,0.024117838541666665,1.0,0.028047960069444444,masks/REAL+4dbb5646+2023-05-19-16h-18m-41s/ext1_f00033.png
REAL+4dbb5646+2023-05-19-16h-18m-41s,ext2,b100,33,391,391,23960472,ok,1.0,auto,1.0,0.009583333333333333,False,True,0.0004566210045662267,0.002376302083333333,1.0,0.009583333333333333,masks/REAL+4dbb5646+2023-05-19-16h-18m-41s/ext2_f00033.png
REAL+4dbb5646+2023-05-19-16h-20m-27s,ext1,b050,0,416,416,20540549,ok,0.6851851851851852,auto,0.7916157820573039,0.04620225694444444,False,True,0.7744777050202681,0.0417578125,0.7916157820573039,0.04620225694444444,masks/REAL+4dbb5646+2023-05-19-16h-20m-27s/ext1_f00000.png
REAL+4dbb5646+2023-05-19-16h-20m-27s,ext2,b050,0,416,416,23960472,ok,1.0,auto,1.0,0.005802951388888889,False,True,0.25540796963946866,0.002859157986111111,1.0,0.005802951388888889,masks/REAL+4dbb5646+2023-05-19-16h-20m-27s/ext2_f00000.png
REAL+4dbb5646+2023-05-19-16h-20m-27s,ext1,b100,16,416,416,20540549,ok,1.0,auto,1.0,0.027254774305555556,False,True,0.9863116444777799,0.02314670138888889,1.0,0.027254774305555556,masks/REAL+4dbb5646+2023-05-19-16h-20m-27s/ext1_f00016.png
REAL+4dbb5646+2023-05-19-16h-20m-27s,ext2,b100,16,416,416,23960472,ok,1.0,auto,1.0,0.011188151041666667,False,True,0.21700968523002417,0.0035850694444444445,1.0,0.011188151041666667,masks/REAL+4dbb5646+2023-05-19-16h-20m-27s/ext2_f00016.png
REAL+4dbb5646+2023-05-19-16h-21m-41s,ext1,b050,0,429,429,20540549,ok,0.9629629629629629,auto,1.0,0.020419921875,False,True,0.984805510534846,0.005355902777777778,1.0,0.020419921875,masks/REAL+4dbb5646+2023-05-19-16h-21m-41s/ext1_f00000.png
REAL+4dbb5646+2023-05-19-16h-21m-41s,ext1,b100,20,429,429,20540549,ok,1.0,auto,1.0,0.04632161458333333,False,True,0.998446787538457,0.036327039930555555,1.0,0.04632161458333333,masks/REAL+4dbb5646+2023-05-19-16h-21m-41s/ext1_f00020.png
REAL+4dbb5646+2023-05-19-16h-21m-41s,ext2,b100,20,429,429,23960472,ok,1.0,auto,1.0,0.008603515625,False,True,0.0,0.00302734375,1.0,0.008603515625,masks/REAL+4dbb5646+2023-05-19-16h-21m-41s/ext2_f00020.png
REAL+4dbb5646+2023-05-30-16h-08m-42s,ext1,b050,0,159,159,20540549,ok,0.9629629629629629,auto,0.7978723404255319,0.0010199652777777778,False,True,0.0,0.0009049479166666666,0.7978723404255319,0.0010199652777777778,masks/REAL+4dbb5646+2023-05-30-16h-08m-42s/ext1_f00000.png
REAL+4dbb5646+2023-05-30-16h-08m-42s,ext2,b050,0,159,159,23960472,ok,1.0,auto,1.0,0.002612847222222222,False,True,0.008571428571428563,0.0011393229166666667,1.0,0.002612847222222222,masks/REAL+4dbb5646+2023-05-30-16h-08m-42s/ext2_f00000.png
REAL+4dbb5646+2023-05-30-16h-08m-42s,ext1,b100,8,159,159,20540549,ok,1.0,auto,1.0,0.0032172309027777776,False,True,0.0,0.0009537760416666667,1.0,0.0032172309027777776,masks/REAL+4dbb5646+2023-05-30-16h-08m-42s/ext1_f00008.png
REAL+4dbb5646+2023-05-30-16h-08m-42s,ext2,b100,8,159,159,23960472,ok,1.0,auto,1.0,0.004142795138888889,False,True,0.27894002789400274,0.0015559895833333333,1.0,0.004142795138888889,masks/REAL+4dbb5646+2023-05-30-16h-08m-42s/ext2_f00008.png
REAL+4dbb5646+2023-05-30-16h-15m-06s,ext1,b050,0,134,134,20540549,ok,1.0,auto,1.0,0.0042361111111111115,False,True,0.2289416846652268,0.0020095486111111113,1.0,0.0042361111111111115,masks/REAL+4dbb5646+2023-05-30-16h-15m-06s/ext1_f00000.png
REAL+4dbb5646+2023-05-30-16h-15m-06s,ext2,b050,0,134,134,23960472,ok,1.0,auto,0.8676865117872025,0.019009331597222224,False,True,0.8288390576213455,0.015290798611111111,0.8676865117872025,0.019009331597222224,masks/REAL+4dbb5646+2023-05-30-16h-15m-06s/ext2_f00000.png
REAL+4dbb5646+2023-05-30-16h-17m-25s,ext1,b050,0,214,214,20540549,ok,1.0,auto,1.0,0.005998263888888889,False,True,0.0,0.00078125,1.0,0.005998263888888889,masks/REAL+4dbb5646+2023-05-30-16h-17m-25s/ext1_f00000.png
REAL+4dbb5646+2023-05-30-16h-17m-25s,ext2,b050,0,214,214,23960472,ok,1.0,auto,1.0,0.009847005208333334,False,True,0.0,0.005099826388888889,1.0,0.009847005208333334,masks/REAL+4dbb5646+2023-05-30-16h-17m-25s/ext2_f00000.png
REAL+4dbb5646+2023-05-30-16h-41m-21s,ext1,b050,0,174,174,20540549,ok,1.0,auto,0.9967571949736522,0.0026768663194444444,False,True,0.0,0.0007682291666666666,0.9967571949736522,0.0026768663194444444,masks/REAL+4dbb5646+2023-05-30-16h-41m-21s/ext1_f00000.png
REAL+4dbb5646+2023-05-30-16h-41m-21s,ext2,b050,0,174,174,23960472,ok,1.0,auto,0.9997845756139595,0.005036892361111111,False,True,0.19890260631001366,0.000791015625,0.9997845756139595,0.005036892361111111,masks/REAL+4dbb5646+2023-05-30-16h-41m-21s/ext2_f00000.png
REAL+4dbb5646+2023-05-30-16h-42m-23s,ext1,b050,0,321,321,20540549,ok,1.0,auto,1.0,0.003240017361111111,False,True,1.0,0.00099609375,1.0,0.003240017361111111,masks/REAL+4dbb5646+2023-05-30-16h-42m-23s/ext1_f00000.png
REAL+4dbb5646+2023-05-30-16h-42m-23s,ext2,b050,0,321,321,23960472,ok,1.0,auto,0.8898702732542092,0.01572482638888889,False,True,0.2733291298865069,0.0034418402777777776,0.8898702732542092,0.01572482638888889,masks/REAL+4dbb5646+2023-05-30-16h-42m-23s/ext2_f00000.png
REAL+4dbb5646+2023-06-07-11h-33m-32s,ext1,b050,7,285,285,20540549,ok,1.0,auto,0.9888504850039024,0.009731987847222222,False,True,0.9008135517664103,0.009736328125,0.9888504850039024,0.009731987847222222,masks/REAL+4dbb5646+2023-06-07-11h-33m-32s/ext1_f00007.png
REAL+4dbb5646+2023-06-07-11h-33m-32s,ext1,b100,15,285,285,20540549,ok,1.0,auto,0.4430742758818469,0.01513454861111111,False,True,0.38701980434263894,0.009095052083333333,0.4430742758818469,0.01513454861111111,masks/REAL+4dbb5646+2023-06-07-11h-33m-32s/ext1_f00015.png
REAL+4dbb5646+2023-06-07-11h-40m-00s,ext1,b050,0,189,189,20540549,ok,1.0,auto,0.6682920569742077,0.008455946180555556,False,True,0.33931357254290173,0.0013910590277777777,0.6682920569742077,0.008455946180555556,masks/REAL+4dbb5646+2023-06-07-11h-40m-00s/ext1_f00000.png
REAL+4dbb5646+2023-06-07-11h-40m-00s,ext1,b100,17,189,189,20540549,ok,1.0,auto,0.4781426269137792,0.010772569444444444,False,True,0.48331022715154104,0.010174696180555555,0.4781426269137792,0.010772569444444444,masks/REAL+4dbb5646+2023-06-07-11h-40m-00s/ext1_f00017.png
REAL+4dbb5646+2023-06-07-11h-41m-40s,ext1,b050,15,245,245,20540549,ok,1.0,auto,0.9970835670218733,0.009673394097222222,False,True,1.0,0.0006868489583333334,0.9970835670218733,0.009673394097222222,masks/REAL+4dbb5646+2023-06-07-11h-41m-40s/ext1_f00015.png
REAL+4dbb5646+2023-06-07-11h-41m-40s,ext1,b100,32,245,245,20540549,ok,1.0,auto,0.743927043822129,0.01344509548611111,False,True,0.6551948756921073,0.009994574652777777,0.743927043822129,0.01344509548611111,masks/REAL+4dbb5646+2023-06-07-11h-41m-40s/ext1_f00032.png
REAL+4dbb5646+2023-06-07-11h-46m-04s,ext1,b050,12,202,202,20540549,ok,1.0,auto,0.7224523092369478,0.017291666666666667,False,True,0.13294682127149138,0.005427517361111111,0.7224523092369478,0.017291666666666667,masks/REAL+4dbb5646+2023-06-07-11h-46m-04s/ext1_f00012.png
REAL+4dbb5646+2023-06-07-11h-46m-04s,ext1,b100,34,202,202,20540549,ok,1.0,auto,0.8004177909304553,0.012466362847222223,False,True,0.10300207039337472,0.0020963541666666665,0.8004177909304553,0.012466362847222223,masks/REAL+4dbb5646+2023-06-07-11h-46m-04s/ext1_f00034.png
REAL+4dbb5646+2023-06-07-11h-56m-17s,ext1,b050,25,404,404,20540549,ok,1.0,auto,1.0,0.01842990451388889,False,True,1.0,0.0006206597222222222,1.0,0.01842990451388889,masks/REAL+4dbb5646+2023-06-07-11h-56m-17s/ext1_f00025.png
REAL+4dbb5646+2023-06-07-11h-56m-17s,ext1,b100,44,404,404,20540549,ok,1.0,auto,0.9788750318147111,0.03410590277777778,False,True,0.977801091061687,0.02585720486111111,0.9788750318147111,0.03410590277777778,masks/REAL+4dbb5646+2023-06-07-11h-56m-17s/ext1_f00044.png
REAL+4dbb5646+2023-06-07-11h-57m-41s,ext1,b050,17,216,216,20540549,ok,1.0,auto,0.9762021349525022,0.011079644097222223,False,True,0.9748704409895375,0.011097005208333333,0.9762021349525022,0.011079644097222223,masks/REAL+4dbb5646+2023-06-07-11h-57m-41s/ext1_f00017.png
REAL+4dbb5646+2023-06-07-11h-57m-41s,ext1,b100,24,216,216,20540549,ok,1.0,auto,0.8285772941901047,0.010570746527777777,False,True,0.6225870867539383,0.004890407986111111,0.8285772941901047,0.010570746527777777,masks/REAL+4dbb5646+2023-06-07-11h-57m-41s/ext1_f00024.png
REAL+4dbb5646+2023-06-07-11h-59m-09s,ext1,b050,23,189,189,20540549,ok,1.0,auto,1.0,0.007462022569444444,False,True,1.0,0.0005805121527777778,1.0,0.007462022569444444,masks/REAL+4dbb5646+2023-06-07-11h-59m-09s/ext1_f00023.png
REAL+4dbb5646+2023-06-07-11h-59m-09s,ext1,b100,42,189,189,20540549,ok,1.0,auto,0.7985699071961052,0.014264322916666667,False,True,0.6080012405024035,0.006997612847222222,0.7985699071961052,0.014264322916666667,masks/REAL+4dbb5646+2023-06-07-11h-59m-09s/ext1_f00042.png
REAL+4dbb5646+2023-06-07-12h-01m-04s,ext1,b050,12,207,207,20540549,ok,1.0,auto,0.8745660377358491,0.007188585069444444,False,True,0.48362720403022674,0.0008615451388888889,0.8745660377358491,0.007188585069444444,masks/REAL+4dbb5646+2023-06-07-12h-01m-04s/ext1_f00012.png
REAL+4dbb5646+2023-06-07-12h-01m-04s,ext1,b100,23,207,207,20540549,ok,1.0,auto,0.9948368241597662,0.011138237847222222,False,True,0.9945361162714458,0.00992947048611111,0.9948368241597662,0.011138237847222222,masks/REAL+4dbb5646+2023-06-07-12h-01m-04s/ext1_f00023.png
REAL+4dbb5646+2023-06-07-12h-01m-28s,ext1,b050,29,191,191,20540549,ok,1.0,auto,0.9417536653545553,0.03804036458333333,False,True,0.9356957339463235,0.03634657118055556,0.9417536653545553,0.03804036458333333,masks/REAL+4dbb5646+2023-06-07-12h-01m-28s/ext1_f00029.png
REAL+4dbb5646+2023-06-07-12h-01m-28s,ext1,b100,48,191,191,20540549,ok,1.0,auto,0.9379054284738819,0.05085069444444444,False,True,0.9095705218036436,0.03948893229166667,0.9379054284738819,0.05085069444444444,masks/REAL+4dbb5646+2023-06-07-12h-01m-28s/ext1_f00048.png
REAL+4dbb5646+2023-06-21-15h-42m-14s,ext1,b100,41,277,277,20540549,ok,1.0,auto,0.705011814450939,0.026175130208333335,False,True,0.1668616896793822,0.004636501736111111,0.705011814450939,0.026175130208333335,masks/REAL+4dbb5646+2023-06-21-15h-42m-14s/ext1_f00041.png
REAL+4dbb5646+2023-06-21-15h-42m-14s,ext2,b100,41,277,277,23960472,ok,1.0,auto,0.7584183829371143,0.017754991319444444,False,True,0.581959456094038,0.02178493923611111,0.7584183829371143,0.017754991319444444,masks/REAL+4dbb5646+2023-06-21-15h-42m-14s/ext2_f00041.png
REAL+4dbb5646+2023-06-21-15h-47m-05s,ext2,b050,58,217,217,23960472,ok,0.9629629629629629,auto,0.35515052699004246,0.018633897569444443,False,True,0.20267228233243773,0.014942491319444445,0.35515052699004246,0.018633897569444443,masks/REAL+4dbb5646+2023-06-21-15h-47m-05s/ext2_f00058.png
REAL+4dbb5646+2023-06-21-15h-47m-05s,ext2,b100,69,217,217,23960472,ok,1.0,auto,0.5855975259553788,0.0196484375,False,True,0.0,0.007022569444444444,0.5855975259553788,0.0196484375,masks/REAL+4dbb5646+2023-06-21-15h-47m-05s/ext2_f00069.png
REAL+4dbb5646+2023-06-21-15h-48m-30s,ext2,b050,18,173,173,23960472,ok,0.9629629629629629,auto,0.32307376628706264,0.010576171875,False,True,0.0914520343411721,0.011627604166666666,0.32307376628706264,0.010576171875,masks/REAL+4dbb5646+2023-06-21-15h-48m-30s/ext2_f00018.png
REAL+4dbb5646+2023-06-21-15h-48m-30s,ext2,b100,28,173,173,23960472,ok,1.0,auto,0.8158401415413437,0.02085177951388889,False,True,0.0,0.007212456597222222,0.8158401415413437,0.02085177951388889,masks/REAL+4dbb5646+2023-06-21-15h-48m-30s/ext2_f00028.png
REAL+4dbb5646+2023-06-21-15h-51m-08s,ext2,b050,18,257,257,23960472,ok,1.0,auto,0.536472285184422,0.010531684027777778,False,True,0.2860723626852659,0.009956597222222223,0.536472285184422,0.010531684027777778,masks/REAL+4dbb5646+2023-06-21-15h-51m-08s/ext2_f00018.png
REAL+4dbb5646+2023-06-21-15h-51m-08s,ext2,b100,93,257,257,23960472,ok,1.0,auto,0.6047992721482998,0.01908203125,False,True,0.0,0.006841362847222222,0.6047992721482998,0.01908203125,masks/REAL+4dbb5646+2023-06-21-15h-51m-08s/ext2_f00093.png
REAL+4dbb5646+2023-06-21-15h-52m-18s,ext1,b050,49,215,215,20540549,ok,0.5,auto,1.0,0.006391059027777778,False,True,0.17462482946794,0.0007953559027777777,1.0,0.006391059027777778,masks/REAL+4dbb5646+2023-06-21-15h-52m-18s/ext1_f00049.png
REAL+4dbb5646+2023-06-21-15h-52m-18s,ext2,b050,49,215,215,23960472,ok,1.0,auto,0.4715837998024366,0.01647677951388889,False,True,0.4669479606188467,0.016201171875,0.4715837998024366,0.01647677951388889,masks/REAL+4dbb5646+2023-06-21-15h-52m-18s/ext2_f00049.png
REAL+4dbb5646+2023-06-21-15h-52m-18s,ext2,b100,172,215,215,23960472,ok,1.0,auto,0.5481703053375806,0.02793185763888889,False,True,0.0,0.007872178819444445,0.5481703053375806,0.02793185763888889,masks/REAL+4dbb5646+2023-06-21-15h-52m-18s/ext2_f00172.png
REAL+4dbb5646+2023-06-21-16h-01m-31s,ext1,b050,24,215,215,20540549,ok,0.5740740740740741,auto,0.46325661751095204,0.017585720486111112,False,True,0.18366019146760848,0.011674262152777778,0.46325661751095204,0.017585720486111112,masks/REAL+4dbb5646+2023-06-21-16h-01m-31s/ext1_f00024.png
REAL+4dbb5646+2023-06-21-16h-01m-31s,ext2,b050,24,215,215,23960472,ok,0.5,auto,0.4900317238569225,0.03728190104166667,False,True,0.0003477656059815981,0.006240234375,0.4900317238569225,0.03728190104166667,masks/REAL+4dbb5646+2023-06-21-16h-01m-31s/ext2_f00024.png
REAL+4dbb5646+2023-06-21-16h-01m-31s,ext1,b100,39,215,215,20540549,ok,1.0,auto,0.46608365722746625,0.023450520833333332,False,True,0.004210376079354927,0.015205078125,0.46608365722746625,0.023450520833333332,masks/REAL+4dbb5646+2023-06-21-16h-01m-31s/ext1_f00039.png
REAL+4dbb5646+2023-06-21-16h-01m-31s,ext2,b100,39,215,215,23960472,ok,1.0,auto,0.628981373438783,0.025107421875,False,True,0.4142365097588978,0.014176432291666667,0.628981373438783,0.025107421875,masks/REAL+4dbb5646+2023-06-21-16h-01m-31s/ext2_f00039.png
REAL+4dbb5646+2023-06-21-16h-02m-25s,ext2,b100,25,209,209,23960472,ok,1.0,auto,0.5032159402689695,0.024124348958333333,False,True,0.00029577048210593926,0.007337239583333334,0.5032159402689695,0.024124348958333333,masks/REAL+4dbb5646+2023-06-21-16h-02m-25s/ext2_f00025.png
REAL+4dbb5646+2023-06-21-16h-07m-02s,ext2,b050,35,195,195,23960472,ok,0.5370370370370371,auto,0.2557944239166947,0.03230251736111111,False,True,0.18835923490735207,0.029045138888888888,0.2557944239166947,0.03230251736111111,masks/REAL+4dbb5646+2023-06-21-16h-07m-02s/ext2_f00035.png
REAL+4dbb5646+2023-06-21-16h-07m-02s,ext1,b100,42,195,195,20540549,ok,1.0,auto,0.5001460536308933,0.018573133680555555,False,True,0.15163685043203112,0.008916015625,0.5001460536308933,0.018573133680555555,masks/REAL+4dbb5646+2023-06-21-16h-07m-02s/ext1_f00042.png
REAL+4dbb5646+2023-06-21-16h-07m-02s,ext2,b100,42,195,195,23960472,ok,1.0,auto,0.3538964638066733,0.019576822916666667,False,True,0.2057605824826897,0.030401475694444444,0.3538964638066733,0.019576822916666667,masks/REAL+4dbb5646+2023-06-21-16h-07m-02s/ext2_f00042.png
REAL+4dbb5646+2023-06-21-16h-11m-19s,ext2,b050,15,212,212,23960472,ok,0.9074074074074074,auto,0.22367154408933387,0.022543402777777777,False,True,0.19176378460546317,0.023555772569444446,0.22367154408933387,0.022543402777777777,masks/REAL+4dbb5646+2023-06-21-16h-11m-19s/ext2_f00015.png
REAL+4dbb5646+2023-06-21-16h-11m-19s,ext2,b100,23,212,212,23960472,ok,1.0,auto,0.663618218109236,0.029899088541666667,False,True,0.11063452152048514,0.007336154513888889,0.663618218109236,0.029899088541666667,masks/REAL+4dbb5646+2023-06-21-16h-11m-19s/ext2_f00023.png
REAL+4dbb5646+2023-06-21-16h-24m-22s,ext1,b050,27,187,187,20540549,ok,0.5,auto,1.0,0.006238064236111111,False,True,0.0,0.002427300347222222,1.0,0.006238064236111111,masks/REAL+4dbb5646+2023-06-21-16h-24m-22s/ext1_f00027.png
REAL+4dbb5646+2023-06-21-16h-24m-22s,ext2,b050,27,187,187,23960472,ok,1.0,auto,0.27927359416631603,0.015475260416666666,False,True,0.26551600143833154,0.015087890625,0.27927359416631603,0.015475260416666666,masks/REAL+4dbb5646+2023-06-21-16h-24m-22s/ext2_f00027.png
REAL+4dbb5646+2023-06-21-16h-24m-22s,ext2,b100,50,187,187,23960472,ok,1.0,auto,0.8667268012177247,0.009623480902777778,False,True,0.8314356435643564,0.008767361111111111,0.8667268012177247,0.009623480902777778,masks/REAL+4dbb5646+2023-06-21-16h-24m-22s/ext2_f00050.png
REAL+4f8ca688+2023-05-17-10h-45m-52s,ext2,b050,26,275,275,23960472,ok,1.0,auto,0.8720992984349702,0.006031901041666667,False,True,0.8503492745835572,0.004038628472222222,0.8720992984349702,0.006031901041666667,masks/REAL+4f8ca688+2023-05-17-10h-45m-52s/ext2_f00026.png
REAL+4f8ca688+2023-05-17-10h-45m-52s,ext2,b100,44,275,275,23960472,ok,1.0,auto,0.905508043777286,0.018143446180555557,False,True,0.8983197644205786,0.012528211805555555,0.905508043777286,0.018143446180555557,masks/REAL+4f8ca688+2023-05-17-10h-45m-52s/ext2_f00044.png
REAL+4f8ca688+2023-05-17-10h-54m-25s,ext2,b050,17,124,124,23960472,ok,1.0,auto,0.9981528843421427,0.00763671875,False,True,1.0,0.0036979166666666666,0.9981528843421427,0.00763671875,masks/REAL+4f8ca688+2023-05-17-10h-54m-25s/ext2_f00017.png
REAL+4f8ca688+2023-05-17-10h-54m-25s,ext2,b100,23,124,124,23960472,ok,1.0,auto,0.9592635092843731,0.02080295138888889,False,True,0.9517592532149618,0.016622178819444444,0.9592635092843731,0.02080295138888889,masks/REAL+4f8ca688+2023-05-17-10h-54m-25s/ext2_f00023.png
REAL+4f8ca688+2023-05-20-11h-45m-27s,ext1,b050,43,284,284,20540549,ok,1.0,auto,1.0,0.0044563802083333335,False,True,0.18181818181818177,2.387152777777778e-05,1.0,0.0044563802083333335,masks/REAL+4f8ca688+2023-05-20-11h-45m-27s/ext1_f00043.png
REAL+4f8ca688+2023-05-20-11h-45m-27s,ext2,b050,43,284,284,23960472,ok,0.5185185185185185,auto,1.0,0.005313585069444444,False,True,0.9991580719848453,0.005155164930555556,1.0,0.005313585069444444,masks/REAL+4f8ca688+2023-05-20-11h-45m-27s/ext2_f00043.png
REAL+4f8ca688+2023-05-20-11h-45m-27s,ext1,b100,51,284,284,20540549,ok,1.0,auto,1.0,0.005620659722222222,False,True,0.0,3.2552083333333335e-06,1.0,0.005620659722222222,masks/REAL+4f8ca688+2023-05-20-11h-45m-27s/ext1_f00051.png
REAL+4f8ca688+2023-05-20-11h-45m-27s,ext2,b100,51,284,284,23960472,ok,1.0,auto,1.0,0.004773220486111111,False,True,0.9909224730127576,0.004422743055555556,1.0,0.004773220486111111,masks/REAL+4f8ca688+2023-05-20-11h-45m-27s/ext2_f00051.png
REAL+4f8ca688+2023-05-20-11h-50m-07s,ext1,b050,17,525,525,20540549,ok,0.5,auto,1.0,0.02519314236111111,False,True,1.0,0.02444878472222222,1.0,0.02519314236111111,masks/REAL+4f8ca688+2023-05-20-11h-50m-07s/ext1_f00017.png
REAL+4f8ca688+2023-05-20-11h-50m-07s,ext2,b050,17,525,525,23960472,ok,0.7222222222222222,auto,1.0,0.007287326388888889,False,True,0.10874053682037166,0.0015766059027777777,1.0,0.007287326388888889,masks/REAL+4f8ca688+2023-05-20-11h-50m-07s/ext2_f00017.png
REAL+4f8ca688+2023-05-20-11h-50m-07s,ext1,b100,32,525,525,20540549,ok,1.0,auto,1.0,0.021155598958333334,False,True,1.0,0.0097265625,1.0,0.021155598958333334,masks/REAL+4f8ca688+2023-05-20-11h-50m-07s/ext1_f00032.png
REAL+4f8ca688+2023-05-20-11h-50m-07s,ext2,b100,32,525,525,23960472,ok,1.0,auto,1.0,0.006465928819444445,False,True,0.7440525020508614,0.005290798611111111,1.0,0.006465928819444445,masks/REAL+4f8ca688+2023-05-20-11h-50m-07s/ext2_f00032.png
REAL+4f8ca688+2023-05-21-09h-09m-19s,ext1,b050,55,392,392,20540549,ok,0.5,auto,0.8218297625940938,0.018739149305555557,False,True,0.7396664249456127,0.017955729166666667,0.8218297625940938,0.018739149305555557,masks/REAL+4f8ca688+2023-05-21-09h-09m-19s/ext1_f00055.png
REAL+4f8ca688+2023-05-21-09h-09m-19s,ext1,b100,150,392,392,20540549,ok,1.0,auto,0.9587854757929883,0.010399305555555556,False,True,0.9101960784313725,0.011067708333333334,0.9587854757929883,0.010399305555555556,masks/REAL+4f8ca688+2023-05-21-09h-09m-19s/ext1_f00150.png
REAL+4f8ca688+2023-05-21-09h-22m-04s,ext1,b050,21,366,366,20540549,ok,0.5925925925925926,auto,0.7830934403020293,0.01839409722222222,False,True,0.15447114916804516,0.02230251736111111,0.7830934403020293,0.01839409722222222,masks/REAL+4f8ca688+2023-05-21-09h-22m-04s/ext1_f00021.png
REAL+4f8ca688+2023-05-21-09h-22m-04s,ext1,b100,26,366,366,20540549,ok,1.0,auto,0.6598224195338513,0.021508246527777778,False,True,0.012724550898203568,0.007248263888888889,0.6598224195338513,0.021508246527777778,masks/REAL+4f8ca688+2023-05-21-09h-22m-04s/ext1_f00026.png
REAL+4f8ca688+2023-05-21-09h-26m-58s,ext1,b050,22,288,288,20540549,ok,0.5555555555555556,auto,1.0,0.015537109375,False,True,0.9060743178390237,0.015826822916666667,1.0,0.015537109375,masks/REAL+4f8ca688+2023-05-21-09h-26m-58s/ext1_f00022.png
REAL+4f8ca688+2023-05-21-09h-26m-58s,ext1,b100,30,288,288,20540549,ok,1.0,auto,1.0,0.010245225694444445,False,True,0.001686340640809414,0.001286892361111111,1.0,0.010245225694444445,masks/REAL+4f8ca688+2023-05-21-09h-26m-58s/ext1_f00030.png
REAL+4f8ca688+2023-05-21-09h-28m-40s,ext1,b050,0,91,91,20540549,ok,0.9444444444444444,auto,1.0,0.013128255208333333,False,True,0.14187059000150126,0.014455295138888888,1.0,0.013128255208333333,masks/REAL+4f8ca688+2023-05-21-09h-28m-40s/ext1_f00000.png
REAL+4f8ca688+2023-05-21-09h-28m-40s,ext1,b100,14,91,91,20540549,ok,1.0,auto,1.0,0.014141710069444445,False,True,0.4160957490713991,0.013145616319444444,1.0,0.014141710069444445,masks/REAL+4f8ca688+2023-05-21-09h-28m-40s/ext1_f00014.png
REAL+4f8ca688+2023-05-21-09h-33m-01s,ext1,b050,25,300,300,20540549,ok,0.5,auto,1.0,0.009625651041666667,False,True,0.9996321275291232,0.008848741319444445,1.0,0.009625651041666667,masks/REAL+4f8ca688+2023-05-21-09h-33m-01s/ext1_f00025.png
REAL+4f8ca688+2023-05-21-09h-33m-01s,ext1,b100,30,300,300,20540549,ok,1.0,auto,1.0,0.008567708333333333,False,True,0.4652014652014652,0.000888671875,1.0,0.008567708333333333,masks/REAL+4f8ca688+2023-05-21-09h-33m-01s/ext1_f00030.png
REAL+4f8ca688+2023-05-27-10h-45m-35s,ext1,b050,0,323,323,20540549,ok,1.0,auto,0.49467009025832553,0.027890625,False,True,0.11185749867914563,0.014376085069444445,0.49467009025832553,0.027890625,masks/REAL+4f8ca688+2023-05-27-10h-45m-35s/ext1_f00000.png
REAL+4f8ca688+2023-05-27-11h-08m-47s,ext1,b050,0,110,110,20540549,ok,1.0,auto,0.6954727030625832,0.024446614583333335,False,True,0.005824535857298918,0.005961371527777778,0.6954727030625832,0.024446614583333335,masks/REAL+4f8ca688+2023-05-27-11h-08m-47s/ext1_f00000.png
REAL+4f8ca688+2023-05-27-11h-08m-47s,ext2,b050,0,110,110,23960472,ok,0.8333333333333334,auto,0.25977540251657416,0.008019748263888888,False,True,0.25757369922564866,0.007987196180555555,0.25977540251657416,0.008019748263888888,masks/REAL+4f8ca688+2023-05-27-11h-08m-47s/ext2_f00000.png
REAL+4f8ca688+2023-05-27-11h-08m-47s,ext1,b100,11,110,110,20540549,ok,1.0,auto,0.7668228279386712,0.020381944444444446,False,True,0.024161073825503365,0.004041883680555556,0.7668228279386712,0.020381944444444446,masks/REAL+4f8ca688+2023-05-27-11h-08m-47s/ext1_f00011.png
REAL+4f8ca688+2023-05-27-11h-28m-13s,ext1,b050,0,286,286,20540549,ok,1.0,auto,0.4261722162896806,0.011177300347222223,False,True,0.11174116077384921,0.0065060763888888885,0.4261722162896806,0.011177300347222223,masks/REAL+4f8ca688+2023-05-27-11h-28m-13s/ext1_f00000.png
REAL+4f8ca688+2023-05-27-11h-30m-12s,ext1,b050,0,199,199,20540549,ok,1.0,auto,0.2583189433891818,0.02324978298611111,False,True,0.24435603700330732,0.022637803819444444,0.2583189433891818,0.02324978298611111,masks/REAL+4f8ca688+2023-05-27-11h-30m-12s/ext1_f00000.png
REAL+4f8ca688+2023-05-27-11h-30m-12s,ext2,b050,0,199,199,23960472,ok,0.9444444444444444,auto,1.0,0.0038563368055555556,False,True,1.0,0.003408203125,1.0,0.0038563368055555556,masks/REAL+4f8ca688+2023-05-27-11h-30m-12s/ext2_f00000.png
REAL+4f8ca688+2023-05-27-11h-30m-12s,ext1,b100,21,199,199,20540549,ok,1.0,auto,0.5185059230289633,0.019143880208333332,False,True,0.5154627345229216,0.018911675347222223,0.5185059230289633,0.019143880208333332,masks/REAL+4f8ca688+2023-05-27-11h-30m-12s/ext1_f00021.png
REAL+4f8ca688+2023-05-27-11h-30m-12s,ext2,b100,21,199,199,23960472,ok,1.0,auto,1.0,0.011959635416666666,False,True,1.0,0.011923828125,1.0,0.011959635416666666,masks/REAL+4f8ca688+2023-05-27-11h-30m-12s/ext2_f00021.png
REAL+4f8ca688+2023-06-08-12h-23m-57s,ext1,b050,16,186,186,20540549,ok,0.5,auto,1.0,0.008901909722222223,False,True,1.0,0.009100477430555556,1.0,0.008901909722222223,masks/REAL+4f8ca688+2023-06-08-12h-23m-57s/ext1_f00016.png
REAL+4f8ca688+2023-06-08-12h-23m-57s,ext2,b050,16,186,186,23960472,ok,0.9259259259259259,auto,0.327565076719447,0.022134331597222223,False,True,0.0,0.007974175347222221,0.327565076719447,0.022134331597222223,masks/REAL+4f8ca688+2023-06-08-12h-23m-57s/ext2_f00016.png
REAL+4f8ca688+2023-06-08-12h-23m-57s,ext1,b100,40,186,186,20540549,ok,1.0,auto,1.0,0.014254557291666666,False,True,0.974416316307362,0.012129991319444445,1.0,0.014254557291666666,masks/REAL+4f8ca688+2023-06-08-12h-23m-57s/ext1_f00040.png
REAL+4f8ca688+2023-06-08-14h-23m-57s,ext2,b050,26,150,150,23960472,ok,0.5,auto,0.6096788450206246,0.014730902777777779,False,True,0.019750889679715278,0.006098090277777778,0.6096788450206246,0.014730902777777779,masks/REAL+4f8ca688+2023-06-08-14h-23m-57s/ext2_f00026.png
REAL+4f8ca688+2023-06-08-14h-23m-57s,ext2,b100,52,150,150,23960472,ok,1.0,auto,0.7899288603710419,0.007778862847222222,False,True,0.7869713312517741,0.0076453993055555555,0.7899288603710419,0.007778862847222222,masks/REAL+4f8ca688+2023-06-08-14h-23m-57s/ext2_f00052.png
REAL+4f8ca688+2023-06-08-14h-29m-21s,ext2,b050,65,473,473,23960472,ok,0.5370370370370371,auto,0.7537403389349784,0.015302734375,False,True,0.7474582296480625,0.015261501736111112,0.7537403389349784,0.015302734375,masks/REAL+4f8ca688+2023-06-08-14h-29m-21s/ext2_f00065.png
REAL+4f8ca688+2023-06-08-14h-29m-21s,ext2,b100,172,473,473,23960472,ok,1.0,auto,0.9031989644970414,0.01173611111111111,False,True,0.7730651155275489,0.013430989583333334,0.9031989644970414,0.01173611111111111,masks/REAL+4f8ca688+2023-06-08-14h-29m-21s/ext2_f00172.png
REAL+4f8ca688+2023-06-08-14h-36m-12s,ext2,b050,41,425,425,23960472,ok,0.5370370370370371,auto,0.4355097004541755,0.04133138020833333,False,True,0.10506939742721733,0.025642361111111112,0.4355097004541755,0.04133138020833333,masks/REAL+4f8ca688+2023-06-08-14h-36m-12s/ext2_f00041.png
REAL+4f8ca688+2023-06-08-14h-36m-12s,ext2,b100,50,425,425,23960472,ok,1.0,auto,0.6331007853977447,0.024729817708333334,False,True,0.2541069415364793,0.053897569444444446,0.6331007853977447,0.024729817708333334,masks/REAL+4f8ca688+2023-06-08-14h-36m-12s/ext2_f00050.png
REAL+4f8ca688+2023-06-08-14h-44m-20s,ext2,b050,37,167,167,23960472,ok,0.5555555555555556,auto,0.8574634233910781,0.012088758680555556,False,True,0.5732078605037365,0.003920355902777777,0.8574634233910781,0.012088758680555556,masks/REAL+4f8ca688+2023-06-08-14h-44m-20s/ext2_f00037.png
REAL+4f8ca688+2023-06-08-14h-44m-20s,ext2,b100,65,167,167,23960472,ok,1.0,auto,0.9639262492206289,0.012182074652777777,False,True,0.8092330061795711,0.014925130208333333,0.9639262492206289,0.012182074652777777,masks/REAL+4f8ca688+2023-06-08-14h-44m-20s/ext2_f00065.png
REAL+4f8ca688+2023-06-08-14h-48m-03s,ext2,b050,61,313,313,23960472,ok,0.8333333333333334,auto,1.0,0.008548177083333334,False,True,1.0,0.008358289930555556,1.0,0.008548177083333334,masks/REAL+4f8ca688+2023-06-08-14h-48m-03s/ext2_f00061.png
REAL+4f8ca688+2023-06-08-14h-48m-03s,ext2,b100,87,313,313,23960472,ok,1.0,auto,0.9894906466755412,0.015487196180555555,False,True,0.687801479258227,0.020245225694444445,0.9894906466755412,0.015487196180555555,masks/REAL+4f8ca688+2023-06-08-14h-48m-03s/ext2_f00087.png
REAL+4f8ca688+2023-06-08-14h-51m-50s,ext2,b050,46,193,193,23960472,ok,0.5,auto,0.9674346477625166,0.014694010416666667,False,True,0.5754385964912281,0.024430338541666666,0.9674346477625166,0.014694010416666667,masks/REAL+4f8ca688+2023-06-08-14h-51m-50s/ext2_f00046.png
REAL+4f8ca688+2023-06-08-14h-51m-50s,ext2,b100,135,193,193,23960472,ok,1.0,auto,0.4370356167010211,0.022635633680555555,False,True,0.4017816699380945,0.021559244791666668,0.4370356167010211,0.022635633680555555,masks/REAL+4f8ca688+2023-06-08-14h-51m-50s/ext2_f00135.png
REAL+4f8ca688+2023-06-08-14h-52m-35s,ext2,b100,69,267,267,23960472,ok,1.0,auto,0.7303186907838071,0.01259765625,False,True,0.4017453474923772,0.020640190972222222,0.7303186907838071,0.01259765625,masks/REAL+4f8ca688+2023-06-08-14h-52m-35s/ext2_f00069.png
REAL+4f8ca688+2023-06-08-15h-00m-30s,ext2,b050,23,402,402,23960472,ok,0.5185185185185185,auto,0.3124472573839663,0.025716145833333332,False,True,0.1962241107322783,0.021322699652777777,0.3124472573839663,0.025716145833333332,masks/REAL+4f8ca688+2023-06-08-15h-00m-30s/ext2_f00023.png
REAL+4f8ca688+2023-06-08-15h-00m-30s,ext2,b100,61,402,402,23960472,ok,1.0,auto,0.7656817631387746,0.008960503472222223,False,True,0.763154696803986,0.008929036458333333,0.7656817631387746,0.008960503472222223,masks/REAL+4f8ca688+2023-06-08-15h-00m-30s/ext2_f00061.png
REAL+4f8ca688+2023-06-15-15h-05m-48s,ext1,b050,47,571,571,20540549,ok,0.5,auto,0.5598596212422196,0.01638671875,False,True,0.4861727001531887,0.013458116319444444,0.5598596212422196,0.01638671875,masks/REAL+4f8ca688+2023-06-15-15h-05m-48s/ext1_f00047.png
REAL+4f8ca688+2023-06-15-15h-17m-33s,ext1,b050,55,794,794,20540549,ok,0.5,auto,0.21087326864676692,0.014649522569444445,False,True,0.12815430357551272,0.014232855902777777,0.21087326864676692,0.014649522569444445,masks/REAL+4f8ca688+2023-06-15-15h-17m-33s/ext1_f00055.png
REAL+4f8ca688+2023-06-15-15h-21m-30s,ext1,b050,61,404,404,20540549,ok,0.5,auto,0.25312527706356946,0.012238498263888889,False,True,0.21771717536572155,0.012016059027777777,0.25312527706356946,0.012238498263888889,masks/REAL+4f8ca688+2023-06-15-15h-21m-30s/ext1_f00061.png
REAL+4f8ca688+2023-06-27-11h-35m-05s,ext1,b050,15,112,112,20540549,ok,0.5370370370370371,auto,1.0,0.010848524305555555,False,True,1.0,0.0006998697916666667,1.0,0.010848524305555555,masks/REAL+4f8ca688+2023-06-27-11h-35m-05s/ext1_f00015.png
REAL+4f8ca688+2023-06-27-11h-35m-05s,ext2,b050,15,112,112,23960472,ok,0.5,auto,0.9829059829059829,0.001904296875,False,True,0.0,0.0003786892361111111,0.9829059829059829,0.001904296875,masks/REAL+4f8ca688+2023-06-27-11h-35m-05s/ext2_f00015.png
REAL+4f8ca688+2023-06-27-11h-35m-05s,ext1,b100,21,112,112,20540549,ok,1.0,auto,1.0,0.011929253472222222,False,True,nan,0.0,1.0,0.011929253472222222,masks/REAL+4f8ca688+2023-06-27-11h-35m-05s/ext1_f00021.png
REAL+4f8ca688+2023-06-27-11h-35m-05s,ext2,b100,21,112,112,23960472,ok,1.0,auto,0.01041666666666663,0.00020833333333333335,True,False,0.0,0.00023980034722222222,0.01041666666666663,0.00020833333333333335,masks/REAL+4f8ca688+2023-06-27-11h-35m-05s/ext2_f00021.png
REAL+4f8ca688+2023-06-27-11h-46m-30s,ext1,b050,26,343,343,20540549,ok,0.5,auto,1.0,0.001220703125,False,True,0.0,0.0010872395833333333,1.0,0.001220703125,masks/REAL+4f8ca688+2023-06-27-11h-46m-30s/ext1_f00026.png
REAL+4f8ca688+2023-06-27-11h-46m-30s,ext2,b050,26,343,343,23960472,ok,0.6851851851851852,box(auto empty),0.674863387978142,0.0003971354166666667,True,True,0.0,0.0028873697916666666,0.0,0.0028873697916666666,masks/REAL+4f8ca688+2023-06-27-11h-46m-30s/ext2_f00026.png
REAL+4f8ca688+2023-06-27-11h-46m-30s,ext1,b100,33,343,343,20540549,ok,1.0,auto,1.0,0.002817925347222222,False,True,0.019230769230769273,0.0005078125,1.0,0.002817925347222222,masks/REAL+4f8ca688+2023-06-27-11h-46m-30s/ext1_f00033.png
REAL+4f8ca688+2023-07-11-12h-42m-31s,ext2,b100,28,263,263,23960472,ok,1.0,auto,0.2590280643829963,0.02103298611111111,False,True,0.2033870255957635,0.01967013888888889,0.2590280643829963,0.02103298611111111,masks/REAL+4f8ca688+2023-07-11-12h-42m-31s/ext2_f00028.png
REAL+4f8ca688+2023-07-13-13h-26m-29s,ext1,b050,40,378,378,20540549,ok,0.8333333333333334,auto,1.0,0.01688259548611111,False,True,1.0,0.01769965277777778,1.0,0.01688259548611111,masks/REAL+4f8ca688+2023-07-13-13h-26m-29s/ext1_f00040.png
REAL+4f8ca688+2023-07-13-13h-26m-29s,ext1,b100,64,378,378,20540549,ok,1.0,auto,0.8506729081334113,0.018543836805555554,False,True,0.8486557065701228,0.018282335069444444,0.8506729081334113,0.018543836805555554,masks/REAL+4f8ca688+2023-07-13-13h-26m-29s/ext1_f00064.png
REAL+4f8ca688+2023-07-13-13h-57m-11s,ext1,b050,14,149,149,20540549,ok,0.8148148148148148,auto,1.0,0.018154296875,False,True,1.0,0.025121527777777777,1.0,0.018154296875,masks/REAL+4f8ca688+2023-07-13-13h-57m-11s/ext1_f00014.png
REAL+4f8ca688+2023-07-13-13h-57m-11s,ext1,b100,20,149,149,20540549,ok,1.0,auto,0.9750973951569781,0.014204644097222222,False,True,0.9749585406301824,0.0130859375,0.9750973951569781,0.014204644097222222,masks/REAL+4f8ca688+2023-07-13-13h-57m-11s/ext1_f00020.png
REAL+4f8ca688+2023-07-13-13h-59m-04s,ext1,b050,16,342,342,20540549,ok,0.7407407407407407,auto,1.0,0.031410590277777775,False,True,1.0,0.02358940972222222,1.0,0.031410590277777775,masks/REAL+4f8ca688+2023-07-13-13h-59m-04s/ext1_f00016.png
REAL+4f8ca688+2023-07-13-13h-59m-04s,ext1,b100,31,342,342,20540549,ok,1.0,auto,0.858929105593778,0.01813693576388889,False,True,0.8532975268548588,0.017374131944444444,0.858929105593778,0.01813693576388889,masks/REAL+4f8ca688+2023-07-13-13h-59m-04s/ext1_f00031.png
REAL+4f8ca688+2023-07-13-14h-12m-29s,ext1,b050,18,395,395,20540549,ok,0.8148148148148148,auto,1.0,0.02653862847222222,False,True,1.0,0.024181857638888887,1.0,0.02653862847222222,masks/REAL+4f8ca688+2023-07-13-14h-12m-29s/ext1_f00018.png
REAL+4f8ca688+2023-07-13-14h-12m-29s,ext1,b100,25,395,395,20540549,ok,1.0,auto,0.9585337636241856,0.01782009548611111,False,True,0.9585354025218235,0.017899305555555557,0.9585337636241856,0.01782009548611111,masks/REAL+4f8ca688+2023-07-13-14h-12m-29s/ext1_f00025.png
REAL+4f8ca688+2023-07-25-12h-52m-10s,ext2,b050,22,115,115,23960472,ok,1.0,auto,0.4206735578526175,0.016270616319444445,False,True,0.0,0.0030501302083333335,0.4206735578526175,0.016270616319444445,masks/REAL+4f8ca688+2023-07-25-12h-52m-10s/ext2_f00022.png
REAL+4f8ca688+2023-07-25-12h-52m-10s,ext2,b100,29,115,115,23960472,ok,1.0,auto,0.3341946597760551,0.00755859375,False,True,0.11773778920308486,0.006331380208333333,0.3341946597760551,0.00755859375,masks/REAL+4f8ca688+2023-07-25-12h-52m-10s/ext2_f00029.png
REAL+4f8ca688+2023-08-31-13h-02m-15s,ext1,b050,0,191,191,20540549,ok,0.5185185185185185,auto,0.985733087654646,0.02061089409722222,False,True,0.020764471565386855,0.012802734375,0.985733087654646,0.02061089409722222,masks/REAL+4f8ca688+2023-08-31-13h-02m-15s/ext1_f00000.png
REAL+4f8ca688+2023-08-31-13h-02m-15s,ext2,b050,0,191,191,23960472,ok,1.0,auto,0.35087501551445943,0.008742404513888889,False,True,0.34434372283621006,0.008738064236111112,0.35087501551445943,0.008742404513888889,masks/REAL+4f8ca688+2023-08-31-13h-02m-15s/ext2_f00000.png
REAL+4f8ca688+2023-08-31-13h-02m-15s,ext1,b100,14,191,191,20540549,ok,1.0,auto,1.0,0.011451822916666667,False,True,0.002457002457002422,0.0004416232638888889,1.0,0.011451822916666667,masks/REAL+4f8ca688+2023-08-31-13h-02m-15s/ext1_f00014.png
REAL+4f8ca688+2023-08-31-13h-02m-15s,ext2,b100,14,191,191,23960472,ok,1.0,auto,0.20010046885465504,0.006480034722222222,False,True,0.1301992310380986,0.006208767361111111,0.20010046885465504,0.006480034722222222,masks/REAL+4f8ca688+2023-08-31-13h-02m-15s/ext2_f00014.png
REAL+4f8ca688+2023-08-31-13h-11m-04s,ext1,b050,14,359,359,20540549,ok,0.5740740740740741,auto,1.0,0.04227647569444445,False,True,0.9399338254008653,0.008526475694444445,1.0,0.04227647569444445,masks/REAL+4f8ca688+2023-08-31-13h-11m-04s/ext1_f00014.png
REAL+4f8ca688+2023-08-31-13h-11m-04s,ext2,b050,14,359,359,23960472,ok,1.0,auto,0.4355507088331516,0.014925130208333333,False,True,0.2657653728739643,0.012440321180555556,0.4355507088331516,0.014925130208333333,masks/REAL+4f8ca688+2023-08-31-13h-11m-04s/ext2_f00014.png
REAL+4f8ca688+2023-08-31-13h-11m-04s,ext1,b100,24,359,359,20540549,ok,1.0,auto,1.0,0.03285047743055555,False,True,0.9547838321821438,0.016966145833333335,1.0,0.03285047743055555,masks/REAL+4f8ca688+2023-08-31-13h-11m-04s/ext1_f00024.png
REAL+4f8ca688+2023-08-31-13h-11m-04s,ext2,b100,24,359,359,23960472,ok,1.0,auto,0.36420563579436416,0.010743272569444445,False,True,0.06644790812141099,0.011904296875,0.36420563579436416,0.010743272569444445,masks/REAL+4f8ca688+2023-08-31-13h-11m-04s/ext2_f00024.png
REAL+4f8ca688+2023-08-31-15h-20m-30s,ext2,b050,0,197,197,23960472,ok,1.0,auto,0.4184461608359836,0.014329427083333334,False,True,0.4088620342396777,0.014007161458333334,0.4184461608359836,0.014329427083333334,masks/REAL+4f8ca688+2023-08-31-15h-20m-30s/ext2_f00000.png
REAL+4f8ca688+2023-08-31-15h-34m-42s,ext2,b050,0,220,220,23960472,ok,1.0,auto,0.5130072105188745,0.015349392361111111,False,True,0.4840309611482678,0.014439019097222222,0.5130072105188745,0.015349392361111111,masks/REAL+4f8ca688+2023-08-31-15h-34m-42s/ext2_f00000.png
REAL+4f8ca688+2023-08-31-15h-34m-42s,ext2,b100,11,220,220,23960472,ok,1.0,auto,0.4500271380941304,0.013994140625,False,True,0.442249960499289,0.013734809027777777,0.4500271380941304,0.013994140625,masks/REAL+4f8ca688+2023-08-31-15h-34m-42s/ext2_f00011.png
REAL+4f8ca688+2023-09-07-13h-42m-00s,ext1,b100,44,232,232,20540549,ok,1.0,auto,0.3169120204010665,0.009360894097222221,False,True,0.23597103697957078,0.008391927083333334,0.3169120204010665,0.009360894097222221,masks/REAL+4f8ca688+2023-09-07-13h-42m-00s/ext1_f00044.png
REAL+75b7b0f9+2023-06-23-15h-14m-42s,ext1,b050,53,451,451,20540549,ok,0.5,auto,1.0,0.011555989583333334,False,True,1.0,1.0850694444444444e-06,1.0,0.011555989583333334,masks/REAL+75b7b0f9+2023-06-23-15h-14m-42s/ext1_f00053.png
REAL+75b7b0f9+2023-06-23-15h-14m-42s,ext1,b100,76,451,451,20540549,ok,1.0,auto,1.0,0.010134548611111112,False,True,nan,0.0,1.0,0.010134548611111112,masks/REAL+75b7b0f9+2023-06-23-15h-14m-42s/ext1_f00076.png
REAL+75b7b0f9+2023-06-23-15h-16m-52s,ext1,b050,61,271,271,20540549,ok,0.5,auto,1.0,0.012897135416666667,False,True,1.0,4.8828125e-05,1.0,0.012897135416666667,masks/REAL+75b7b0f9+2023-06-23-15h-16m-52s/ext1_f00061.png
REAL+75b7b0f9+2023-06-23-15h-16m-52s,ext1,b100,86,271,271,20540549,ok,1.0,auto,1.0,0.008190104166666667,False,True,nan,0.0,1.0,0.008190104166666667,masks/REAL+75b7b0f9+2023-06-23-15h-16m-52s/ext1_f00086.png
REAL+75b7b0f9+2023-06-23-15h-22m-18s,ext1,b050,52,357,357,20540549,ok,0.5370370370370371,auto,1.0,0.008929036458333333,False,True,nan,0.0,1.0,0.008929036458333333,masks/REAL+75b7b0f9+2023-06-23-15h-22m-18s/ext1_f00052.png
REAL+75b7b0f9+2023-06-23-15h-22m-18s,ext1,b100,58,357,357,20540549,ok,1.0,auto,1.0,0.007530381944444445,False,True,1.0,7.921006944444444e-05,1.0,0.007530381944444445,masks/REAL+75b7b0f9+2023-06-23-15h-22m-18s/ext1_f00058.png
REAL+75b7b0f9+2023-06-23-15h-32m-29s,ext1,b050,33,315,315,20540549,ok,0.5370370370370371,auto,1.0,0.0054177517361111115,False,True,1.0,0.00903103298611111,1.0,0.0054177517361111115,masks/REAL+75b7b0f9+2023-06-23-15h-32m-29s/ext1_f00033.png
REAL+75b7b0f9+2023-06-23-15h-32m-29s,ext1,b100,38,315,315,20540549,ok,1.0,auto,1.0,0.005517578125,False,True,1.0,0.004874131944444445,1.0,0.005517578125,masks/REAL+75b7b0f9+2023-06-23-15h-32m-29s/ext1_f00038.png
REAL+75b7b0f9+2023-06-23-15h-35m-21s,ext1,b050,34,198,198,20540549,ok,0.5,auto,1.0,0.010460069444444444,False,True,1.0,4.340277777777778e-06,1.0,0.010460069444444444,masks/REAL+75b7b0f9+2023-06-23-15h-35m-21s/ext1_f00034.png
REAL+75b7b0f9+2023-06-23-15h-35m-21s,ext1,b100,45,198,198,20540549,ok,1.0,auto,1.0,0.00869140625,False,True,nan,0.0,1.0,0.00869140625,masks/REAL+75b7b0f9+2023-06-23-15h-35m-21s/ext1_f00045.png
REAL+75b7b0f9+2023-06-23-15h-45m-50s,ext1,b050,30,133,133,20540549,ok,0.5925925925925926,auto,1.0,0.009379340277777778,False,True,nan,0.0,1.0,0.009379340277777778,masks/REAL+75b7b0f9+2023-06-23-15h-45m-50s/ext1_f00030.png
REAL+75b7b0f9+2023-06-23-15h-45m-50s,ext1,b100,36,133,133,20540549,ok,1.0,auto,1.0,0.009319661458333333,False,True,nan,0.0,1.0,0.009319661458333333,masks/REAL+75b7b0f9+2023-06-23-15h-45m-50s/ext1_f00036.png
REAL+75b7b0f9+2023-09-10-11h-52m-58s,ext1,b050,20,196,196,20540549,ok,0.5,auto,1.0,0.014901258680555555,False,True,0.0,0.005093315972222222,1.0,0.014901258680555555,masks/REAL+75b7b0f9+2023-09-10-11h-52m-58s/ext1_f00020.png
REAL+75b7b0f9+2023-09-10-11h-52m-58s,ext2,b050,20,196,196,23960472,ok,1.0,auto,1.0,0.016767578125,False,True,0.9982070202055031,0.01573459201388889,1.0,0.016767578125,masks/REAL+75b7b0f9+2023-09-10-11h-52m-58s/ext2_f00020.png
REAL+75b7b0f9+2023-09-10-11h-52m-58s,ext1,b100,26,196,196,20540549,ok,1.0,auto,1.0,0.008840060763888888,False,True,0.00013199577613520752,0.01644097222222222,1.0,0.008840060763888888,masks/REAL+75b7b0f9+2023-09-10-11h-52m-58s/ext1_f00026.png
REAL+75b7b0f9+2023-09-10-11h-52m-58s,ext2,b100,26,196,196,23960472,ok,1.0,auto,1.0,0.02336697048611111,False,True,0.9999246987951808,0.014409722222222223,1.0,0.02336697048611111,masks/REAL+75b7b0f9+2023-09-10-11h-52m-58s/ext2_f00026.png
REAL+75b7b0f9+2023-09-10-11h-53m-31s,ext1,b050,0,161,161,20540549,ok,1.0,auto,1.0,0.008134765625,False,True,0.0,0.007979600694444445,1.0,0.008134765625,masks/REAL+75b7b0f9+2023-09-10-11h-53m-31s/ext1_f00000.png
REAL+75b7b0f9+2023-09-10-11h-53m-31s,ext2,b050,0,161,161,23960472,ok,0.9444444444444444,auto,1.0,0.016820746527777777,False,True,1.0,0.0007074652777777778,1.0,0.016820746527777777,masks/REAL+75b7b0f9+2023-09-10-11h-53m-31s/ext2_f00000.png
REAL+75b7b0f9+2023-09-10-11h-53m-31s,ext1,b100,13,161,161,20540549,ok,1.0,auto,1.0,0.008263888888888888,False,True,0.0,0.007121310763888889,1.0,0.008263888888888888,masks/REAL+75b7b0f9+2023-09-10-11h-53m-31s/ext1_f00013.png
REAL+75b7b0f9+2023-09-10-11h-53m-31s,ext2,b100,13,161,161,23960472,ok,1.0,auto,1.0,0.013668619791666666,False,True,1.0,0.002654079861111111,1.0,0.013668619791666666,masks/REAL+75b7b0f9+2023-09-10-11h-53m-31s/ext2_f00013.png
REAL+75b7b0f9+2023-09-10-11h-54m-36s,ext1,b050,18,171,171,20540549,ok,0.5370370370370371,auto,1.0,0.02244140625,False,True,0.0,0.0040342881944444445,1.0,0.02244140625,masks/REAL+75b7b0f9+2023-09-10-11h-54m-36s/ext1_f00018.png
REAL+75b7b0f9+2023-09-10-11h-54m-36s,ext2,b050,18,171,171,23960472,ok,1.0,auto,1.0,0.007730034722222222,False,True,1.0,0.00911892361111111,1.0,0.007730034722222222,masks/REAL+75b7b0f9+2023-09-10-11h-54m-36s/ext2_f00018.png
REAL+75b7b0f9+2023-09-10-11h-54m-36s,ext1,b100,24,171,171,20540549,ok,1.0,auto,1.0,0.011446397569444445,False,True,0.0,0.0013758680555555555,1.0,0.011446397569444445,masks/REAL+75b7b0f9+2023-09-10-11h-54m-36s/ext1_f00024.png
REAL+75b7b0f9+2023-09-10-11h-54m-36s,ext2,b100,24,171,171,23960472,ok,1.0,auto,1.0,0.00931640625,False,True,1.0,0.01033962673611111,1.0,0.00931640625,masks/REAL+75b7b0f9+2023-09-10-11h-54m-36s/ext2_f00024.png
REAL+75b7b0f9+2023-09-10-11h-59m-20s,ext1,b050,0,166,166,20540549,ok,1.0,auto,1.0,0.011636284722222221,False,True,0.0,0.0007139756944444445,1.0,0.011636284722222221,masks/REAL+75b7b0f9+2023-09-10-11h-59m-20s/ext1_f00000.png
REAL+75b7b0f9+2023-09-10-11h-59m-20s,ext2,b050,0,166,166,23960472,ok,1.0,auto,1.0,0.008654513888888889,False,True,1.0,0.006066623263888889,1.0,0.008654513888888889,masks/REAL+75b7b0f9+2023-09-10-11h-59m-20s/ext2_f00000.png
REAL+75b7b0f9+2023-09-10-12h-08m-29s,ext1,b050,0,67,67,20540549,ok,0.9074074074074074,auto,1.0,0.009577907986111111,False,True,0.0,0.0006966145833333334,1.0,0.009577907986111111,masks/REAL+75b7b0f9+2023-09-10-12h-08m-29s/ext1_f00000.png
REAL+75b7b0f9+2023-09-10-12h-08m-29s,ext2,b050,0,67,67,23960472,ok,1.0,auto,1.0,0.008154296875,False,True,1.0,0.009728732638888888,1.0,0.008154296875,masks/REAL+75b7b0f9+2023-09-10-12h-08m-29s/ext2_f00000.png
REAL+75b7b0f9+2023-09-10-12h-08m-29s,ext1,b100,18,67,67,20540549,ok,1.0,auto,1.0,0.007442491319444445,False,True,0.0,0.0007606336805555555,1.0,0.007442491319444445,masks/REAL+75b7b0f9+2023-09-10-12h-08m-29s/ext1_f00018.png
REAL+75b7b0f9+2023-09-10-12h-08m-29s,ext2,b100,18,67,67,23960472,ok,1.0,auto,1.0,0.010620659722222222,False,True,1.0,0.010768229166666667,1.0,0.010620659722222222,masks/REAL+75b7b0f9+2023-09-10-12h-08m-29s/ext2_f00018.png
REAL+75b7b0f9+2023-09-10-12h-17m-17s,ext1,b050,24,89,89,20540549,ok,0.5,auto,1.0,0.014263237847222223,False,True,0.0,0.003168402777777778,1.0,0.014263237847222223,masks/REAL+75b7b0f9+2023-09-10-12h-17m-17s/ext1_f00024.png
REAL+75b7b0f9+2023-09-10-12h-17m-17s,ext2,b050,24,89,89,23960472,ok,1.0,auto,1.0,0.008905164930555556,False,True,1.0,0.008922526041666667,1.0,0.008905164930555556,masks/REAL+75b7b0f9+2023-09-10-12h-17m-17s/ext2_f00024.png
REAL+75b7b0f9+2023-09-10-12h-17m-17s,ext1,b100,32,89,89,20540549,ok,1.0,auto,1.0,0.010301649305555556,False,True,0.0,0.001550564236111111,1.0,0.010301649305555556,masks/REAL+75b7b0f9+2023-09-10-12h-17m-17s/ext1_f00032.png
REAL+75b7b0f9+2023-09-10-12h-17m-17s,ext2,b100,32,89,89,23960472,ok,1.0,auto,1.0,0.008557942708333334,False,True,1.0,0.00821506076388889,1.0,0.008557942708333334,masks/REAL+75b7b0f9+2023-09-10-12h-17m-17s/ext2_f00032.png
REAL+75b7b0f9+2023-09-10-12h-17m-53s,ext1,b050,0,81,81,20540549,ok,0.6296296296296297,auto,1.0,0.017186414930555557,False,True,0.0,0.0008604600694444444,1.0,0.017186414930555557,masks/REAL+75b7b0f9+2023-09-10-12h-17m-53s/ext1_f00000.png
REAL+75b7b0f9+2023-09-10-12h-17m-53s,ext2,b050,0,81,81,23960472,ok,1.0,auto,1.0,0.006493055555555556,False,True,1.0,0.011405164930555555,1.0,0.006493055555555556,masks/REAL+75b7b0f9+2023-09-10-12h-17m-53s/ext2_f00000.png
REAL+75b7b0f9+2023-09-10-12h-17m-53s,ext1,b100,23,81,81,20540549,ok,1.0,auto,1.0,0.009552951388888889,False,True,0.0,0.003703342013888889,1.0,0.009552951388888889,masks/REAL+75b7b0f9+2023-09-10-12h-17m-53s/ext1_f00023.png
REAL+75b7b0f9+2023-09-10-12h-17m-53s,ext2,b100,23,81,81,23960472,ok,1.0,auto,1.0,0.004623480902777778,False,True,1.0,0.00501953125,1.0,0.004623480902777778,masks/REAL+75b7b0f9+2023-09-10-12h-17m-53s/ext2_f00023.png
REAL+b04f2af4+2023-05-21-14h-13m-27s,ext1,b050,0,1306,1306,20540549,ok,0.9074074074074074,auto,0.9575315758243621,0.012800564236111112,False,True,0.866001843626917,0.012948133680555555,0.9575315758243621,0.012800564236111112,masks/REAL+b04f2af4+2023-05-21-14h-13m-27s/ext1_f00000.png
REAL+b04f2af4+2023-05-21-14h-13m-27s,ext1,b100,107,1306,1306,20540549,ok,1.0,auto,0.9347245574127188,0.010971137152777777,False,True,0.4115613825983313,0.00910373263888889,0.9347245574127188,0.010971137152777777,masks/REAL+b04f2af4+2023-05-21-14h-13m-27s/ext1_f00107.png
REAL+b04f2af4+2023-05-21-14h-21m-26s,ext1,b050,33,1093,1093,20540549,ok,0.5185185185185185,auto,1.0,0.006284722222222222,False,True,0.010773751224289918,0.0011078559027777777,1.0,0.006284722222222222,masks/REAL+b04f2af4+2023-05-21-14h-21m-26s/ext1_f00033.png
REAL+b04f2af4+2023-05-21-14h-21m-26s,ext1,b100,209,1093,1093,20540549,ok,1.0,auto,1.0,0.0032834201388888887,False,True,0.0,0.0018695746527777777,1.0,0.0032834201388888887,masks/REAL+b04f2af4+2023-05-21-14h-21m-26s/ext1_f00209.png
REAL+b04f2af4+2023-06-11-15h-49m-55s,ext1,b050,12,238,238,20540549,ok,0.5,auto,0.99170288423548,0.002746310763888889,False,True,0.8095024652622143,0.0024207899305555554,0.99170288423548,0.002746310763888889,masks/REAL+b04f2af4+2023-06-11-15h-49m-55s/ext1_f00012.png
REAL+b04f2af4+2023-06-11-15h-49m-55s,ext1,b100,20,238,238,20540549,ok,1.0,auto,0.523956043956044,0.009874131944444444,False,True,0.5227448810182623,0.009803602430555556,0.523956043956044,0.009874131944444444,masks/REAL+b04f2af4+2023-06-11-15h-49m-55s/ext1_f00020.png
REAL+b04f2af4+2023-07-15-13h-51m-44s,ext1,b050,32,270,270,20540549,ok,1.0,auto,1.0,0.011424696180555555,False,True,0.999256229081443,0.011671006944444444,1.0,0.011424696180555555,masks/REAL+b04f2af4+2023-07-15-13h-51m-44s/ext1_f00032.png
REAL+b04f2af4+2023-07-15-13h-51m-44s,ext2,b050,32,270,270,23960472,ok,0.5185185185185185,auto,0.877101354659703,0.019944661458333332,False,True,0.0,0.0021158854166666665,0.877101354659703,0.019944661458333332,masks/REAL+b04f2af4+2023-07-15-13h-51m-44s/ext2_f00032.png
REAL+b04f2af4+2023-07-15-13h-51m-44s,ext1,b100,40,270,270,20540549,ok,1.0,auto,1.0,0.013526475694444444,False,True,0.9999179251477347,0.013220486111111112,1.0,0.013526475694444444,masks/REAL+b04f2af4+2023-07-15-13h-51m-44s/ext1_f00040.png
REAL+b04f2af4+2023-07-15-13h-51m-44s,ext2,b100,40,270,270,23960472,ok,1.0,auto,0.6641037962518019,0.011290147569444445,False,True,0.0,0.0017404513888888888,0.6641037962518019,0.011290147569444445,masks/REAL+b04f2af4+2023-07-15-13h-51m-44s/ext2_f00040.png
REAL+b04f2af4+2023-07-15-13h-56m-24s,ext1,b050,38,392,392,20540549,ok,1.0,auto,0.6126205083260299,0.008666449652777778,False,True,0.6059413482290212,0.00854709201388889,0.6126205083260299,0.008666449652777778,masks/REAL+b04f2af4+2023-07-15-13h-56m-24s/ext1_f00038.png
REAL+b04f2af4+2023-07-15-13h-56m-24s,ext2,b050,38,392,392,23960472,ok,0.5,auto,1.0,0.017508680555555555,False,True,0.0005415651232060226,0.0040071614583333335,1.0,0.017508680555555555,masks/REAL+b04f2af4+2023-07-15-13h-56m-24s/ext2_f00038.png
REAL+b04f2af4+2023-07-15-13h-56m-24s,ext1,b100,70,392,392,20540549,ok,1.0,auto,0.3591861710264648,0.007093098958333334,False,True,0.34320706351466823,0.007619357638888889,0.3591861710264648,0.007093098958333334,masks/REAL+b04f2af4+2023-07-15-13h-56m-24s/ext1_f00070.png
REAL+b04f2af4+2023-07-15-13h-56m-24s,ext2,b100,70,392,392,23960472,ok,1.0,auto,0.9874725274725275,0.009874131944444444,False,True,0.9261306532663317,0.0021592881944444446,0.9874725274725275,0.009874131944444444,masks/REAL+b04f2af4+2023-07-15-13h-56m-24s/ext2_f00070.png
REAL+b04f2af4+2023-07-15-14h-06m-25s,ext1,b050,31,140,140,20540549,ok,1.0,auto,0.6368119266055046,0.009461805555555555,False,True,0.6405581814089579,0.009641927083333333,0.6368119266055046,0.009461805555555555,masks/REAL+b04f2af4+2023-07-15-14h-06m-25s/ext1_f00031.png
REAL+b04f2af4+2023-07-15-14h-06m-25s,ext2,b050,31,140,140,23960472,ok,0.5,auto,1.0,0.015252821180555556,False,True,0.003882124580906976,0.006149088541666667,1.0,0.015252821180555556,masks/REAL+b04f2af4+2023-07-15-14h-06m-25s/ext2_f00031.png
REAL+b04f2af4+2023-07-15-14h-06m-25s,ext1,b100,47,140,140,20540549,ok,1.0,auto,0.40744597760999735,0.008335503472222222,False,True,0.40586042925073895,0.008442925347222222,0.40744597760999735,0.008335503472222222,masks/REAL+b04f2af4+2023-07-15-14h-06m-25s/ext1_f00047.png
REAL+b04f2af4+2023-07-15-14h-06m-25s,ext2,b100,47,140,140,23960472,ok,1.0,auto,1.0,0.007891710069444445,False,True,0.9897680763983628,0.004772135416666667,1.0,0.007891710069444445,masks/REAL+b04f2af4+2023-07-15-14h-06m-25s/ext2_f00047.png
REAL+b04f2af4+2023-09-10-14h-57m-19s,ext1,b050,0,169,169,20540549,ok,1.0,auto,1.0,0.007739800347222222,False,True,1.0,0.0069672309027777775,1.0,0.007739800347222222,masks/REAL+b04f2af4+2023-09-10-14h-57m-19s/ext1_f00000.png
REAL+b04f2af4+2023-09-10-14h-57m-19s,ext2,b050,0,169,169,23960472,ok,1.0,auto,0.7507221568417675,0.010142144097222222,False,True,0.0,0.003923611111111111,0.7507221568417675,0.010142144097222222,masks/REAL+b04f2af4+2023-09-10-14h-57m-19s/ext2_f00000.png
REAL+b04f2af4+2023-09-10-15h-34m-05s,ext1,b050,0,73,73,20540549,ok,1.0,auto,0.9957937088514996,0.0059331597222222225,False,True,0.8281230382925298,0.008642578125,0.9957937088514996,0.0059331597222222225,masks/REAL+b04f2af4+2023-09-10-15h-34m-05s/ext1_f00000.png
REAL+b04f2af4+2023-09-10-15h-37m-51s,ext1,b050,0,163,163,20540549,ok,1.0,auto,0.5850544888427608,0.010454644097222222,False,True,0.5643104193687851,0.0100390625,0.5850544888427608,0.010454644097222222,masks/REAL+b04f2af4+2023-09-10-15h-37m-51s/ext1_f00000.png
REAL+b04f2af4+2023-09-10-15h-38m-35s,ext1,b050,0,244,244,20540549,ok,1.0,auto,0.9852941176470589,0.0040581597222222225,False,True,0.9756554307116105,0.004055989583333333,0.9852941176470589,0.0040581597222222225,masks/REAL+b04f2af4+2023-09-10-15h-38m-35s/ext1_f00000.png
REAL+b04f2af4+2023-09-10-15h-49m-25s,ext1,b050,0,255,255,20540549,ok,1.0,auto,1.0,0.0052191840277777775,False,True,0.8650745360511104,0.007133246527777777,1.0,0.0052191840277777775,masks/REAL+b04f2af4+2023-09-10-15h-49m-25s/ext1_f00000.png
REAL+de601749+2023-05-19-11h-48m-18s,ext1,b050,64,605,605,20540549,ok,0.5,auto,0.7690844644246564,0.012550998263888889,False,True,0.7544993077988001,0.011756727430555556,0.7690844644246564,0.012550998263888889,masks/REAL+de601749+2023-05-19-11h-48m-18s/ext1_f00064.png
REAL+de601749+2023-05-19-11h-48m-18s,ext1,b100,71,605,605,20540549,ok,1.0,auto,0.8478286677588622,0.04569986979166667,False,True,0.0,0.00630859375,0.8478286677588622,0.04569986979166667,masks/REAL+de601749+2023-05-19-11h-48m-18s/ext1_f00071.png
REAL+de601749+2023-05-19-12h-07m-20s,ext1,b100,47,342,342,20540549,ok,1.0,auto,0.34287261195761465,0.014028862847222223,False,True,0.06970689510372052,0.012919921875,0.34287261195761465,0.014028862847222223,masks/REAL+de601749+2023-05-19-12h-07m-20s/ext1_f00047.png
REAL+de601749+2023-05-19-12h-25m-44s,ext1,b050,50,534,534,20540549,ok,0.5,auto,0.526637429002804,0.015092230902777778,False,True,0.0,0.006837022569444445,0.526637429002804,0.015092230902777778,masks/REAL+de601749+2023-05-19-12h-25m-44s/ext1_f00050.png
REAL+de601749+2023-05-19-12h-25m-44s,ext1,b100,57,534,534,20540549,ok,1.0,auto,0.8137837634489504,0.05768663194444444,False,True,0.7435417182033431,0.06140842013888889,0.8137837634489504,0.05768663194444444,masks/REAL+de601749+2023-05-19-12h-25m-44s/ext1_f00057.png
REAL+de601749+2023-05-19-12h-29m-37s,ext1,b050,27,220,220,20540549,ok,0.5,auto,0.4676970633693972,0.017550998263888888,False,True,0.019751442521082963,0.004889322916666667,0.4676970633693972,0.017550998263888888,masks/REAL+de601749+2023-05-19-12h-29m-37s/ext1_f00027.png
REAL+de601749+2023-05-19-12h-29m-37s,ext1,b100,44,220,220,20540549,ok,1.0,auto,0.334250811813824,0.03508572048611111,False,True,0.11961206896551724,0.0271875,0.334250811813824,0.03508572048611111,masks/REAL+de601749+2023-05-19-12h-29m-37s/ext1_f00044.png
REAL+de601749+2023-05-20-16h-05m-05s,ext1,b050,36,610,610,20540549,ok,0.5740740740740741,auto,0.8976208390628648,0.04182183159722222,False,True,0.8955119214586256,0.04177734375,0.8976208390628648,0.04182183159722222,masks/REAL+de601749+2023-05-20-16h-05m-05s/ext1_f00036.png
REAL+de601749+2023-05-20-16h-05m-05s,ext1,b100,42,610,610,20540549,ok,1.0,auto,0.8397794081920218,0.044663628472222223,False,True,0.7652889981657105,0.027802734375,0.8397794081920218,0.044663628472222223,masks/REAL+de601749+2023-05-20-16h-05m-05s/ext1_f00042.png
REAL+de601749+2023-05-28-15h-22m-53s,ext2,b050,18,438,438,23960472,ok,0.5740740740740741,auto,1.0,0.006324869791666667,False,True,0.0,0.00021809895833333333,1.0,0.006324869791666667,masks/REAL+de601749+2023-05-28-15h-22m-53s/ext2_f00018.png
REAL+de601749+2023-05-28-15h-22m-53s,ext2,b100,24,438,438,23960472,ok,1.0,auto,1.0,0.005872395833333334,False,True,0.0031746031746031633,0.00205078125,1.0,0.005872395833333334,masks/REAL+de601749+2023-05-28-15h-22m-53s/ext2_f00024.png
REAL+de601749+2023-05-28-15h-25m-00s,ext2,b050,0,468,468,23960472,ok,0.8518518518518519,auto,1.0,0.011846788194444444,False,True,0.0,0.0009049479166666666,1.0,0.011846788194444444,masks/REAL+de601749+2023-05-28-15h-25m-00s/ext2_f00000.png
REAL+de601749+2023-05-28-15h-25m-00s,ext2,b100,12,468,468,23960472,ok,1.0,auto,1.0,0.012217881944444444,False,True,0.0,0.0014637586805555556,1.0,0.012217881944444444,masks/REAL+de601749+2023-05-28-15h-25m-00s/ext2_f00012.png
REAL+de601749+2023-05-28-15h-27m-40s,ext2,b050,0,114,114,23960472,ok,0.5925925925925926,auto,1.0,0.014725477430555555,False,True,0.0,0.0007139756944444445,1.0,0.014725477430555555,masks/REAL+de601749+2023-05-28-15h-27m-40s/ext2_f00000.png
REAL+de601749+2023-05-28-15h-27m-40s,ext2,b100,20,114,114,23960472,ok,1.0,auto,1.0,0.011526692708333333,False,True,0.0,0.0022330729166666666,1.0,0.011526692708333333,masks/REAL+de601749+2023-05-28-15h-27m-40s/ext2_f00020.png
REAL+de601749+2023-06-01-18h-21m-08s,ext1,b050,0,388,388,20540549,ok,0.5555555555555556,auto,1.0,0.00045030381944444447,True,True,0.0,0.0003125,1.0,0.00045030381944444447,masks/REAL+de601749+2023-06-01-18h-21m-08s/ext1_f00000.png
REAL+de601749+2023-06-01-18h-21m-08s,ext2,b050,0,388,388,23960472,ok,0.9444444444444444,auto,1.0,0.010795355902777777,False,True,0.9951445086705202,0.009385850694444444,1.0,0.010795355902777777,masks/REAL+de601749+2023-06-01-18h-21m-08s/ext2_f00000.png
REAL+de601749+2023-06-01-18h-21m-08s,ext1,b100,45,388,388,20540549,ok,1.0,auto,1.0,0.0021820746527777776,False,True,0.6770401106500692,0.0015690104166666667,1.0,0.0021820746527777776,masks/REAL+de601749+2023-06-01-18h-21m-08s/ext1_f00045.png
REAL+de601749+2023-06-01-18h-24m-16s,ext1,b050,38,702,702,20540549,ok,0.5,auto,1.0,0.0008181423611111111,False,True,0.0,0.0008430989583333333,1.0,0.0008181423611111111,masks/REAL+de601749+2023-06-01-18h-24m-16s/ext1_f00038.png
REAL+de601749+2023-06-01-18h-24m-16s,ext2,b050,38,702,702,23960472,ok,0.6666666666666666,auto,1.0,0.010404730902777777,False,True,0.0,0.004279513888888889,1.0,0.010404730902777777,masks/REAL+de601749+2023-06-01-18h-24m-16s/ext2_f00038.png
REAL+de601749+2023-06-01-18h-24m-16s,ext1,b100,53,702,702,20540549,ok,1.0,auto,1.0,0.0007703993055555555,False,True,0.0,0.0008376736111111111,1.0,0.0007703993055555555,masks/REAL+de601749+2023-06-01-18h-24m-16s/ext1_f00053.png
REAL+de601749+2023-06-01-18h-24m-16s,ext2,b100,53,702,702,23960472,ok,1.0,auto,0.636309023188754,0.00903103298611111,False,True,0.5237159972503191,0.011049262152777777,0.636309023188754,0.00903103298611111,masks/REAL+de601749+2023-06-01-18h-24m-16s/ext2_f00053.png
REAL+de601749+2023-06-09-12h-31m-16s,ext1,b050,33,319,319,20540549,ok,0.6481481481481481,auto,0.6033801927025746,0.013739149305555556,False,True,0.0,0.0036848958333333334,0.6033801927025746,0.013739149305555556,masks/REAL+de601749+2023-06-09-12h-31m-16s/ext1_f00033.png
REAL+de601749+2023-06-09-12h-31m-16s,ext2,b050,33,319,319,23960472,ok,0.5555555555555556,auto,1.0,0.011017795138888889,False,True,0.6758720930232558,0.0022395833333333334,1.0,0.011017795138888889,masks/REAL+de601749+2023-06-09-12h-31m-16s/ext2_f00033.png
REAL+de601749+2023-06-09-12h-31m-16s,ext1,b100,41,319,319,20540549,ok,1.0,auto,0.6391042204995694,0.00755859375,False,True,0.053735255570117935,0.0008279079861111111,0.6391042204995694,0.00755859375,masks/REAL+de601749+2023-06-09-12h-31m-16s/ext1_f00041.png
REAL+de601749+2023-06-09-12h-31m-16s,ext2,b100,41,319,319,23960472,ok,1.0,auto,1.0,0.00878689236111111,False,True,0.9342504080205176,0.009307725694444444,1.0,0.00878689236111111,masks/REAL+de601749+2023-06-09-12h-31m-16s/ext2_f00041.png
REAL+de601749+2023-06-09-12h-36m-45s,ext1,b050,37,328,328,20540549,ok,0.5740740740740741,auto,0.6243560956280545,0.00821506076388889,False,True,0.621851336733117,0.007021484375,0.6243560956280545,0.00821506076388889,masks/REAL+de601749+2023-06-09-12h-36m-45s/ext1_f00037.png
REAL+de601749+2023-06-09-12h-36m-45s,ext2,b050,37,328,328,23960472,ok,0.5,auto,1.0,0.00607421875,False,True,0.9913904433921653,0.0050412326388888885,1.0,0.00607421875,masks/REAL+de601749+2023-06-09-12h-36m-45s/ext2_f00037.png
REAL+de601749+2023-06-09-12h-36m-45s,ext1,b100,55,328,328,20540549,ok,1.0,auto,0.4175231243576567,0.008446180555555556,False,True,0.23364485981308414,0.006966145833333334,0.4175231243576567,0.008446180555555556,masks/REAL+de601749+2023-06-09-12h-36m-45s/ext1_f00055.png
REAL+de601749+2023-06-09-12h-36m-45s,ext2,b100,55,328,328,23960472,ok,1.0,auto,1.0,0.004222005208333333,False,True,0.4932274638019617,0.0023231336805555557,1.0,0.004222005208333333,masks/REAL+de601749+2023-06-09-12h-36m-45s/ext2_f00055.png
REAL+de601749+2023-06-09-12h-40m-00s,ext1,b050,41,149,149,20540549,ok,0.6111111111111112,auto,0.6991322367568968,0.008377821180555555,False,True,0.6283290589859933,0.005500217013888889,0.6991322367568968,0.008377821180555555,masks/REAL+de601749+2023-06-09-12h-40m-00s/ext1_f00041.png
REAL+de601749+2023-06-09-12h-40m-00s,ext2,b050,41,149,149,23960472,ok,0.5,auto,1.0,0.005057508680555556,False,True,0.914041404140414,0.004822048611111111,1.0,0.005057508680555556,masks/REAL+de601749+2023-06-09-12h-40m-00s/ext2_f00041.png
REAL+de601749+2023-06-09-12h-40m-00s,ext1,b100,55,149,149,20540549,ok,1.0,auto,0.8165243480267713,0.004701605902777778,False,True,0.25736879942487423,0.004527994791666667,0.8165243480267713,0.004701605902777778,masks/REAL+de601749+2023-06-09-12h-40m-00s/ext1_f00055.png
REAL+de601749+2023-06-09-12h-40m-00s,ext2,b100,55,149,149,23960472,ok,1.0,auto,1.0,0.004734157986111111,False,True,0.9057289439931595,0.005075954861111111,1.0,0.004734157986111111,masks/REAL+de601749+2023-06-09-12h-40m-00s/ext2_f00055.png
REAL+de601749+2023-06-09-12h-44m-55s,ext1,b050,43,212,212,20540549,ok,0.5,auto,0.6429167535989986,0.010401475694444445,False,True,0.2476900149031297,0.003640407986111111,0.6429167535989986,0.010401475694444445,masks/REAL+de601749+2023-06-09-12h-44m-55s/ext1_f00043.png
REAL+de601749+2023-06-09-12h-44m-55s,ext2,b050,43,212,212,23960472,ok,0.6666666666666666,auto,1.0,0.007311197916666666,False,True,0.9986551105797967,0.007261284722222222,1.0,0.007311197916666666,masks/REAL+de601749+2023-06-09-12h-44m-55s/ext2_f00043.png
REAL+de601749+2023-06-09-12h-44m-55s,ext1,b100,64,212,212,20540549,ok,1.0,auto,0.8332265299583467,0.006773003472222222,False,True,0.14449541284403666,0.0014192708333333334,0.8332265299583467,0.006773003472222222,masks/REAL+de601749+2023-06-09-12h-44m-55s/ext1_f00064.png
REAL+de601749+2023-06-09-12h-44m-55s,ext2,b100,64,212,212,23960472,ok,1.0,auto,1.0,0.005500217013888889,False,True,0.0,0.005046657986111111,1.0,0.005500217013888889,masks/REAL+de601749+2023-06-09-12h-44m-55s/ext2_f00064.png
REAL+de601749+2023-06-09-12h-48m-58s,ext1,b050,36,322,322,20540549,ok,0.6481481481481481,auto,0.4331006399069226,0.0074609375,False,True,0.1369120906180744,0.004406467013888889,0.4331006399069226,0.0074609375,masks/REAL+de601749+2023-06-09-12h-48m-58s/ext1_f00036.png
REAL+de601749+2023-06-09-12h-48m-58s,ext2,b050,36,322,322,23960472,ok,0.5,auto,1.0,0.008654513888888889,False,True,0.9365356622998544,0.007454427083333334,1.0,0.008654513888888889,masks/REAL+de601749+2023-06-09-12h-48m-58s/ext2_f00036.png
REAL+de601749+2023-06-09-12h-48m-58s,ext1,b100,48,322,322,20540549,ok,1.0,auto,0.5862464183381089,0.0056803385416666664,False,True,0.006993006993006978,0.0007758246527777777,0.5862464183381089,0.0056803385416666664,masks/REAL+de601749+2023-06-09-12h-48m-58s/ext1_f00048.png
REAL+de601749+2023-06-09-12h-48m-58s,ext2,b100,48,322,322,23960472,ok,1.0,auto,1.0,0.005339626736111111,False,True,0.9471027216856892,0.004943576388888889,1.0,0.005339626736111111,masks/REAL+de601749+2023-06-09-12h-48m-58s/ext2_f00048.png
REAL+de601749+2023-06-09-12h-51m-53s,ext1,b050,35,238,238,20540549,ok,0.5555555555555556,auto,0.7355696202531645,0.008572048611111112,False,True,0.7453486720636273,0.007639973958333333,0.7355696202531645,0.008572048611111112,masks/REAL+de601749+2023-06-09-12h-51m-53s/ext1_f00035.png
REAL+de601749+2023-06-09-12h-51m-53s,ext2,b050,35,238,238,23960472,ok,0.5370370370370371,auto,1.0,0.010277777777777778,False,True,0.00855798031664523,0.0025358072916666667,1.0,0.010277777777777778,masks/REAL+de601749+2023-06-09-12h-51m-53s/ext2_f00035.png
REAL+de601749+2023-06-09-12h-51m-53s,ext1,b100,72,238,238,20540549,ok,1.0,auto,1.0,0.0029937065972222223,False,True,0.41037326388888884,0.01,1.0,0.0029937065972222223,masks/REAL+de601749+2023-06-09-12h-51m-53s/ext1_f00072.png
REAL+de601749+2023-06-09-13h-01m-42s,ext1,b050,37,356,356,20540549,ok,0.5,auto,0.861298224127373,0.007087673611111111,False,True,0.855339474582054,0.006360677083333334,0.861298224127373,0.007087673611111111,masks/REAL+de601749+2023-06-09-13h-01m-42s/ext1_f00037.png
REAL+de601749+2023-06-09-13h-01m-42s,ext2,b050,37,356,356,23960472,ok,0.5555555555555556,auto,1.0,0.006795789930555555,False,True,0.9968684759916493,0.006236979166666667,1.0,0.006795789930555555,masks/REAL+de601749+2023-06-09-13h-01m-42s/ext2_f00037.png
REAL+de601749+2023-06-09-13h-01m-42s,ext1,b100,53,356,356,20540549,ok,1.0,auto,0.9254564983888293,0.005050998263888889,False,True,0.22601416613007086,0.005055338541666667,0.9254564983888293,0.005050998263888889,masks/REAL+de601749+2023-06-09-13h-01m-42s/ext1_f00053.png
REAL+de601749+2023-06-09-13h-01m-42s,ext2,b100,53,356,356,23960472,ok,1.0,auto,1.0,0.0047970920138888885,False,True,0.031044214487300104,0.0011534288194444443,1.0,0.0047970920138888885,masks/REAL+de601749+2023-06-09-13h-01m-42s/ext2_f00053.png
REAL+de601749+2023-06-09-13h-03m-04s,ext1,b050,21,222,222,20540549,ok,0.6296296296296297,auto,0.4277594974573736,0.010882161458333333,False,True,0.21502741803756853,0.009300130208333333,0.4277594974573736,0.010882161458333333,masks/REAL+de601749+2023-06-09-13h-03m-04s/ext1_f00021.png
REAL+de601749+2023-06-09-13h-03m-04s,ext2,b050,21,222,222,23960472,ok,0.5,auto,1.0,0.007110460069444445,False,True,0.9310009718172984,0.007815755208333334,1.0,0.007110460069444445,masks/REAL+de601749+2023-06-09-13h-03m-04s/ext2_f00021.png
REAL+de601749+2023-06-09-13h-03m-04s,ext1,b100,31,222,222,20540549,ok,1.0,auto,0.8319311663479924,0.005674913194444444,False,True,0.6182240953349805,0.007466362847222222,0.8319311663479924,0.005674913194444444,masks/REAL+de601749+2023-06-09-13h-03m-04s/ext1_f00031.png
REAL+de601749+2023-06-09-13h-03m-04s,ext2,b100,31,222,222,23960472,ok,1.0,auto,1.0,0.0035243055555555557,False,True,0.9361239467246534,0.0039919704861111115,1.0,0.0035243055555555557,masks/REAL+de601749+2023-06-09-13h-03m-04s/ext2_f00031.png
REAL+de601749+2023-06-09-13h-09m-41s,ext1,b050,47,258,258,20540549,ok,0.5370370370370371,auto,0.5560747663551402,0.006037326388888889,False,True,0.09429020429544266,0.0020713975694444443,0.5560747663551402,0.006037326388888889,masks/REAL+de601749+2023-06-09-13h-09m-41s/ext1_f00047.png
REAL+de601749+2023-06-09-13h-09m-41s,ext2,b050,47,258,258,23960472,ok,0.5,auto,1.0,0.0038823784722222224,False,True,0.0,0.0011697048611111112,1.0,0.0038823784722222224,masks/REAL+de601749+2023-06-09-13h-09m-41s/ext2_f00047.png
REAL+de601749+2023-06-09-13h-09m-41s,ext1,b100,59,258,258,20540549,ok,1.0,auto,0.6062288749396427,0.004494357638888889,False,True,0.5794328664161257,0.003175998263888889,0.6062288749396427,0.004494357638888889,masks/REAL+de601749+2023-06-09-13h-09m-41s/ext1_f00059.png
REAL+de601749+2023-06-09-13h-09m-41s,ext2,b100,59,258,258,23960472,ok,1.0,auto,1.0,0.004988064236111111,False,True,0.7072633895818048,0.0029578993055555556,1.0,0.004988064236111111,masks/REAL+de601749+2023-06-09-13h-09m-41s/ext2_f00059.png
REAL+de601749+2023-06-09-13h-10m-29s,ext1,b050,39,190,190,20540549,ok,0.5,auto,0.7748091603053435,0.006822916666666666,False,True,0.5396628656420426,0.008754340277777778,0.7748091603053435,0.006822916666666666,masks/REAL+de601749+2023-06-09-13h-10m-29s/ext1_f00039.png
REAL+de601749+2023-06-09-13h-10m-29s,ext2,b050,39,190,190,23960472,ok,0.5,auto,1.0,0.009506293402777777,False,True,0.6563324538258575,0.004934895833333334,1.0,0.009506293402777777,masks/REAL+de601749+2023-06-09-13h-10m-29s/ext2_f00039.png
REAL+de601749+2023-06-09-13h-10m-29s,ext1,b100,158,190,190,20540549,ok,1.0,auto,0.409386733416771,0.008669704861111112,False,True,0.37049180327868847,0.005626085069444444,0.409386733416771,0.008669704861111112,masks/REAL+de601749+2023-06-09-13h-10m-29s/ext1_f00158.png
REAL+de601749+2023-06-09-13h-10m-29s,ext2,b100,158,190,190,23960472,ok,1.0,auto,1.0,0.0029546440972222222,False,True,0.012104909213180859,0.001613498263888889,1.0,0.0029546440972222222,masks/REAL+de601749+2023-06-09-13h-10m-29s/ext2_f00158.png
REAL+de601749+2023-06-10-13h-36m-07s,ext1,b050,25,424,424,20540549,ok,0.8518518518518519,auto,1.0,0.009526909722222223,False,True,0.0,0.002822265625,1.0,0.009526909722222223,masks/REAL+de601749+2023-06-10-13h-36m-07s/ext1_f00025.png
REAL+de601749+2023-06-10-13h-36m-07s,ext2,b050,25,424,424,23960472,ok,0.5,auto,0.9038884812912693,0.0029578993055555556,False,True,0.8541194255479969,0.00287109375,0.9038884812912693,0.0029578993055555556,masks/REAL+de601749+2023-06-10-13h-36m-07s/ext2_f00025.png
REAL+de601749+2023-06-10-13h-36m-07s,ext1,b100,32,424,424,20540549,ok,1.0,auto,1.0,0.012157118055555555,False,True,0.011688545225678859,0.006034071180555556,1.0,0.012157118055555555,masks/REAL+de601749+2023-06-10-13h-36m-07s/ext1_f00032.png
REAL+de601749+2023-06-10-13h-36m-07s,ext2,b100,32,424,424,23960472,ok,1.0,auto,1.0,0.007581380208333334,False,True,0.7479228719234989,0.0069216579861111115,1.0,0.007581380208333334,masks/REAL+de601749+2023-06-10-13h-36m-07s/ext2_f00032.png
REAL+de601749+2023-06-10-14h-21m-10s,ext1,b050,19,152,152,20540549,ok,1.0,auto,1.0,0.009725477430555556,False,True,0.9879799666110184,0.009749348958333333,1.0,0.009725477430555556,masks/REAL+de601749+2023-06-10-14h-21m-10s/ext1_f00019.png
REAL+de601749+2023-06-10-14h-21m-10s,ext2,b050,19,152,152,23960472,ok,0.5370370370370371,auto,0.6686974789915967,0.005164930555555555,False,True,0.660761154855643,0.0049609375,0.6686974789915967,0.005164930555555555,masks/REAL+de601749+2023-06-10-14h-21m-10s/ext2_f00019.png
REAL+de601749+2023-06-10-14h-21m-10s,ext1,b100,25,152,152,20540549,ok,1.0,auto,1.0,0.01097873263888889,False,True,1.0,0.011051432291666666,1.0,0.01097873263888889,masks/REAL+de601749+2023-06-10-14h-21m-10s/ext1_f00025.png
REAL+de601749+2023-06-10-14h-21m-10s,ext2,b100,25,152,152,23960472,ok,1.0,auto,0.990768928606501,0.011049262152777777,False,True,0.9781697690283598,0.011133897569444445,0.990768928606501,0.011049262152777777,masks/REAL+de601749+2023-06-10-14h-21m-10s/ext2_f00025.png
REAL+de601749+2023-06-11-16h-17m-48s,ext1,b050,25,195,195,20540549,ok,0.5,auto,1.0,0.0026671006944444446,False,True,1.0,0.0026475694444444446,1.0,0.0026671006944444446,masks/REAL+de601749+2023-06-11-16h-17m-48s/ext1_f00025.png
REAL+de601749+2023-06-11-16h-17m-48s,ext2,b050,25,195,195,23960472,ok,1.0,auto,0.402765726681128,0.020008680555555554,False,True,0.1719627735390291,0.01294162326388889,0.402765726681128,0.020008680555555554,masks/REAL+de601749+2023-06-11-16h-17m-48s/ext2_f00025.png
REAL+de601749+2023-06-11-16h-17m-48s,ext1,b100,33,195,195,20540549,ok,1.0,auto,0.4890710382513661,0.011119791666666667,False,True,0.48526658125554356,0.011010199652777778,0.4890710382513661,0.011119791666666667,masks/REAL+de601749+2023-06-11-16h-17m-48s/ext1_f00033.png
REAL+de601749+2023-06-11-16h-17m-48s,ext2,b100,33,195,195,23960472,ok,1.0,auto,0.5251525647369288,0.013157552083333333,False,True,0.47889139542378345,0.013467881944444444,0.5251525647369288,0.013157552083333333,masks/REAL+de601749+2023-06-11-16h-17m-48s/ext2_f00033.png
REAL+de601749+2023-06-17-11h-33m-58s,ext1,b050,28,94,94,20540549,ok,0.5,auto,0.21616862602931275,0.020951605902777778,False,True,0.007391963608794572,0.011449652777777777,0.21616862602931275,0.020951605902777778,masks/REAL+de601749+2023-06-17-11h-33m-58s/ext1_f00028.png
REAL+de601749+2023-06-17-11h-33m-58s,ext2,b050,28,94,94,23960472,ok,1.0,auto,1.0,0.018511284722222222,False,True,0.00835654596100277,0.003505859375,1.0,0.018511284722222222,masks/REAL+de601749+2023-06-17-11h-33m-58s/ext2_f00028.png
REAL+de601749+2023-06-17-11h-33m-58s,ext2,b100,37,94,94,23960472,ok,1.0,auto,1.0,0.007016059027777778,False,True,0.0,0.002963324652777778,1.0,0.007016059027777778,masks/REAL+de601749+2023-06-17-11h-33m-58s/ext2_f00037.png
REAL+de601749+2023-06-17-11h-36m-04s,ext2,b050,36,207,207,23960472,ok,1.0,auto,1.0,0.01154513888888889,False,True,0.0,0.0021061197916666667,1.0,0.01154513888888889,masks/REAL+de601749+2023-06-17-11h-36m-04s/ext2_f00036.png
REAL+de601749+2023-06-17-11h-36m-04s,ext1,b100,46,207,207,20540549,ok,1.0,auto,0.23376623376623373,0.0150390625,False,True,0.12114091240580183,0.013390842013888888,0.23376623376623373,0.0150390625,masks/REAL+de601749+2023-06-17-11h-36m-04s/ext1_f00046.png
REAL+de601749+2023-06-17-11h-36m-04s,ext2,b100,46,207,207,23960472,ok,1.0,auto,1.0,0.008034939236111111,False,True,0.008260670032124828,0.0023643663194444445,1.0,0.008034939236111111,masks/REAL+de601749+2023-06-17-11h-36m-04s/ext2_f00046.png
REAL+de601749+2023-06-17-11h-36m-34s,ext1,b050,31,161,161,20540549,ok,0.5,auto,0.43907466788822724,0.009474826388888889,False,True,0.00013791201213630977,0.007867838541666667,0.43907466788822724,0.009474826388888889,masks/REAL+de601749+2023-06-17-11h-36m-34s/ext1_f00031.png
REAL+de601749+2023-06-17-11h-36m-34s,ext2,b050,31,161,161,23960472,ok,1.0,auto,1.0,0.008173828125,False,True,0.8764347202295553,0.006050347222222223,1.0,0.008173828125,masks/REAL+de601749+2023-06-17-11h-36m-34s/ext2_f00031.png
REAL+de601749+2023-06-17-11h-36m-34s,ext2,b100,45,161,161,23960472,ok,1.0,auto,1.0,0.005509982638888889,False,True,0.037706611570247905,0.0021006944444444445,1.0,0.005509982638888889,masks/REAL+de601749+2023-06-17-11h-36m-34s/ext2_f00045.png
REAL+de601749+2023-06-17-11h-37m-28s,ext1,b050,31,170,170,20540549,ok,0.5,auto,0.5651892591394371,0.013415798611111111,False,True,0.07563025210084029,0.0037445746527777777,0.5651892591394371,0.013415798611111111,masks/REAL+de601749+2023-06-17-11h-37m-28s/ext1_f00031.png
REAL+de601749+2023-06-17-11h-37m-28s,ext2,b050,31,170,170,23960472,ok,1.0,auto,1.0,0.01092556423611111,False,True,0.0,0.00162109375,1.0,0.01092556423611111,masks/REAL+de601749+2023-06-17-11h-37m-28s/ext2_f00031.png
REAL+de601749+2023-06-17-11h-37m-28s,ext2,b100,43,170,170,23960472,ok,1.0,auto,1.0,0.008607855902777777,False,True,0.13321428571428573,0.0030381944444444445,1.0,0.008607855902777777,masks/REAL+de601749+2023-06-17-11h-37m-28s/ext2_f00043.png
REAL+de601749+2023-06-17-11h-56m-21s,ext2,b050,58,258,258,23960472,ok,1.0,auto,1.0,0.009860026041666666,False,True,0.0,0.0019694010416666666,1.0,0.009860026041666666,masks/REAL+de601749+2023-06-17-11h-56m-21s/ext2_f00058.png
REAL+de601749+2023-06-17-11h-56m-21s,ext1,b100,70,258,258,20540549,ok,1.0,auto,0.2851011649294911,0.01415798611111111,False,True,0.2579664978574211,0.013926866319444444,0.2851011649294911,0.01415798611111111,masks/REAL+de601749+2023-06-17-11h-56m-21s/ext1_f00070.png
REAL+de601749+2023-06-17-11h-56m-21s,ext2,b100,70,258,258,23960472,ok,1.0,auto,1.0,0.007292751736111111,False,True,0.0,0.0019270833333333334,1.0,0.007292751736111111,masks/REAL+de601749+2023-06-17-11h-56m-21s/ext2_f00070.png
REAL+de601749+2023-06-17-12h-02m-53s,ext2,b050,35,159,159,23960472,ok,1.0,auto,1.0,0.012071397569444444,False,True,0.06792219820932388,0.0035145399305555555,1.0,0.012071397569444444,masks/REAL+de601749+2023-06-17-12h-02m-53s/ext2_f00035.png
REAL+de601749+2023-06-17-12h-02m-53s,ext2,b100,58,159,159,23960472,ok,1.0,auto,1.0,0.007332899305555555,False,True,0.0,0.0024848090277777776,1.0,0.007332899305555555,masks/REAL+de601749+2023-06-17-12h-02m-53s/ext2_f00058.png
REAL+de601749+2023-06-17-13h-46m-26s,ext2,b050,47,193,193,23960472,ok,1.0,auto,0.7872776565496264,0.016409505208333335,False,True,0.7432624113475177,0.016829427083333334,0.7872776565496264,0.016409505208333335,masks/REAL+de601749+2023-06-17-13h-46m-26s/ext2_f00047.png
REAL+de601749+2023-06-17-13h-46m-26s,ext2,b100,58,193,193,23960472,ok,1.0,auto,0.8938986953184958,0.01131076388888889,False,True,0.8654481998530492,0.01181423611111111,0.8938986953184958,0.01131076388888889,masks/REAL+de601749+2023-06-17-13h-46m-26s/ext2_f00058.png
REAL+de601749+2023-06-17-13h-52m-08s,ext2,b050,28,152,152,23960472,ok,1.0,auto,0.7351727390637897,0.009202473958333334,False,True,0.03656633221850614,0.009733072916666667,0.7351727390637897,0.009202473958333334,masks/REAL+de601749+2023-06-17-13h-52m-08s/ext2_f00028.png
REAL+de601749+2023-06-17-13h-52m-08s,ext2,b100,37,152,152,23960472,ok,1.0,auto,1.0,0.005690104166666667,False,True,0.09155429382540814,0.004586588541666666,1.0,0.005690104166666667,masks/REAL+de601749+2023-06-17-13h-52m-08s/ext2_f00037.png
REAL+de601749+2023-06-17-13h-53m-27s,ext2,b050,50,212,212,23960472,ok,1.0,auto,1.0,0.008495008680555555,False,True,0.0,0.0018760850694444445,1.0,0.008495008680555555,masks/REAL+de601749+2023-06-17-13h-53m-27s/ext2_f00050.png
REAL+de601749+2023-06-17-13h-53m-27s,ext2,b100,66,212,212,23960472,ok,1.0,auto,1.0,0.006974826388888889,False,True,1.0,0.006783854166666666,1.0,0.006974826388888889,masks/REAL+de601749+2023-06-17-13h-53m-27s/ext2_f00066.png
REAL+de601749+2023-06-17-13h-54m-16s,ext2,b050,43,179,179,23960472,ok,1.0,auto,1.0,0.007194010416666666,False,True,0.010118043844856706,0.0019303385416666666,1.0,0.007194010416666666,masks/REAL+de601749+2023-06-17-13h-54m-16s/ext2_f00043.png
REAL+de601749+2023-06-17-13h-54m-16s,ext2,b100,55,179,179,23960472,ok,1.0,auto,1.0,0.005634765625,False,True,0.9996022275258553,0.005455729166666667,1.0,0.005634765625,masks/REAL+de601749+2023-06-17-13h-54m-16s/ext2_f00055.png
REAL+de601749+2023-06-17-13h-57m-02s,ext2,b050,33,159,159,23960472,ok,1.0,auto,0.8014831381319523,0.018436414930555554,False,True,0.5892317793827971,0.016525607638888887,0.8014831381319523,0.018436414930555554,masks/REAL+de601749+2023-06-17-13h-57m-02s/ext2_f00033.png
REAL+de601749+2023-06-17-13h-57m-02s,ext2,b100,48,159,159,23960472,ok,1.0,auto,0.9921558704453441,0.008576388888888889,False,True,0.8401507593393194,0.009788411458333333,0.9921558704453441,0.008576388888888889,masks/REAL+de601749+2023-06-17-13h-57m-02s/ext2_f00048.png
REAL+de601749+2023-06-17-13h-57m-25s,ext2,b050,27,216,216,23960472,ok,1.0,auto,0.7319260227909583,0.017425130208333334,False,True,0.5333839150227617,0.015731336805555555,0.7319260227909583,0.017425130208333334,masks/REAL+de601749+2023-06-17-13h-57m-25s/ext2_f00027.png
REAL+de601749+2023-06-17-13h-57m-25s,ext2,b100,37,216,216,23960472,ok,1.0,auto,0.993137059876666,0.010909288194444445,False,True,0.0,0.0047309027777777775,0.993137059876666,0.010909288194444445,masks/REAL+de601749+2023-06-17-13h-57m-25s/ext2_f00037.png
REAL+de601749+2023-06-17-14h-18m-45s,ext2,b050,31,201,201,23960472,ok,1.0,auto,0.7503261954102387,0.014137369791666667,False,True,0.04163378058405687,0.010998263888888889,0.7503261954102387,0.014137369791666667,masks/REAL+de601749+2023-06-17-14h-18m-45s/ext2_f00031.png
REAL+de601749+2023-06-17-14h-18m-45s,ext2,b100,37,201,201,23960472,ok,1.0,auto,0.9955446647360214,0.009741753472222222,False,True,0.7522860277980981,0.011866319444444445,0.9955446647360214,0.009741753472222222,masks/REAL+de601749+2023-06-17-14h-18m-45s/ext2_f00037.png
REAL+de601749+2023-06-19-16h-25m-38s,ext1,b050,28,199,199,20540549,ok,0.5,auto,0.33343698981575065,0.013957248263888888,False,True,0.31645078724889475,0.013989800347222222,0.33343698981575065,0.013957248263888888,masks/REAL+de601749+2023-06-19-16h-25m-38s/ext1_f00028.png
REAL+de601749+2023-06-19-16h-41m-07s,ext1,b050,36,175,175,20540549,ok,0.5,auto,0.28260659383157694,0.02244574652777778,False,True,0.11818017038245421,0.017958984375,0.28260659383157694,0.02244574652777778,masks/REAL+de601749+2023-06-19-16h-41m-07s/ext1_f00036.png
REAL+de601749+2023-06-19-16h-46m-30s,ext1,b050,32,124,124,20540549,ok,0.5185185185185185,auto,0.504424778761062,0.017533637152777778,False,True,0.476020878108689,0.01767035590277778,0.504424778761062,0.017533637152777778,masks/REAL+de601749+2023-06-19-16h-46m-30s/ext1_f00032.png
REAL+de601749+2023-06-19-16h-47m-45s,ext1,b050,40,203,203,20540549,ok,0.5185185185185185,auto,0.619168881015648,0.029401041666666666,False,True,0.603668522764494,0.029814453125,0.619168881015648,0.029401041666666666,masks/REAL+de601749+2023-06-19-16h-47m-45s/ext1_f00040.png
REAL+de601749+2023-06-19-16h-49m-56s,ext1,b050,42,164,164,20540549,ok,0.5,auto,0.33397612967113155,0.020819227430555556,False,True,0.14419538307126134,0.01621636284722222,0.33397612967113155,0.020819227430555556,masks/REAL+de601749+2023-06-19-16h-49m-56s/ext1_f00042.png
REAL+de601749+2023-06-19-16h-51m-15s,ext1,b050,34,217,217,20540549,ok,0.5,auto,0.6435595127439949,0.02217990451388889,False,True,0.60261548196583,0.020577256944444445,0.6435595127439949,0.02217990451388889,masks/REAL+de601749+2023-06-19-16h-51m-15s/ext1_f00034.png
REAL+de601749+2023-06-19-16h-56m-06s,ext1,b050,43,168,168,20540549,ok,0.5,auto,0.5335366910464834,0.031303168402777776,False,True,0.16283979941937188,0.0164453125,0.5335366910464834,0.031303168402777776,masks/REAL+de601749+2023-06-19-16h-56m-06s/ext1_f00043.png
REAL+de601749+2023-06-19-19h-07m-40s,ext1,b050,25,318,318,20540549,ok,0.5370370370370371,auto,0.2971845233077637,0.02574435763888889,False,True,0.13927900033174834,0.019624565972222223,0.2971845233077637,0.02574435763888889,masks/REAL+de601749+2023-06-19-19h-07m-40s/ext1_f00025.png
REAL+de601749+2023-12-14-13h-59m-56s,ext1,b050,0,114,114,20540549,ok,1.0,auto,0.846639338929013,0.033352864583333336,False,True,0.0004382120946537782,0.002476128472222222,0.846639338929013,0.033352864583333336,masks/REAL+de601749+2023-12-14-13h-59m-56s/ext1_f00000.png
REAL+de601749+2023-12-14-13h-59m-56s,ext2,b050,0,114,114,23960472,ok,1.0,auto,1.0,0.012939453125,False,True,0.0,0.0040581597222222225,1.0,0.012939453125,masks/REAL+de601749+2023-12-14-13h-59m-56s/ext2_f00000.png
REAL+de601749+2023-12-18-16h-53m-29s,ext2,b050,24,73,73,23960472,ok,0.5555555555555556,auto,0.5291855313762719,0.022288411458333334,False,True,0.5275374332936118,0.02094292534722222,0.5291855313762719,0.022288411458333334,masks/REAL+de601749+2023-12-18-16h-53m-29s/ext2_f00024.png
REAL+de601749+2023-12-18-16h-53m-29s,ext2,b100,29,73,73,23960472,ok,1.0,auto,0.5171991113154064,0.014163411458333334,False,True,0.516774806140212,0.013713107638888888,0.5171991113154064,0.014163411458333334,masks/REAL+de601749+2023-12-18-16h-53m-29s/ext2_f00029.png
REAL+de601749+2023-12-18-16h-59m-50s,ext2,b050,21,126,126,23960472,ok,0.6111111111111112,auto,0.49833227445997463,0.02732638888888889,False,True,0.47355205203144934,0.026359592013888888,0.49833227445997463,0.02732638888888889,masks/REAL+de601749+2023-12-18-16h-59m-50s/ext2_f00021.png
REAL+de601749+2023-12-18-16h-59m-50s,ext2,b100,25,126,126,23960472,ok,1.0,auto,0.43729799612152553,0.020143229166666665,False,True,0.4420462742051823,0.019556206597222223,0.43729799612152553,0.020143229166666665,masks/REAL+de601749+2023-12-18-16h-59m-50s/ext2_f00025.png
REAL+de601749+2023-12-18-17h-01m-48s,ext2,b050,20,124,124,23960472,ok,0.5185185185185185,auto,0.5079916608756081,0.029666883680555554,False,True,0.4881512929370899,0.028114149305555555,0.5079916608756081,0.029666883680555554,masks/REAL+de601749+2023-12-18-17h-01m-48s/ext2_f00020.png
REAL+de601749+2023-12-18-17h-01m-48s,ext2,b100,32,124,124,23960472,ok,1.0,auto,0.45867568873852105,0.013470052083333333,False,True,0.36475364863381987,0.009888237847222222,0.45867568873852105,0.013470052083333333,masks/REAL+de601749+2023-12-18-17h-01m-48s/ext2_f00032.png
REAL+de601749+2023-12-18-17h-07m-28s,ext2,b050,22,117,117,23960472,ok,0.5,auto,0.5427261505907248,0.030767144097222223,False,True,0.5032759299702839,0.030307074652777776,0.5427261505907248,0.030767144097222223,masks/REAL+de601749+2023-12-18-17h-07m-28s/ext2_f00022.png
REAL+de601749+2023-12-18-17h-07m-28s,ext2,b100,30,117,117,23960472,ok,1.0,auto,0.5076230579352403,0.014945746527777777,False,True,0.5054107052073498,0.014940321180555556,0.5076230579352403,0.014945746527777777,masks/REAL+de601749+2023-12-18-17h-07m-28s/ext2_f00030.png
REAL+de601749+2023-12-18-17h-08m-03s,ext2,b050,27,109,109,23960472,ok,0.5185185185185185,auto,0.5495682210708117,0.01884765625,False,True,0.4072383220854836,0.016399739583333333,0.5495682210708117,0.01884765625,masks/REAL+de601749+2023-12-18-17h-08m-03s/ext2_f00027.png
REAL+de601749+2023-12-18-17h-08m-03s,ext2,b100,35,109,109,23960472,ok,1.0,auto,0.45014849384811195,0.012787543402777778,False,True,0.4474985334785888,0.012948133680555555,0.45014849384811195,0.012787543402777778,masks/REAL+de601749+2023-12-18-17h-08m-03s/ext2_f00035.png
REAL+de601749+2023-12-18-17h-09m-52s,ext2,b050,17,150,150,23960472,ok,0.6296296296296297,auto,0.6119480312450183,0.0272265625,False,True,0.4745523091423186,0.01842013888888889,0.6119480312450183,0.0272265625,masks/REAL+de601749+2023-12-18-17h-09m-52s/ext2_f00017.png
REAL+de601749+2023-12-18-17h-09m-52s,ext2,b100,22,150,150,23960472,ok,1.0,auto,0.5610283118178292,0.01958441840277778,False,True,0.5489690721649485,0.018524305555555554,0.5610283118178292,0.01958441840277778,masks/REAL+de601749+2023-12-18-17h-09m-52s/ext2_f00022.png
REAL+de601749+2023-12-18-17h-12m-24s,ext2,b050,20,142,142,23960472,ok,0.5,auto,0.3845987336977109,0.02005099826388889,False,True,0.3706717548683989,0.019334852430555556,0.3845987336977109,0.02005099826388889,masks/REAL+de601749+2023-12-18-17h-12m-24s/ext2_f00020.png
REAL+de601749+2023-12-18-17h-12m-24s,ext2,b100,29,142,142,23960472,ok,1.0,auto,0.3263116679718089,0.013856336805555555,False,True,0.30960451977401127,0.013444010416666667,0.3263116679718089,0.013856336805555555,masks/REAL+de601749+2023-12-18-17h-12m-24s/ext2_f00029.png
REAL+de601749+2023-12-18-17h-16m-57s,ext2,b050,31,108,108,23960472,ok,0.5555555555555556,auto,0.6103421415303494,0.018108723958333333,False,True,0.5868787530343682,0.016985677083333334,0.6103421415303494,0.018108723958333333,masks/REAL+de601749+2023-12-18-17h-16m-57s/ext2_f00031.png
REAL+de601749+2023-12-18-17h-16m-57s,ext2,b100,41,108,108,23960472,ok,1.0,auto,0.4368959839644928,0.015157335069444444,False,True,0.434224125203012,0.014698350694444445,0.4368959839644928,0.015157335069444444,masks/REAL+de601749+2023-12-18-17h-16m-57s/ext2_f00041.png
REAL+de601749+2023-12-18-17h-18m-59s,ext2,b050,23,116,116,23960472,ok,0.6111111111111112,auto,0.5028749489928405,0.02925021701388889,False,True,0.4951105361287622,0.028516710069444444,0.5028749489928405,0.02925021701388889,masks/REAL+de601749+2023-12-18-17h-18m-59s/ext2_f00023.png
REAL+de601749+2023-12-18-17h-18m-59s,ext2,b100,29,116,116,23960472,ok,1.0,auto,0.435445950677805,0.02169162326388889,False,True,0.4391512592058505,0.02106879340277778,0.435445950677805,0.02169162326388889,masks/REAL+de601749+2023-12-18-17h-18m-59s/ext2_f00029.png
REAL+de601749+2023-12-18-17h-19m-38s,ext2,b050,21,163,163,23960472,ok,0.6481481481481481,auto,0.4655201202204041,0.025993923611111112,False,True,0.3960907564472381,0.02520290798611111,0.4655201202204041,0.025993923611111112,masks/REAL+de601749+2023-12-18-17h-19m-38s/ext2_f00021.png
REAL+de601749+2023-12-18-17h-19m-38s,ext2,b100,27,163,163,23960472,ok,1.0,auto,0.36376146788990826,0.016558159722222222,False,True,0.3668074669573511,0.015926649305555554,0.36376146788990826,0.016558159722222222,masks/REAL+de601749+2023-12-18-17h-19m-38s/ext2_f00027.png
REAL+de601749+2023-12-19-16h-58m-30s,ext2,b050,31,82,82,23960472,ok,0.5,auto,0.6407869519302225,0.02774197048611111,False,True,0.0,0.017735460069444445,0.6407869519302225,0.02774197048611111,masks/REAL+de601749+2023-12-19-16h-58m-30s/ext2_f00031.png
REAL+de601749+2023-12-19-17h-03m-10s,ext2,b050,36,106,106,23960472,ok,0.5,auto,0.682484743601421,0.02382595486111111,False,True,0.0,0.010717230902777777,0.682484743601421,0.02382595486111111,masks/REAL+de601749+2023-12-19-17h-03m-10s/ext2_f00036.png
RPL+32cba90c+2023-11-30-22h-49m-26s,ext2,b050,0,141,141,25047636,ok,1.0,auto,0.24845846935074356,0.026923828125,False,True,0.04129554655870449,0.018760850694444445,0.24845846935074356,0.026923828125,masks/RPL+32cba90c+2023-11-30-22h-49m-26s/ext2_f00000.png
RPL+32cba90c+2023-12-01-16h-14m-38s,ext2,b050,0,322,322,25047636,ok,0.9259259259259259,auto,0.6244852708267342,0.013702256944444444,False,True,0.6196718608294172,0.013160807291666667,0.6244852708267342,0.013702256944444444,masks/RPL+32cba90c+2023-12-01-16h-14m-38s/ext2_f00000.png
RPL+32cba90c+2023-12-01-16h-14m-38s,ext2,b100,14,322,322,25047636,ok,1.0,auto,0.6539311651405115,0.013745659722222222,False,True,0.6529254240038951,0.013371310763888889,0.6539311651405115,0.013745659722222222,masks/RPL+32cba90c+2023-12-01-16h-14m-38s/ext2_f00014.png
RPL+32cba90c+2023-12-01-16h-17m-30s,ext2,b050,0,218,218,25047636,ok,1.0,auto,0.6314102564102564,0.020989583333333332,False,True,0.34863640653015004,0.022996961805555556,0.6314102564102564,0.020989583333333332,masks/RPL+32cba90c+2023-12-01-16h-17m-30s/ext2_f00000.png
RPL+32cba90c+2023-12-03-14h-26m-29s,ext2,b050,0,981,981,25047636,ok,0.9629629629629629,auto,1.0,0.03251410590277778,False,True,0.0,0.005248480902777778,1.0,0.03251410590277778,masks/RPL+32cba90c+2023-12-03-14h-26m-29s/ext2_f00000.png
RPL+32cba90c+2023-12-03-14h-26m-29s,ext2,b100,38,981,981,25047636,ok,1.0,auto,0.8668387276785714,0.015555555555555555,False,True,0.7107980660180266,0.018178168402777778,0.8668387276785714,0.015555555555555555,masks/RPL+32cba90c+2023-12-03-14h-26m-29s/ext2_f00038.png
RPL+32cba90c+2023-12-04-18h-30m-04s,ext2,b100,282,1139,1139,25047636,ok,1.0,auto,0.9990201251224844,0.014395616319444445,False,True,0.0,0.0005674913194444445,0.9990201251224844,0.014395616319444445,masks/RPL+32cba90c+2023-12-04-18h-30m-04s/ext2_f00282.png
RPL+32cba90c+2023-12-05-16h-11m-10s,ext2,b050,22,635,635,25047636,ok,0.5,auto,1.0,0.007454427083333334,False,True,0.0,0.011039496527777777,1.0,0.007454427083333334,masks/RPL+32cba90c+2023-12-05-16h-11m-10s/ext2_f00022.png
RPL+32cba90c+2023-12-05-17h-02m-44s,ext2,b050,62,1015,1015,25047636,ok,0.5,auto,0.37821309600755726,0.021824001736111112,False,True,0.0985140341221794,0.013800998263888888,0.37821309600755726,0.021824001736111112,masks/RPL+32cba90c+2023-12-05-17h-02m-44s/ext2_f00062.png
RPL+32cba90c+2023-12-05-17h-02m-44s,ext2,b100,78,1015,1015,25047636,ok,1.0,auto,0.3779734032590373,0.011586371527777778,False,True,0.3759113720291639,0.011459418402777777,0.3779734032590373,0.011586371527777778,masks/RPL+32cba90c+2023-12-05-17h-02m-44s/ext2_f00078.png
RPL+32cba90c+2023-12-05-17h-07m-46s,ext2,b050,33,927,927,25047636,ok,0.5,auto,0.3871034454233362,0.026233723958333333,False,True,0.2697734767800184,0.02007052951388889,0.3871034454233362,0.026233723958333333,masks/RPL+32cba90c+2023-12-05-17h-07m-46s/ext2_f00033.png
RPL+32cba90c+2023-12-05-17h-07m-46s,ext2,b100,58,927,927,25047636,ok,1.0,auto,0.3848868590408968,0.01568033854166667,False,True,0.38499611115039245,0.015346137152777778,0.3848868590408968,0.01568033854166667,masks/RPL+32cba90c+2023-12-05-17h-07m-46s/ext2_f00058.png
RPL+32cba90c+2023-12-05-17h-18m-54s,ext2,b050,0,588,588,25047636,ok,0.7037037037037037,auto,0.4606163853182592,0.03503146701388889,False,True,0.00011890606420927874,0.009125434027777778,0.4606163853182592,0.03503146701388889,masks/RPL+32cba90c+2023-12-05-17h-18m-54s/ext2_f00000.png
RPL+32cba90c+2023-12-05-17h-18m-54s,ext2,b100,40,588,588,25047636,ok,1.0,auto,0.3626870124888112,0.02545681423611111,False,True,0.27847678962920597,0.022766927083333333,0.3626870124888112,0.02545681423611111,masks/RPL+32cba90c+2023-12-05-17h-18m-54s/ext2_f00040.png
RPL+32cba90c+2023-12-07-19h-39m-15s,ext1,b050,18,1174,1174,24013089,ok,1.0,auto,0.21147247501118904,0.029092881944444444,False,True,0.05456575808334607,0.021376953125,0.21147247501118904,0.029092881944444444,masks/RPL+32cba90c+2023-12-07-19h-39m-15s/ext1_f00018.png
RPL+32cba90c+2023-12-07-22h-41m-37s,ext2,b050,0,1050,1050,25047636,ok,0.5,auto,0.23040840259011874,0.02128146701388889,False,True,0.06388241113702209,0.015354817708333333,0.23040840259011874,0.02128146701388889,masks/RPL+32cba90c+2023-12-07-22h-41m-37s/ext2_f00000.png
RPL+32cba90c+2023-12-07-22h-41m-37s,ext1,b100,36,1050,1050,24013089,ok,1.0,auto,0.348869914615771,0.02160373263888889,False,True,0.33541108592623115,0.021063368055555556,0.348869914615771,0.02160373263888889,masks/RPL+32cba90c+2023-12-07-22h-41m-37s/ext1_f00036.png
RPL+32cba90c+2023-12-07-22h-43m-44s,ext2,b050,24,1213,1213,25047636,ok,0.5,auto,0.36708534621578104,0.016845703125,False,True,0.09053049082796227,0.010942925347222222,0.36708534621578104,0.016845703125,masks/RPL+32cba90c+2023-12-07-22h-43m-44s/ext2_f00024.png
RPL+32cba90c+2023-12-07-22h-43m-44s,ext2,b100,66,1213,1213,25047636,ok,1.0,auto,0.6649289099526066,0.011447482638888888,False,True,0.6676061813587326,0.011164279513888889,0.6649289099526066,0.011447482638888888,masks/RPL+32cba90c+2023-12-07-22h-43m-44s/ext2_f00066.png
RPL+32cba90c+2023-12-08-14h-08m-53s,ext2,b050,0,1233,1233,25047636,ok,1.0,auto,0.3174703557312253,0.013726128472222222,False,True,0.2985313142074424,0.014258897569444444,0.3174703557312253,0.013726128472222222,masks/RPL+32cba90c+2023-12-08-14h-08m-53s/ext2_f00000.png
RPL+32cba90c+2023-12-08-14h-11m-12s,ext1,b050,25,1192,1192,24013089,ok,0.5,auto,0.21282582938388628,0.014652777777777778,False,True,0.19121580809388217,0.012574869791666667,0.21282582938388628,0.014652777777777778,masks/RPL+32cba90c+2023-12-08-14h-11m-12s/ext1_f00025.png
RPL+32cba90c+2023-12-08-14h-11m-12s,ext1,b100,42,1192,1192,24013089,ok,1.0,auto,0.42197387410724196,0.029321831597222223,False,True,0.1351709347798663,0.017202690972222223,0.42197387410724196,0.029321831597222223,masks/RPL+32cba90c+2023-12-08-14h-11m-12s/ext1_f00042.png
RPL+32cba90c+2023-12-08-14h-24m-11s,ext1,b050,0,1324,1324,24013089,ok,1.0,auto,0.38176833447566827,0.017414279513888888,False,True,0.06738343623589527,0.01019314236111111,0.38176833447566827,0.017414279513888888,masks/RPL+32cba90c+2023-12-08-14h-24m-11s/ext1_f00000.png
RPL+32cba90c+2023-12-08-14h-43m-36s,ext2,b050,0,377,377,25047636,ok,0.9629629629629629,auto,0.2764019069166128,0.05371527777777778,False,True,0.0,0.02638454861111111,0.2764019069166128,0.05371527777777778,masks/RPL+32cba90c+2023-12-08-14h-43m-36s/ext2_f00000.png
RPL+32cba90c+2023-12-08-14h-43m-36s,ext1,b100,12,377,377,24013089,ok,1.0,auto,0.2780804278922345,0.021909722222222223,False,True,0.08107750347475018,0.01639431423611111,0.2780804278922345,0.021909722222222223,masks/RPL+32cba90c+2023-12-08-14h-43m-36s/ext1_f00012.png
RPL+32cba90c+2023-12-08-14h-47m-54s,ext1,b050,0,1072,1072,24013089,ok,1.0,auto,0.2875429964732007,0.024920789930555555,False,True,0.04835307480123319,0.013374565972222223,0.2875429964732007,0.024920789930555555,masks/RPL+32cba90c+2023-12-08-14h-47m-54s/ext1_f00000.png
RPL+32cba90c+2023-12-08-15h-03m-19s,ext2,b100,12,689,689,25047636,ok,1.0,auto,0.2657786630150628,0.008716362847222223,False,True,0.0,0.006238064236111111,0.2657786630150628,0.008716362847222223,masks/RPL+32cba90c+2023-12-08-15h-03m-19s/ext2_f00012.png
RPL+32cba90c+2023-12-09-14h-23m-47s,ext2,b050,115,323,323,25047636,ok,0.5185185185185185,auto,0.6241147630288724,0.023901909722222222,False,True,0.5478977741137675,0.019742838541666665,0.6241147630288724,0.023901909722222222,masks/RPL+32cba90c+2023-12-09-14h-23m-47s/ext2_f00115.png
RPL+32cba90c+2023-12-09-14h-23m-47s,ext2,b100,130,323,323,25047636,ok,1.0,auto,0.4805932470810982,0.01719292534722222,False,True,0.3846739792809263,0.014244791666666666,0.4805932470810982,0.01719292534722222,masks/RPL+32cba90c+2023-12-09-14h-23m-47s/ext2_f00130.png
RPL+cb4f6842+2023-11-10-17h-32m-41s,ext1,b050,0,254,254,24013089,ok,1.0,auto,0.22007801272839256,0.015856119791666668,False,True,0.21949715695005823,0.015838758680555554,0.22007801272839256,0.015856119791666668,masks/RPL+cb4f6842+2023-11-10-17h-32m-41s/ext1_f00000.png
RPL+cb4f6842+2023-11-10-17h-48m-06s,ext1,b050,0,229,229,24013089,ok,1.0,auto,0.21341548802688703,0.015496961805555556,False,True,0.17815714598380394,0.014873046875,0.21341548802688703,0.015496961805555556,masks/RPL+cb4f6842+2023-11-10-17h-48m-06s/ext1_f00000.png
RPL+cb4f6842+2023-11-10-17h-52m-50s,ext1,b050,0,227,227,24013089,ok,1.0,auto,0.23230858468677495,0.022447916666666668,False,True,0.11571792693288019,0.019156901041666667,0.23230858468677495,0.022447916666666668,masks/RPL+cb4f6842+2023-11-10-17h-52m-50s/ext1_f00000.png
RPL+cb4f6842+2023-11-10-17h-54m-50s,ext1,b050,0,288,288,24013089,ok,1.0,auto,0.3133164118120473,0.01752712673611111,False,True,0.27834369625611854,0.01640407986111111,0.3133164118120473,0.01752712673611111,masks/RPL+cb4f6842+2023-11-10-17h-54m-50s/ext1_f00000.png
RPL+cb4f6842+2023-11-10-18h-28m-11s,ext1,b050,0,272,272,24013089,ok,1.0,auto,0.29496882000363267,0.03584418402777778,False,True,0.08851007305733893,0.02450629340277778,0.29496882000363267,0.03584418402777778,masks/RPL+cb4f6842+2023-11-10-18h-28m-11s/ext1_f00000.png
RPL+cb4f6842+2023-11-30-18h-06m-45s,ext1,b050,0,275,275,24013089,ok,1.0,auto,0.37552951143744706,0.015368923611111111,False,True,0.1982110912343471,0.01213107638888889,0.37552951143744706,0.015368923611111111,masks/RPL+cb4f6842+2023-11-30-18h-06m-45s/ext1_f00000.png
RPL+cb4f6842+2023-11-30-18h-14m-40s,ext2,b050,0,205,205,25047636,ok,1.0,auto,0.2017332932571887,0.02166015625,False,True,0.07196616284132606,0.017444661458333333,0.2017332932571887,0.02166015625,masks/RPL+cb4f6842+2023-11-30-18h-14m-40s/ext2_f00000.png
RPL+cb4f6842+2023-11-30-18h-20m-14s,ext1,b050,0,218,218,24013089,ok,1.0,auto,0.4957540374554553,0.028621961805555554,False,True,0.1597172125234454,0.01504123263888889,0.4957540374554553,0.028621961805555554,masks/RPL+cb4f6842+2023-11-30-18h-20m-14s/ext1_f00000.png
RPL+cb4f6842+2023-11-30-18h-20m-14s,ext1,b100,25,218,218,24013089,ok,1.0,auto,0.47308745507444805,0.025360243055555554,False,True,0.2268188302425107,0.015973307291666666,0.47308745507444805,0.025360243055555554,masks/RPL+cb4f6842+2023-11-30-18h-20m-14s/ext1_f00025.png
RPL+cb4f6842+2023-11-30-18h-24m-36s,ext1,b050,0,230,230,24013089,ok,1.0,auto,0.21834516305157092,0.021860894097222222,False,True,0.19769485218110394,0.02099392361111111,0.21834516305157092,0.021860894097222222,masks/RPL+cb4f6842+2023-11-30-18h-24m-36s/ext1_f00000.png
RPL+cb4f6842+2023-11-30-20h-15m-20s,ext1,b050,0,268,268,24013089,ok,1.0,auto,1.0,0.011588541666666667,False,True,0.9992537313432835,0.0014539930555555556,1.0,0.011588541666666667,masks/RPL+cb4f6842+2023-11-30-20h-15m-20s/ext1_f00000.png
RPL+cb4f6842+2023-11-30-20h-15m-20s,ext2,b050,0,268,268,25047636,ok,1.0,auto,0.7943476715250622,0.006104600694444445,False,True,0.0002873563218390718,0.007552083333333333,0.7943476715250622,0.006104600694444445,masks/RPL+cb4f6842+2023-11-30-20h-15m-20s/ext2_f00000.png
RPL+cb4f6842+2023-11-30-20h-27m-22s,ext1,b050,15,241,241,24013089,ok,1.0,auto,0.906125213918996,0.03043402777777778,False,True,0.8992557354408042,0.02828342013888889,0.906125213918996,0.03043402777777778,masks/RPL+cb4f6842+2023-11-30-20h-27m-22s/ext1_f00015.png
RPL+cb4f6842+2023-11-30-20h-27m-22s,ext2,b050,15,241,241,25047636,ok,0.5,auto,0.9875624827803361,0.027568359375,False,True,0.3786549707602339,0.0007421875,0.9875624827803361,0.027568359375,masks/RPL+cb4f6842+2023-11-30-20h-27m-22s/ext2_f00015.png
RPL+cb4f6842+2023-11-30-20h-27m-22s,ext1,b100,30,241,241,24013089,ok,1.0,auto,0.9534527210647341,0.015571831597222223,False,True,0.9551170858629662,0.015013020833333333,0.9534527210647341,0.015571831597222223,masks/RPL+cb4f6842+2023-11-30-20h-27m-22s/ext1_f00030.png
RPL+cb4f6842+2023-11-30-20h-27m-22s,ext2,b100,30,241,241,25047636,ok,1.0,auto,1.0,0.016976996527777777,False,True,0.7834385179153094,0.021319444444444443,1.0,0.016976996527777777,masks/RPL+cb4f6842+2023-11-30-20h-27m-22s/ext2_f00030.png
RPL+cb4f6842+2023-11-30-20h-28m-45s,ext1,b050,0,163,163,24013089,ok,1.0,auto,0.9783438498091455,0.013929036458333334,False,True,0.9791764521684672,0.013860677083333333,0.9783438498091455,0.013929036458333334,masks/RPL+cb4f6842+2023-11-30-20h-28m-45s/ext1_f00000.png
RPL+cb4f6842+2023-11-30-20h-28m-45s,ext2,b050,0,163,163,25047636,ok,1.0,auto,1.0,0.014607204861111112,False,True,1.0,0.014300130208333333,1.0,0.014607204861111112,masks/RPL+cb4f6842+2023-11-30-20h-28m-45s/ext2_f00000.png
RPL+cb4f6842+2023-11-30-20h-37m-25s,ext1,b050,0,176,176,24013089,ok,1.0,auto,1.0,0.014270833333333333,False,True,1.0,0.013136935763888889,1.0,0.014270833333333333,masks/RPL+cb4f6842+2023-11-30-20h-37m-25s/ext1_f00000.png
RPL+cb4f6842+2023-11-30-20h-37m-25s,ext2,b050,0,176,176,25047636,ok,1.0,auto,1.0,0.019745008680555554,False,True,0.09354413702239794,0.002470703125,1.0,0.019745008680555554,masks/RPL+cb4f6842+2023-11-30-20h-37m-25s/ext2_f00000.png
RPL+cb4f6842+2023-11-30-20h-40m-13s,ext1,b050,21,190,190,24013089,ok,0.9814814814814815,auto,0.9464893054190915,0.014356553819444444,False,True,0.9461734496872345,0.014050564236111111,0.9464893054190915,0.014356553819444444,masks/RPL+cb4f6842+2023-11-30-20h-40m-13s/ext1_f00021.png
RPL+cb4f6842+2023-11-30-20h-40m-13s,ext2,b050,21,190,190,25047636,ok,0.5,auto,1.0,0.015933159722222222,False,True,0.9627755210761137,0.016294487847222223,1.0,0.015933159722222222,masks/RPL+cb4f6842+2023-11-30-20h-40m-13s/ext2_f00021.png
RPL+cb4f6842+2023-11-30-20h-40m-13s,ext1,b100,88,190,190,24013089,ok,1.0,auto,0.9794823655625586,0.008091362847222222,False,True,0.979909799097991,0.007939453125,0.9794823655625586,0.008091362847222222,masks/RPL+cb4f6842+2023-11-30-20h-40m-13s/ext1_f00088.png
RPL+cb4f6842+2023-11-30-20h-40m-13s,ext2,b100,88,190,190,25047636,ok,1.0,auto,1.0,0.00967990451388889,False,True,0.641560668858082,0.007592230902777778,1.0,0.00967990451388889,masks/RPL+cb4f6842+2023-11-30-20h-40m-13s/ext2_f00088.png
RPL+cb4f6842+2023-11-30-20h-46m-04s,ext1,b050,0,237,237,24013089,ok,1.0,auto,0.9995437766994318,0.026162109375,False,True,0.9994670456564221,0.02443142361111111,0.9995437766994318,0.026162109375,masks/RPL+cb4f6842+2023-11-30-20h-46m-04s/ext1_f00000.png
RPL+cb4f6842+2023-11-30-20h-46m-04s,ext2,b050,0,237,237,25047636,ok,1.0,auto,0.9988654710476939,0.024866536458333335,False,True,0.5998080614203455,0.0022612847222222223,0.9988654710476939,0.024866536458333335,masks/RPL+cb4f6842+2023-11-30-20h-46m-04s/ext2_f00000.png
TRI+22cb038f+2023-09-21-09h-29m-20s,ext2,b050,0,195,195,25947356,ok,1.0,auto,0.23728813559322037,0.022278645833333333,False,True,0.017985115766262383,0.01574652777777778,0.23728813559322037,0.022278645833333333,masks/TRI+22cb038f+2023-09-21-09h-29m-20s/ext2_f00000.png
TRI+22cb038f+2023-09-21-09h-32m-19s,ext2,b050,0,198,198,25947356,ok,1.0,auto,0.44813858403270923,0.020169270833333332,False,True,0.07409669211195924,0.010660807291666666,0.44813858403270923,0.020169270833333332,masks/TRI+22cb038f+2023-09-21-09h-32m-19s/ext2_f00000.png
TRI+22cb038f+2023-09-21-10h-02m-36s,ext1,b050,0,243,243,20252535,ok,1.0,auto,0.6732910111325789,0.011793619791666666,False,True,0.6761218533381977,0.011896701388888889,0.6732910111325789,0.011793619791666666,masks/TRI+22cb038f+2023-09-21-10h-02m-36s/ext1_f00000.png
TRI+22cb038f+2023-09-21-10h-02m-36s,ext2,b050,0,243,243,25947356,ok,1.0,auto,0.5637398510086213,0.012963324652777778,False,True,0.07183965072435006,0.005467664930555556,0.5637398510086213,0.012963324652777778,masks/TRI+22cb038f+2023-09-21-10h-02m-36s/ext2_f00000.png
TRI+22cb038f+2023-09-21-10h-15m-01s,ext2,b050,0,200,200,25947356,ok,1.0,auto,0.8282910874897792,0.018578559027777778,False,True,0.7580952380952382,0.0205078125,0.8282910874897792,0.018578559027777778,masks/TRI+22cb038f+2023-09-21-10h-15m-01s/ext2_f00000.png
TRI+22cb038f+2023-09-21-10h-18m-55s,ext1,b050,0,179,179,20252535,ok,1.0,auto,0.8390660306301783,0.008643663194444444,False,True,0.01290719114935468,0.001765407986111111,0.8390660306301783,0.008643663194444444,masks/TRI+22cb038f+2023-09-21-10h-18m-55s/ext1_f00000.png
TRI+22cb038f+2023-09-21-10h-18m-55s,ext2,b050,0,179,179,25947356,ok,1.0,auto,0.7088644546073757,0.02230251736111111,False,True,0.0024896265560165887,0.005230034722222222,0.7088644546073757,0.02230251736111111,masks/TRI+22cb038f+2023-09-21-10h-18m-55s/ext2_f00000.png
TRI+22cb038f+2023-09-21-12h-25m-01s,ext2,b050,11,322,322,25947356,ok,1.0,auto,0.47437638481881206,0.015181206597222222,False,True,0.2109486643948555,0.009870876736111112,0.47437638481881206,0.015181206597222222,masks/TRI+22cb038f+2023-09-21-12h-25m-01s/ext2_f00011.png
TRI+22cb038f+2023-09-21-12h-25m-01s,ext2,b100,24,322,322,25947356,ok,1.0,auto,0.2626962795303438,0.015340711805555556,False,True,0.047758100979653384,0.011519097222222222,0.2626962795303438,0.015340711805555556,masks/TRI+22cb038f+2023-09-21-12h-25m-01s/ext2_f00024.png
TRI+22cb038f+2023-09-21-18h-03m-00s,ext1,b050,14,210,210,20252535,ok,0.5,auto,0.3068311919603104,0.008529730902777777,False,True,0.0,0.005818142361111111,0.3068311919603104,0.008529730902777777,masks/TRI+22cb038f+2023-09-21-18h-03m-00s/ext1_f00014.png
TRI+22cb038f+2023-09-25-10h-33m-55s,ext1,b050,0,171,171,20252535,ok,0.7222222222222222,auto,0.857473481195757,0.005626085069444444,False,True,0.0003698772007693085,0.01466796875,0.857473481195757,0.005626085069444444,masks/TRI+22cb038f+2023-09-25-10h-33m-55s/ext1_f00000.png
TRI+4b1a56cc+2023-09-05-16h-47m-08s,ext1,b050,104,570,570,23404442,ok,1.0,auto,0.6036794512004989,0.03479817708333333,False,True,0.0,0.012707248263888889,0.6036794512004989,0.03479817708333333,masks/TRI+4b1a56cc+2023-09-05-16h-47m-08s/ext1_f00104.png
TRI+4b1a56cc+2023-09-05-16h-47m-08s,ext1,b100,144,570,570,23404442,ok,1.0,auto,0.7034743138336232,0.02557834201388889,False,True,0.0,0.008446180555555556,0.7034743138336232,0.02557834201388889,masks/TRI+4b1a56cc+2023-09-05-16h-47m-08s/ext1_f00144.png
TRI+52ca9b6a+2023-10-16-12h-00m-47s,ext1,b050,0,476,476,28451778,ok,1.0,auto,0.6073456677047078,0.011846788194444444,False,True,0.5787276341948311,0.01091579861111111,0.6073456677047078,0.011846788194444444,masks/TRI+52ca9b6a+2023-10-16-12h-00m-47s/ext1_f00000.png
TRI+52ca9b6a+2023-10-16-12h-02m-03s,ext2,b050,0,642,642,28813166,ok,1.0,auto,0.5388410665546924,0.010336371527777779,False,True,0.4396809571286141,0.0076182725694444444,0.5388410665546924,0.010336371527777779,masks/TRI+52ca9b6a+2023-10-16-12h-02m-03s/ext2_f00000.png
TRI+52ca9b6a+2023-10-16-12h-03m-11s,ext1,b050,0,247,247,28451778,ok,1.0,auto,0.741374699117411,0.012171223958333333,False,True,0.690258231998907,0.007941623263888888,0.741374699117411,0.012171223958333333,masks/TRI+52ca9b6a+2023-10-16-12h-03m-11s/ext1_f00000.png
TRI+52ca9b6a+2023-10-16-12h-03m-11s,ext2,b050,0,247,247,28813166,ok,1.0,auto,0.4354499485389538,0.024248046875,False,True,0.06445018291370774,0.010084635416666666,0.4354499485389538,0.024248046875,masks/TRI+52ca9b6a+2023-10-16-12h-03m-11s/ext2_f00000.png
TRI+52ca9b6a+2023-10-16-12h-05m-38s,ext1,b050,0,295,295,28451778,ok,1.0,auto,0.6652899527983817,0.012873263888888889,False,True,0.6593051898411619,0.012774522569444445,0.6652899527983817,0.012873263888888889,masks/TRI+52ca9b6a+2023-10-16-12h-05m-38s/ext1_f00000.png
TRI+52ca9b6a+2023-10-16-16h-15m-56s,ext2,b100,36,348,348,29513368,ok,1.0,auto,0.29266281945589445,0.026323784722222222,False,True,0.013031161473087804,0.019151475694444444,0.29266281945589445,0.026323784722222222,masks/TRI+52ca9b6a+2023-10-16-16h-15m-56s/ext2_f00036.png
TRI+52ca9b6a+2023-10-17-14h-10m-04s,ext2,b050,0,190,190,29513368,ok,1.0,auto,0.9016737446914814,0.021717664930555554,False,True,0.4555633310006998,0.003101128472222222,0.9016737446914814,0.021717664930555554,masks/TRI+52ca9b6a+2023-10-17-14h-10m-04s/ext2_f00000.png
TRI+52ca9b6a+2023-10-17-15h-31m-20s,ext1,b050,0,211,211,28451778,ok,0.6666666666666666,auto,0.7398239823982398,0.00986328125,False,True,0.69772579597141,0.008349609375,0.7398239823982398,0.00986328125,masks/TRI+52ca9b6a+2023-10-17-15h-31m-20s/ext1_f00000.png
TRI+52ca9b6a+2023-10-17-15h-31m-20s,ext1,b100,32,211,211,28451778,ok,1.0,auto,0.8454132606721163,0.017919921875,False,True,0.819142102633645,0.015202907986111111,0.8454132606721163,0.017919921875,masks/TRI+52ca9b6a+2023-10-17-15h-31m-20s/ext1_f00032.png
TRI+52ca9b6a+2023-10-17-15h-49m-35s,ext1,b050,21,435,435,28451778,ok,0.5740740740740741,auto,0.6214726840855107,0.011420355902777778,False,True,0.6170720076299475,0.011376953125,0.6214726840855107,0.011420355902777778,masks/TRI+52ca9b6a+2023-10-17-15h-49m-35s/ext1_f00021.png
TRI+52ca9b6a+2023-10-17-15h-49m-35s,ext2,b050,21,435,435,28813166,ok,1.0,auto,0.47285125010522766,0.012889539930555555,False,True,0.2612327839241364,0.009611545138888889,0.47285125010522766,0.012889539930555555,masks/TRI+52ca9b6a+2023-10-17-15h-49m-35s/ext2_f00021.png
TRI+52ca9b6a+2023-10-17-15h-49m-35s,ext1,b100,29,435,435,28451778,ok,1.0,auto,0.6589170100058859,0.022122395833333332,False,True,0.41724403387220943,0.012685546875,0.6589170100058859,0.022122395833333332,masks/TRI+52ca9b6a+2023-10-17-15h-49m-35s/ext1_f00029.png
TRI+52ca9b6a+2023-10-17-15h-49m-35s,ext2,b100,29,435,435,28813166,ok,1.0,auto,0.7765158133845885,0.024839409722222223,False,True,0.025034530386740306,0.006284722222222222,0.7765158133845885,0.024839409722222223,masks/TRI+52ca9b6a+2023-10-17-15h-49m-35s/ext2_f00029.png
TRI+52ca9b6a+2023-10-17-16h-18m-16s,ext1,b050,17,650,650,28451778,ok,0.5,auto,0.5616962645437844,0.007087673611111111,False,True,0.009942638623327005,0.002837456597222222,0.5616962645437844,0.007087673611111111,masks/TRI+52ca9b6a+2023-10-17-16h-18m-16s/ext1_f00017.png
TRI+52ca9b6a+2023-10-17-16h-18m-16s,ext1,b100,33,650,650,28451778,ok,1.0,auto,0.3927114112846489,0.0077115885416666665,False,True,0.010787486515641875,0.003017578125,0.3927114112846489,0.0077115885416666665,masks/TRI+52ca9b6a+2023-10-17-16h-18m-16s/ext1_f00033.png
TRI+52ca9b6a+2023-10-18-13h-17m-10s,ext2,b050,0,372,372,28813166,ok,1.0,auto,0.8661189715502815,0.007132161458333334,False,True,0.5725355144210074,0.010082465277777777,0.8661189715502815,0.007132161458333334,masks/TRI+52ca9b6a+2023-10-18-13h-17m-10s/ext2_f00000.png
TRI+52ca9b6a+2023-10-18-13h-17m-10s,ext2,b100,16,372,372,28813166,ok,1.0,auto,0.9279708075519594,0.006839192708333333,False,True,0.7652014652014651,0.0029622395833333332,0.9279708075519594,0.006839192708333333,masks/TRI+52ca9b6a+2023-10-18-13h-17m-10s/ext2_f00016.png
TRI+52ca9b6a+2023-10-18-13h-21m-51s,ext2,b050,0,136,136,28813166,ok,1.0,auto,0.8283741368487131,0.008642578125,False,True,0.8091832355886139,0.007585720486111111,0.8283741368487131,0.008642578125,masks/TRI+52ca9b6a+2023-10-18-13h-21m-51s/ext2_f00000.png
TRI+52ca9b6a+2023-10-18-13h-21m-51s,ext2,b100,20,136,136,28813166,ok,1.0,auto,0.9324377716317661,0.008238932291666667,False,True,0.8252392344497608,0.009071180555555556,0.9324377716317661,0.008238932291666667,masks/TRI+52ca9b6a+2023-10-18-13h-21m-51s/ext2_f00020.png
TRI+52ca9b6a+2023-10-18-13h-28m-19s,ext1,b050,0,273,273,28451778,ok,1.0,auto,1.0,0.007380642361111111,False,True,0.0008237232289950436,0.0013172743055555555,1.0,0.007380642361111111,masks/TRI+52ca9b6a+2023-10-18-13h-28m-19s/ext1_f00000.png
TRI+52ca9b6a+2023-10-18-13h-28m-19s,ext2,b050,0,273,273,28813166,ok,1.0,auto,0.5166919575113809,0.024312065972222224,False,True,0.4965898018837285,0.02338650173611111,0.5166919575113809,0.024312065972222224,masks/TRI+52ca9b6a+2023-10-18-13h-28m-19s/ext2_f00000.png
TRI+52ca9b6a+2023-10-18-15h-51m-07s,ext1,b050,139,346,346,28451778,ok,0.5925925925925926,auto,1.0,0.023139105902777776,False,True,0.0009390931043734563,0.040440538194444445,1.0,0.023139105902777776,masks/TRI+52ca9b6a+2023-10-18-15h-51m-07s/ext1_f00139.png
TRI+52ca9b6a+2023-10-18-15h-51m-07s,ext2,b050,139,346,346,28813166,ok,1.0,auto,0.9895600298284862,0.004365234375,False,True,0.9452821011673151,0.004461805555555556,0.9895600298284862,0.004365234375,masks/TRI+52ca9b6a+2023-10-18-15h-51m-07s/ext2_f00139.png
TRI+52ca9b6a+2023-10-18-15h-51m-07s,ext1,b100,143,346,346,28451778,ok,1.0,auto,1.0,0.003364800347222222,False,True,0.11326732673267326,0.002739800347222222,1.0,0.003364800347222222,masks/TRI+52ca9b6a+2023-10-18-15h-51m-07s/ext1_f00143.png
TRI+52ca9b6a+2023-10-18-15h-51m-07s,ext2,b100,143,346,346,28813166,ok,1.0,auto,0.904035216434336,0.007394748263888889,False,True,0.9905910026462805,0.0036903211805555556,0.904035216434336,0.007394748263888889,masks/TRI+52ca9b6a+2023-10-18-15h-51m-07s/ext2_f00143.png
TRI+52ca9b6a+2023-10-18-16h-04m-05s,ext1,b050,0,689,689,29431508,ok,1.0,auto,0.4895234778571014,0.018694661458333334,False,True,0.02827632915678968,0.006408420138888889,0.4895234778571014,0.018694661458333334,masks/TRI+52ca9b6a+2023-10-18-16h-04m-05s/ext1_f00000.png
TRI+52ca9b6a+2023-10-18-16h-04m-05s,ext2,b050,0,689,689,29513368,ok,1.0,auto,0.8161332688186909,0.047093098958333336,False,True,0.007209425004396031,0.006170789930555556,0.8161332688186909,0.047093098958333336,masks/TRI+52ca9b6a+2023-10-18-16h-04m-05s/ext2_f00000.png
TRI+52ca9b6a+2023-10-18-16h-58m-15s,ext2,b050,0,257,257,29513368,ok,0.8333333333333334,auto,0.2212687377797089,0.009989149305555556,False,True,0.20810782128833705,0.010224609375,0.2212687377797089,0.009989149305555556,masks/TRI+52ca9b6a+2023-10-18-16h-58m-15s/ext2_f00000.png
TRI+52ca9b6a+2023-10-18-17h-05m-59s,ext2,b100,17,228,228,29513368,ok,1.0,auto,0.24109127652408213,0.016107855902777777,False,True,0.222506747871825,0.01567816840277778,0.24109127652408213,0.016107855902777777,masks/TRI+52ca9b6a+2023-10-18-17h-05m-59s/ext2_f00017.png
TRI+52ca9b6a+2023-10-18-18h-23m-12s,ext1,b050,0,234,234,29431508,ok,1.0,auto,0.9876043511257273,0.012867838541666666,False,True,0.9878714372346877,0.012524956597222222,0.9876043511257273,0.012867838541666666,masks/TRI+52ca9b6a+2023-10-18-18h-23m-12s/ext1_f00000.png
TRI+52ca9b6a+2023-10-18-18h-24m-10s,ext1,b050,0,172,172,29431508,ok,1.0,auto,0.940683691393055,0.008030598958333333,False,True,0.018060836501901156,0.0011414930555555555,0.940683691393055,0.008030598958333333,masks/TRI+52ca9b6a+2023-10-18-18h-24m-10s/ext1_f00000.png
TRI+52ca9b6a+2023-10-18-18h-36m-11s,ext2,b050,0,181,181,29513368,ok,1.0,auto,1.0,0.008712022569444445,False,True,1.0,0.008666449652777778,1.0,0.008712022569444445,masks/TRI+52ca9b6a+2023-10-18-18h-36m-11s/ext2_f00000.png
TRI+52ca9b6a+2023-10-19-11h-26m-21s,ext1,b050,0,494,494,28451778,ok,1.0,auto,0.9898788609785516,0.020691189236111112,False,True,0.8570202540336422,0.025286458333333334,0.9898788609785516,0.020691189236111112,masks/TRI+52ca9b6a+2023-10-19-11h-26m-21s/ext1_f00000.png
TRI+52ca9b6a+2023-10-19-11h-43m-11s,ext1,b050,13,614,614,28451778,ok,1.0,auto,1.0,0.015842013888888888,False,True,1.0,0.015840928819444444,1.0,0.015842013888888888,masks/TRI+52ca9b6a+2023-10-19-11h-43m-11s/ext1_f00013.png
TRI+52ca9b6a+2023-10-19-11h-43m-11s,ext1,b100,39,614,614,28451778,ok,1.0,auto,1.0,0.014439019097222222,False,True,1.0,0.01376736111111111,1.0,0.014439019097222222,masks/TRI+52ca9b6a+2023-10-19-11h-43m-11s/ext1_f00039.png
TRI+52ca9b6a+2023-10-19-12h-32m-07s,ext1,b050,22,320,320,28451778,ok,1.0,auto,1.0,0.009740668402777777,False,True,0.99830220713073,0.005751953125,1.0,0.009740668402777777,masks/TRI+52ca9b6a+2023-10-19-12h-32m-07s/ext1_f00022.png
TRI+52ca9b6a+2023-10-19-12h-32m-07s,ext1,b100,57,320,320,28451778,ok,1.0,auto,1.0,0.012945963541666666,False,True,0.9921131590227176,0.012657335069444444,1.0,0.012945963541666666,masks/TRI+52ca9b6a+2023-10-19-12h-32m-07s/ext1_f00057.png
TRI+52ca9b6a+2023-10-19-14h-14m-24s,ext1,b050,0,369,369,28451778,ok,1.0,auto,1.0,0.013633897569444444,False,True,0.8957816377171216,0.00787109375,1.0,0.013633897569444444,masks/TRI+52ca9b6a+2023-10-19-14h-14m-24s/ext1_f00000.png
TRI+52ca9b6a+2023-10-19-14h-14m-24s,ext2,b050,0,369,369,28813166,ok,1.0,auto,0.9566122874002083,0.02188259548611111,False,True,0.8741003742443143,0.011307508680555555,0.9566122874002083,0.02188259548611111,masks/TRI+52ca9b6a+2023-10-19-14h-14m-24s/ext2_f00000.png
TRI+52ca9b6a+2023-10-19-15h-36m-13s,ext1,b050,0,271,271,28451778,ok,0.9629629629629629,auto,0.8170035829610298,0.024530164930555556,False,True,0.0754625121713729,0.004457465277777778,0.8170035829610298,0.024530164930555556,masks/TRI+52ca9b6a+2023-10-19-15h-36m-13s/ext1_f00000.png
TRI+52ca9b6a+2023-10-19-15h-36m-13s,ext1,b100,13,271,271,28451778,ok,1.0,auto,1.0,0.020276692708333332,False,True,0.0,0.009071180555555556,1.0,0.020276692708333332,masks/TRI+52ca9b6a+2023-10-19-15h-36m-13s/ext1_f00013.png
TRI+52ca9b6a+2023-10-19-16h-41m-05s,ext1,b050,0,169,169,28451778,ok,1.0,auto,0.6480150392568838,0.019624565972222223,False,True,0.642824985931345,0.019281684027777777,0.6480150392568838,0.019624565972222223,masks/TRI+52ca9b6a+2023-10-19-16h-41m-05s/ext1_f00000.png
TRI+52ca9b6a+2023-10-23-10h-22m-20s,ext1,b050,0,423,423,28451778,ok,1.0,auto,0.4156475121460881,0.006476779513888889,False,True,0.23449304174950303,0.01091579861111111,0.4156475121460881,0.006476779513888889,masks/TRI+52ca9b6a+2023-10-23-10h-22m-20s/ext1_f00000.png
TRI+52ca9b6a+2023-10-23-10h-22m-20s,ext2,b050,0,423,423,28813166,ok,1.0,auto,1.0,0.014563802083333334,False,True,0.9861393457771207,0.011742621527777778,1.0,0.014563802083333334,masks/TRI+52ca9b6a+2023-10-23-10h-22m-20s/ext2_f00000.png
TRI+52ca9b6a+2023-10-23-13h-19m-23s,ext1,b050,0,345,345,28451778,ok,1.0,auto,1.0,0.015928819444444443,False,True,0.0,0.001552734375,1.0,0.015928819444444443,masks/TRI+52ca9b6a+2023-10-23-13h-19m-23s/ext1_f00000.png
TRI+52ca9b6a+2023-10-23-13h-19m-23s,ext2,b050,0,345,345,28813166,ok,1.0,auto,1.0,0.009187282986111111,False,True,0.9911218724778047,0.00806640625,1.0,0.009187282986111111,masks/TRI+52ca9b6a+2023-10-23-13h-19m-23s/ext2_f00000.png
TRI+52ca9b6a+2023-10-23-14h-22m-35s,ext2,b050,0,475,475,28813166,ok,1.0,auto,1.0,0.008125,False,True,0.0,0.0023589409722222223,1.0,0.008125,masks/TRI+52ca9b6a+2023-10-23-14h-22m-35s/ext2_f00000.png
TRI+52ca9b6a+2023-10-23-14h-22m-35s,ext2,b100,27,475,475,28813166,ok,1.0,auto,1.0,0.0051616753472222224,False,True,0.0,0.0002615017361111111,1.0,0.0051616753472222224,masks/TRI+52ca9b6a+2023-10-23-14h-22m-35s/ext2_f00027.png
TRI+52ca9b6a+2023-10-23-16h-22m-09s,ext1,b050,0,766,766,20252535,ok,1.0,auto,1.0,0.004535590277777778,False,True,0.5648267008985879,0.0008452690972222222,1.0,0.004535590277777778,masks/TRI+52ca9b6a+2023-10-23-16h-22m-09s/ext1_f00000.png
TRI+52ca9b6a+2023-10-23-16h-25m-40s,ext2,b050,0,321,321,28813166,ok,1.0,auto,1.0,0.00740234375,False,True,0.015625,0.012430555555555556,1.0,0.00740234375,masks/TRI+52ca9b6a+2023-10-23-16h-25m-40s/ext2_f00000.png
TRI+52ca9b6a+2023-10-23-16h-35m-41s,ext1,b050,0,420,420,20252535,ok,1.0,auto,1.0,0.013074001736111111,False,True,0.7816977225672878,0.013102213541666666,1.0,0.013074001736111111,masks/TRI+52ca9b6a+2023-10-23-16h-35m-41s/ext1_f00000.png
TRI+52ca9b6a+2023-10-23-17h-44m-41s,ext1,b050,0,314,314,20252535,ok,1.0,auto,0.6939045533351583,0.023782552083333332,False,True,0.0,0.008929036458333333,0.6939045533351583,0.023782552083333332,masks/TRI+52ca9b6a+2023-10-23-17h-44m-41s/ext1_f00000.png
TRI+52ca9b6a+2023-10-23-17h-44m-41s,ext2,b050,0,314,314,25947356,ok,0.7222222222222222,auto,1.0,0.012492404513888888,False,True,0.9891952309985097,0.008736979166666667,1.0,0.012492404513888888,masks/TRI+52ca9b6a+2023-10-23-17h-44m-41s/ext2_f00000.png
TRI+52ca9b6a+2023-10-23-17h-44m-41s,ext1,b100,20,314,314,20252535,ok,1.0,auto,0.6796577510666606,0.04730251736111111,False,True,0.0,0.011483289930555555,0.6796577510666606,0.04730251736111111,masks/TRI+52ca9b6a+2023-10-23-17h-44m-41s/ext1_f00020.png
TRI+52ca9b6a+2023-10-23-17h-44m-41s,ext2,b100,20,314,314,25947356,ok,1.0,auto,1.0,0.0062586805555555555,False,True,0.0,0.00016493055555555556,1.0,0.0062586805555555555,masks/TRI+52ca9b6a+2023-10-23-17h-44m-41s/ext2_f00020.png
TRI+52ca9b6a+2023-10-23-17h-50m-54s,ext1,b050,0,463,463,20252535,ok,1.0,auto,0.8606429031960947,0.035341796875,False,True,0.7111467441685666,0.04330837673611111,0.8606429031960947,0.035341796875,masks/TRI+52ca9b6a+2023-10-23-17h-50m-54s/ext1_f00000.png
TRI+52ca9b6a+2023-10-23-17h-50m-54s,ext2,b050,0,463,463,25947356,ok,1.0,auto,1.0,0.009000651041666667,False,True,0.0,4.0147569444444445e-05,1.0,0.009000651041666667,masks/TRI+52ca9b6a+2023-10-23-17h-50m-54s/ext2_f00000.png
TRI+52ca9b6a+2023-10-23-17h-55m-18s,ext1,b050,0,262,262,20252535,ok,1.0,auto,0.7422076632916419,0.03279296875,False,True,0.0,0.008246527777777778,0.7422076632916419,0.03279296875,masks/TRI+52ca9b6a+2023-10-23-17h-55m-18s/ext1_f00000.png
TRI+52ca9b6a+2023-10-23-17h-55m-18s,ext2,b050,0,262,262,25947356,ok,0.7962962962962963,auto,1.0,0.007724609375,False,True,0.0,5.099826388888889e-05,1.0,0.007724609375,masks/TRI+52ca9b6a+2023-10-23-17h-55m-18s/ext2_f00000.png
TRI+52ca9b6a+2023-10-23-17h-55m-18s,ext1,b100,42,262,262,20252535,ok,1.0,auto,0.7888509670079635,0.014306640625,False,True,0.6817468440805186,0.015901692708333335,0.7888509670079635,0.014306640625,masks/TRI+52ca9b6a+2023-10-23-17h-55m-18s/ext1_f00042.png
TRI+52ca9b6a+2023-10-23-17h-55m-18s,ext2,b100,42,262,262,25947356,ok,1.0,auto,1.0,0.007019314236111111,False,True,0.0,0.0015690104166666667,1.0,0.007019314236111111,masks/TRI+52ca9b6a+2023-10-23-17h-55m-18s/ext2_f00042.png
TRI+52ca9b6a+2023-10-23-18h-22m-32s,ext2,b050,65,851,851,25947356,ok,0.5185185185185185,auto,0.90140499918314,0.013283420138888889,False,True,0.9043192488262911,0.011555989583333334,0.90140499918314,0.013283420138888889,masks/TRI+52ca9b6a+2023-10-23-18h-22m-32s/ext2_f00065.png
TRI+52ca9b6a+2023-10-23-18h-22m-32s,ext2,b100,83,851,851,25947356,ok,1.0,auto,0.9306093189964157,0.01513671875,False,True,0.8811972573839663,0.016458333333333332,0.9306093189964157,0.01513671875,masks/TRI+52ca9b6a+2023-10-23-18h-22m-32s/ext2_f00083.png
TRI+52ca9b6a+2023-10-24-10h-21m-45s,ext1,b050,0,179,179,20252535,ok,1.0,auto,0.7507907817442385,0.004802517361111111,False,True,0.7636205773822444,0.0049989149305555555,0.7507907817442385,0.004802517361111111,masks/TRI+52ca9b6a+2023-10-24-10h-21m-45s/ext1_f00000.png
TRI+52ca9b6a+2023-10-24-10h-21m-45s,ext2,b050,0,179,179,25947356,ok,1.0,auto,0.49806617963042543,0.020199652777777778,False,True,0.08829881844746534,0.008540581597222222,0.49806617963042543,0.020199652777777778,masks/TRI+52ca9b6a+2023-10-24-10h-21m-45s/ext2_f00000.png
TRI+52ca9b6a+2023-10-24-10h-30m-34s,ext1,b050,0,640,640,20252535,ok,1.0,auto,0.9294911573068569,0.013988715277777777,False,True,0.9280201606552213,0.013778211805555555,0.9294911573068569,0.013988715277777777,masks/TRI+52ca9b6a+2023-10-24-10h-30m-34s/ext1_f00000.png
TRI+52ca9b6a+2023-10-24-10h-31m-29s,ext1,b050,0,289,289,20252535,ok,0.8888888888888888,auto,0.9703037120359955,0.019292534722222223,False,True,0.972470892626132,0.020968967013888888,0.9703037120359955,0.019292534722222223,masks/TRI+52ca9b6a+2023-10-24-10h-31m-29s/ext1_f00000.png
TRI+52ca9b6a+2023-10-24-10h-31m-29s,ext1,b100,17,289,289,20252535,ok,1.0,auto,0.9624198565352631,0.017093098958333334,False,True,0.9642372672339377,0.01759765625,0.9624198565352631,0.017093098958333334,masks/TRI+52ca9b6a+2023-10-24-10h-31m-29s/ext1_f00017.png
TRI+52ca9b6a+2023-10-24-10h-41m-28s,ext1,b050,0,246,246,20252535,ok,1.0,auto,0.8290293855743545,0.006092664930555556,False,True,0.8795330352707402,0.008736979166666667,0.8290293855743545,0.006092664930555556,masks/TRI+52ca9b6a+2023-10-24-10h-41m-28s/ext1_f00000.png
TRI+52ca9b6a+2023-10-24-11h-30m-35s,ext1,b050,0,227,227,20252535,ok,1.0,auto,1.0,0.009539930555555555,False,True,0.0,0.0015418836805555555,1.0,0.009539930555555555,masks/TRI+52ca9b6a+2023-10-24-11h-30m-35s/ext1_f00000.png
TRI+52ca9b6a+2023-10-24-13h-22m-46s,ext1,b050,25,149,149,28451778,ok,1.0,auto,0.4532360160186022,0.01679904513888889,False,True,0.00786950922878804,0.007583550347222222,0.4532360160186022,0.01679904513888889,masks/TRI+52ca9b6a+2023-10-24-13h-22m-46s/ext1_f00025.png
TRI+52ca9b6a+2023-10-24-13h-22m-46s,ext1,b100,46,149,149,28451778,ok,1.0,auto,0.5544488342329308,0.01949978298611111,False,True,0.4448836515513126,0.014548611111111111,0.5544488342329308,0.01949978298611111,masks/TRI+52ca9b6a+2023-10-24-13h-22m-46s/ext1_f00046.png
TRI+52ca9b6a+2023-10-24-16h-05m-39s,ext1,b050,0,326,326,28451778,ok,1.0,auto,0.42206448408592356,0.052432725694444446,False,True,0.42069875581249216,0.05180338541666667,0.42206448408592356,0.052432725694444446,masks/TRI+52ca9b6a+2023-10-24-16h-05m-39s/ext1_f00000.png
TRI+52ca9b6a+2023-10-24-16h-05m-39s,ext2,b050,0,326,326,28813166,ok,1.0,auto,0.5245698066347348,0.006116536458333334,False,True,0.5375626043405677,0.0064995659722222225,0.5245698066347348,0.006116536458333334,masks/TRI+52ca9b6a+2023-10-24-16h-05m-39s/ext2_f00000.png
TRI+52ca9b6a+2023-10-24-18h-15m-17s,ext1,b050,0,191,191,20252535,ok,0.6481481481481481,auto,1.0,0.0075336371527777776,False,True,0.0,0.0003049045138888889,1.0,0.0075336371527777776,masks/TRI+52ca9b6a+2023-10-24-18h-15m-17s/ext1_f00000.png
TRI+52ca9b6a+2023-10-24-18h-15m-17s,ext2,b050,0,191,191,25947356,ok,1.0,auto,1.0,0.0022916666666666667,False,True,0.43687943262411344,0.0007649739583333333,1.0,0.0022916666666666667,masks/TRI+52ca9b6a+2023-10-24-18h-15m-17s/ext2_f00000.png
TRI+52ca9b6a+2023-10-24-18h-15m-17s,ext1,b100,33,191,191,20252535,ok,1.0,auto,1.0,0.007497829861111111,False,True,0.1162361623616236,0.0005881076388888889,1.0,0.007497829861111111,masks/TRI+52ca9b6a+2023-10-24-18h-15m-17s/ext1_f00033.png
TRI+52ca9b6a+2023-10-24-18h-15m-17s,ext2,b100,33,191,191,25947356,ok,1.0,auto,1.0,0.008328993055555555,False,True,0.0,0.001064453125,1.0,0.008328993055555555,masks/TRI+52ca9b6a+2023-10-24-18h-15m-17s/ext2_f00033.png
TRI+52ca9b6a+2023-10-24-18h-27m-00s,ext1,b050,0,127,127,20252535,ok,0.5185185185185185,auto,1.0,0.005103081597222222,False,True,1.0,2.170138888888889e-06,1.0,0.005103081597222222,masks/TRI+52ca9b6a+2023-10-24-18h-27m-00s/ext1_f00000.png
TRI+52ca9b6a+2023-10-24-18h-27m-00s,ext2,b050,0,127,127,25947356,ok,0.9259259259259259,auto,1.0,0.0016590711805555556,False,True,0.015701970443349755,0.0035243055555555557,1.0,0.0016590711805555556,masks/TRI+52ca9b6a+2023-10-24-18h-27m-00s/ext2_f00000.png
TRI+52ca9b6a+2023-10-24-18h-27m-00s,ext1,b100,15,127,127,20252535,ok,1.0,auto,1.0,0.017744140625,False,True,1.0,0.0002777777777777778,1.0,0.017744140625,masks/TRI+52ca9b6a+2023-10-24-18h-27m-00s/ext1_f00015.png
TRI+52ca9b6a+2023-10-24-18h-27m-00s,ext2,b100,15,127,127,25947356,ok,1.0,auto,1.0,0.010206163194444444,False,True,0.0,0.0032877604166666667,1.0,0.010206163194444444,masks/TRI+52ca9b6a+2023-10-24-18h-27m-00s/ext2_f00015.png
TRI+52ca9b6a+2023-10-25-11h-42m-49s,ext1,b050,40,317,317,20252535,ok,1.0,auto,0.5739318885448916,0.017523871527777776,False,True,0.21129520755389275,0.006090494791666666,0.5739318885448916,0.017523871527777776,masks/TRI+52ca9b6a+2023-10-25-11h-42m-49s/ext1_f00040.png
TRI+52ca9b6a+2023-10-25-11h-42m-49s,ext2,b050,40,317,317,25947356,ok,0.5555555555555556,auto,0.9774606044949625,0.016801215277777778,False,True,0.001847290640394128,0.0035243055555555557,0.9774606044949625,0.016801215277777778,masks/TRI+52ca9b6a+2023-10-25-11h-42m-49s/ext2_f00040.png
TRI+52ca9b6a+2023-10-25-11h-42m-49s,ext1,b100,45,317,317,20252535,ok,1.0,auto,0.4174881343556043,0.011888020833333334,False,True,0.1760705752619004,0.005903862847222222,0.4174881343556043,0.011888020833333334,masks/TRI+52ca9b6a+2023-10-25-11h-42m-49s/ext1_f00045.png
TRI+52ca9b6a+2023-10-25-11h-42m-49s,ext2,b100,45,317,317,25947356,ok,1.0,auto,0.7336329027023654,0.017386067708333335,False,True,0.46983870967741936,0.026909722222222224,0.7336329027023654,0.017386067708333335,masks/TRI+52ca9b6a+2023-10-25-11h-42m-49s/ext2_f00045.png
TRI+52ca9b6a+2023-10-25-15h-34m-57s,ext2,b050,49,321,321,25947356,ok,0.5,auto,0.4261136189421685,0.012739800347222222,False,True,0.3421079481685543,0.010634765625,0.4261136189421685,0.012739800347222222,masks/TRI+52ca9b6a+2023-10-25-15h-34m-57s/ext2_f00049.png
TRI+52ca9b6a+2023-10-25-16h-07m-29s,ext1,b050,0,207,207,28451778,ok,1.0,auto,1.0,0.009100477430555556,False,True,0.8315043756077233,0.007811414930555555,1.0,0.009100477430555556,masks/TRI+52ca9b6a+2023-10-25-16h-07m-29s/ext1_f00000.png
TRI+52ca9b6a+2023-10-25-16h-07m-29s,ext2,b050,0,207,207,28813166,ok,1.0,auto,0.20337451039469723,0.007202690972222222,False,True,0.07875804619462323,0.0057313368055555555,0.20337451039469723,0.007202690972222222,masks/TRI+52ca9b6a+2023-10-25-16h-07m-29s/ext2_f00000.png
TRI+52ca9b6a+2023-10-25-16h-27m-34s,ext1,b050,0,725,725,28451778,ok,1.0,auto,1.0,0.0034385850694444446,False,True,0.943581616481775,0.003423394097222222,1.0,0.0034385850694444446,masks/TRI+52ca9b6a+2023-10-25-16h-27m-34s/ext1_f00000.png
TRI+52ca9b6a+2023-10-25-16h-35m-12s,ext1,b050,0,126,126,28451778,ok,0.6666666666666666,auto,1.0,0.0044867621527777775,False,True,0.635601743211532,0.006473524305555555,1.0,0.0044867621527777775,masks/TRI+52ca9b6a+2023-10-25-16h-35m-12s/ext1_f00000.png
TRI+52ca9b6a+2023-10-25-16h-35m-12s,ext1,b100,15,126,126,28451778,ok,1.0,auto,1.0,0.004918619791666667,False,True,0.8501184834123223,0.0036631944444444446,1.0,0.004918619791666667,masks/TRI+52ca9b6a+2023-10-25-16h-35m-12s/ext1_f00015.png
TRI+52ca9b6a+2023-10-26-11h-58m-58s,ext1,b050,49,280,280,28451778,ok,0.5370370370370371,auto,1.0,0.018797743055555555,False,True,0.971829392465211,0.01918185763888889,1.0,0.018797743055555555,masks/TRI+52ca9b6a+2023-10-26-11h-58m-58s/ext1_f00049.png
TRI+52ca9b6a+2023-10-26-11h-58m-58s,ext2,b050,49,280,280,28813166,ok,1.0,auto,0.25723813854782474,0.007158203125,False,True,0.2454250295159386,0.007352430555555556,0.25723813854782474,0.007158203125,masks/TRI+52ca9b6a+2023-10-26-11h-58m-58s/ext2_f00049.png
TRI+52ca9b6a+2023-10-26-11h-58m-58s,ext2,b100,252,280,280,28813166,ok,1.0,auto,0.33640345950803097,0.009660373263888888,False,True,0.0002525252525252819,0.004296875,0.33640345950803097,0.009660373263888888,masks/TRI+52ca9b6a+2023-10-26-11h-58m-58s/ext2_f00252.png
TRI+52ca9b6a+2023-10-26-12h-10m-58s,ext1,b050,0,219,219,28451778,ok,0.7407407407407407,auto,1.0,0.009036458333333334,False,True,0.9731884057971014,0.0044921875,1.0,0.009036458333333334,masks/TRI+52ca9b6a+2023-10-26-12h-10m-58s/ext1_f00000.png
TRI+52ca9b6a+2023-10-26-12h-10m-58s,ext2,b050,0,219,219,28813166,ok,1.0,auto,0.36830812144619673,0.010113932291666667,False,True,0.345006090133983,0.010690104166666667,0.36830812144619673,0.010113932291666667,masks/TRI+52ca9b6a+2023-10-26-12h-10m-58s/ext2_f00000.png
TRI+52ca9b6a+2023-10-26-12h-10m-58s,ext1,b100,59,219,219,28451778,ok,1.0,auto,0.688737973967176,0.0038346354166666667,False,True,0.4520683675997027,0.004380425347222223,0.688737973967176,0.0038346354166666667,masks/TRI+52ca9b6a+2023-10-26-12h-10m-58s/ext1_f00059.png
TRI+52ca9b6a+2023-10-26-12h-10m-58s,ext2,b100,59,219,219,28813166,ok,1.0,auto,0.2780622953572328,0.025848524305555554,False,True,0.10804309696817838,0.021652560763888887,0.2780622953572328,0.025848524305555554,masks/TRI+52ca9b6a+2023-10-26-12h-10m-58s/ext2_f00059.png
TRI+52ca9b6a+2023-10-26-12h-12m-14s,ext1,b050,0,430,430,28451778,ok,1.0,auto,1.0,0.005048828125,False,True,0.47381546134663344,0.006961805555555555,1.0,0.005048828125,masks/TRI+52ca9b6a+2023-10-26-12h-12m-14s/ext1_f00000.png
TRI+52ca9b6a+2023-10-26-14h-22m-45s,ext1,b050,0,189,189,20252535,ok,0.9814814814814815,auto,0.5815464078885584,0.041595052083333334,False,True,0.05974676866262196,0.016453993055555557,0.5815464078885584,0.041595052083333334,masks/TRI+52ca9b6a+2023-10-26-14h-22m-45s/ext1_f00000.png
TRI+52ca9b6a+2023-10-26-14h-22m-45s,ext2,b050,0,189,189,25947356,ok,1.0,auto,0.9705212628469444,0.01763129340277778,False,True,0.0,0.003523220486111111,0.9705212628469444,0.01763129340277778,masks/TRI+52ca9b6a+2023-10-26-14h-22m-45s/ext2_f00000.png
TRI+52ca9b6a+2023-10-26-14h-22m-45s,ext1,b100,8,189,189,20252535,ok,1.0,auto,0.6406008217277627,0.04067057291666667,False,True,0.34892713212068405,0.019924045138888888,0.6406008217277627,0.04067057291666667,masks/TRI+52ca9b6a+2023-10-26-14h-22m-45s/ext1_f00008.png
TRI+52ca9b6a+2023-10-26-14h-22m-45s,ext2,b100,8,189,189,25947356,ok,1.0,auto,1.0,0.00894748263888889,False,True,0.0,0.0023969184027777778,1.0,0.00894748263888889,masks/TRI+52ca9b6a+2023-10-26-14h-22m-45s/ext2_f00008.png
TRI+52ca9b6a+2023-10-30-15h-13m-06s,ext1,b050,0,154,154,20252535,ok,1.0,auto,0.998967973899727,0.032593315972222224,False,True,0.0,0.013825954861111111,0.998967973899727,0.032593315972222224,masks/TRI+52ca9b6a+2023-10-30-15h-13m-06s/ext1_f00000.png
TRI+52ca9b6a+2023-10-30-15h-13m-06s,ext2,b050,0,154,154,25947356,ok,1.0,auto,0.9998268698060941,0.018802083333333334,False,True,0.0,0.0050412326388888885,0.9998268698060941,0.018802083333333334,masks/TRI+52ca9b6a+2023-10-30-15h-13m-06s/ext2_f00000.png
TRI+52ca9b6a+2023-10-30-16h-21m-32s,ext1,b050,0,365,365,28451778,ok,1.0,auto,0.4915853444749606,0.03713758680555555,False,True,0.04362384004591979,0.011342230902777778,0.4915853444749606,0.03713758680555555,masks/TRI+52ca9b6a+2023-10-30-16h-21m-32s/ext1_f00000.png
TRI+52ca9b6a+2023-10-30-16h-21m-32s,ext2,b050,0,365,365,28813166,ok,1.0,auto,1.0,0.029971788194444446,False,True,1.0,0.017621527777777778,1.0,0.029971788194444446,masks/TRI+52ca9b6a+2023-10-30-16h-21m-32s/ext2_f00000.png
TRI+52ca9b6a+2023-10-30-16h-23m-35s,ext2,b050,0,303,303,28813166,ok,1.0,auto,1.0,0.034471571180555556,False,True,1.0,0.01634223090277778,1.0,0.034471571180555556,masks/TRI+52ca9b6a+2023-10-30-16h-23m-35s/ext2_f00000.png
TRI+52ca9b6a+2023-10-30-16h-24m-14s,ext2,b050,0,181,181,28813166,ok,1.0,auto,0.9539403471325058,0.019317491319444446,False,True,0.9422889305816136,0.014458550347222222,0.9539403471325058,0.019317491319444446,masks/TRI+52ca9b6a+2023-10-30-16h-24m-14s/ext2_f00000.png
TRI+52ca9b6a+2023-10-30-16h-33m-01s,ext2,b050,0,225,225,28813166,ok,1.0,auto,0.9971881981357369,0.028170572916666668,False,True,0.9975353482942015,0.016729600694444444,0.9971881981357369,0.028170572916666668,masks/TRI+52ca9b6a+2023-10-30-16h-33m-01s/ext2_f00000.png
TRI+52ca9b6a+2023-10-30-16h-38m-41s,ext2,b050,0,301,301,28813166,ok,1.0,auto,0.9876019103671185,0.02249240451388889,False,True,0.9676190476190476,0.018229166666666668,0.9876019103671185,0.02249240451388889,masks/TRI+52ca9b6a+2023-10-30-16h-38m-41s/ext2_f00000.png
TRI+52ca9b6a+2023-10-30-17h-13m-43s,ext1,b050,40,380,380,20252535,ok,0.5,auto,1.0,0.012215711805555555,False,True,1.0,0.012917751736111111,1.0,0.012215711805555555,masks/TRI+52ca9b6a+2023-10-30-17h-13m-43s/ext1_f00040.png
TRI+52ca9b6a+2023-10-30-17h-13m-43s,ext2,b050,40,380,380,25947356,ok,1.0,auto,0.8024130092673545,0.012411024305555556,False,True,0.820326150262085,0.011178385416666667,0.8024130092673545,0.012411024305555556,masks/TRI+52ca9b6a+2023-10-30-17h-13m-43s/ext2_f00040.png
TRI+52ca9b6a+2023-10-30-17h-13m-43s,ext1,b100,64,380,380,20252535,ok,1.0,auto,1.0,0.010528428819444444,False,True,0.9998061451972473,0.011194661458333333,1.0,0.010528428819444444,masks/TRI+52ca9b6a+2023-10-30-17h-13m-43s/ext1_f00064.png
TRI+52ca9b6a+2023-10-30-17h-13m-43s,ext2,b100,64,380,380,25947356,ok,1.0,auto,0.7380017452006981,0.004973958333333334,False,True,0.8478482561696921,0.010640190972222222,0.7380017452006981,0.004973958333333334,masks/TRI+52ca9b6a+2023-10-30-17h-13m-43s/ext2_f00064.png
TRI+52ca9b6a+2023-10-30-17h-18m-48s,ext1,b050,11,248,248,20252535,ok,0.5740740740740741,auto,1.0,0.012964409722222223,False,True,0.0,0.0047124565972222225,1.0,0.012964409722222223,masks/TRI+52ca9b6a+2023-10-30-17h-18m-48s/ext1_f00011.png
TRI+52ca9b6a+2023-10-30-17h-18m-48s,ext2,b050,11,248,248,25947356,ok,1.0,auto,0.44069456230824466,0.016622178819444444,False,True,0.44848994373666173,0.016778428819444444,0.44069456230824466,0.016622178819444444,masks/TRI+52ca9b6a+2023-10-30-17h-18m-48s/ext2_f00011.png
TRI+52ca9b6a+2023-10-30-17h-18m-48s,ext1,b100,16,248,248,20252535,ok,1.0,auto,0.9989576818845112,0.01041015625,False,True,0.0,0.005116102430555556,0.9989576818845112,0.01041015625,masks/TRI+52ca9b6a+2023-10-30-17h-18m-48s/ext1_f00016.png
TRI+52ca9b6a+2023-10-30-17h-18m-48s,ext2,b100,16,248,248,25947356,ok,1.0,auto,0.6613143211407315,0.017502170138888887,False,True,0.5299056522115468,0.012535807291666666,0.6613143211407315,0.017502170138888887,masks/TRI+52ca9b6a+2023-10-30-17h-18m-48s/ext2_f00016.png
TRI+52ca9b6a+2023-10-30-17h-22m-50s,ext1,b050,0,350,350,20252535,ok,0.5,auto,1.0,0.015067274305555555,False,True,0.0,0.0012543402777777778,1.0,0.015067274305555555,masks/TRI+52ca9b6a+2023-10-30-17h-22m-50s/ext1_f00000.png
TRI+52ca9b6a+2023-10-30-17h-22m-50s,ext1,b100,279,350,350,20252535,ok,1.0,auto,0.7578610843479022,0.024776475694444446,False,True,0.0,0.0017588975694444444,0.7578610843479022,0.024776475694444446,masks/TRI+52ca9b6a+2023-10-30-17h-22m-50s/ext1_f00279.png
TRI+52ca9b6a+2023-10-30-17h-22m-50s,ext2,b100,279,350,350,25947356,ok,1.0,auto,0.22528257762764714,0.008351779513888888,False,True,0.19783873649210304,0.00783203125,0.22528257762764714,0.008351779513888888,masks/TRI+52ca9b6a+2023-10-30-17h-22m-50s/ext2_f00279.png
TRI+52ca9b6a+2023-10-31-13h-53m-49s,ext2,b050,0,694,694,25947356,ok,0.9444444444444444,auto,1.0,0.017213541666666665,False,True,0.0,0.000166015625,1.0,0.017213541666666665,masks/TRI+52ca9b6a+2023-10-31-13h-53m-49s/ext2_f00000.png
TRI+52ca9b6a+2023-10-31-13h-53m-49s,ext2,b100,28,694,694,25947356,ok,1.0,auto,1.0,0.018940972222222224,False,True,0.0,2.2786458333333334e-05,1.0,0.018940972222222224,masks/TRI+52ca9b6a+2023-10-31-13h-53m-49s/ext2_f00028.png
TRI+52ca9b6a+2023-10-31-13h-56m-41s,ext1,b050,0,275,275,28451778,ok,1.0,auto,0.9849580798947888,0.01320095486111111,False,True,0.9842146122660226,0.012579210069444444,0.9849580798947888,0.01320095486111111,masks/TRI+52ca9b6a+2023-10-31-13h-56m-41s/ext1_f00000.png
TRI+52ca9b6a+2023-10-31-14h-11m-16s,ext2,b050,0,232,232,25947356,ok,0.8703703703703703,auto,0.37081824901912475,0.057247178819444446,False,True,0.2571415667411874,0.04805013020833333,0.37081824901912475,0.057247178819444446,masks/TRI+52ca9b6a+2023-10-31-14h-11m-16s/ext2_f00000.png
TRI+52ca9b6a+2023-10-31-14h-11m-16s,ext2,b100,14,232,232,25947356,ok,1.0,auto,0.5500750992382791,0.04045572916666667,False,True,0.5159116972477065,0.03784722222222222,0.5500750992382791,0.04045572916666667,masks/TRI+52ca9b6a+2023-10-31-14h-11m-16s/ext2_f00014.png
TRI+52ca9b6a+2023-10-31-14h-57m-32s,ext1,b050,0,261,261,20252535,ok,0.9444444444444444,auto,1.0,0.0006586371527777777,False,True,0.0,0.01068359375,1.0,0.0006586371527777777,masks/TRI+52ca9b6a+2023-10-31-14h-57m-32s/ext1_f00000.png
TRI+52ca9b6a+2023-10-31-14h-57m-32s,ext1,b100,27,261,261,20252535,ok,1.0,auto,0.2355723746452223,0.010322265625,False,True,0.21423081146370926,0.009881727430555556,0.2355723746452223,0.010322265625,masks/TRI+52ca9b6a+2023-10-31-14h-57m-32s/ext1_f00027.png
TRI+52ca9b6a+2023-10-31-15h-21m-40s,ext1,b050,0,407,407,28451778,ok,1.0,auto,0.3996796155386464,0.0027094184027777776,False,True,0.0,0.004580078125,0.3996796155386464,0.0027094184027777776,masks/TRI+52ca9b6a+2023-10-31-15h-21m-40s/ext1_f00000.png
TRI+52ca9b6a+2023-10-31-15h-21m-40s,ext1,b100,80,407,407,28451778,ok,1.0,auto,0.4767884049652006,0.015122612847222222,False,True,0.1491215333236533,0.007472873263888889,0.4767884049652006,0.015122612847222222,masks/TRI+52ca9b6a+2023-10-31-15h-21m-40s/ext1_f00080.png
TRI+52ca9b6a+2023-10-31-15h-32m-01s,ext1,b050,0,169,169,28451778,ok,1.0,auto,0.5515896073711297,0.013071831597222222,False,True,0.5227930174563591,0.010877821180555556,0.5515896073711297,0.013071831597222222,masks/TRI+52ca9b6a+2023-10-31-15h-32m-01s/ext1_f00000.png
TRI+52ca9b6a+2023-10-31-15h-32m-01s,ext2,b050,0,169,169,28813166,ok,0.7037037037037037,auto,1.0,0.01384765625,False,True,1.0,0.01602756076388889,1.0,0.01384765625,masks/TRI+52ca9b6a+2023-10-31-15h-32m-01s/ext2_f00000.png
TRI+52ca9b6a+2023-10-31-15h-32m-01s,ext1,b100,17,169,169,28451778,ok,1.0,auto,0.5138349514563108,0.008940972222222222,False,True,0.48646528050215776,0.008297526041666666,0.5138349514563108,0.008940972222222222,masks/TRI+52ca9b6a+2023-10-31-15h-32m-01s/ext1_f00017.png
TRI+52ca9b6a+2023-10-31-15h-32m-01s,ext2,b100,17,169,169,28813166,ok,1.0,auto,1.0,0.010770399305555555,False,True,1.0,0.010960286458333333,1.0,0.010770399305555555,masks/TRI+52ca9b6a+2023-10-31-15h-32m-01s/ext2_f00017.png
TRI+52ca9b6a+2023-10-31-15h-35m-06s,ext1,b050,0,160,160,28451778,ok,1.0,auto,0.6177912907022362,0.011063368055555555,False,True,0.5992776440081496,0.01171657986111111,0.6177912907022362,0.011063368055555555,masks/TRI+52ca9b6a+2023-10-31-15h-35m-06s/ext1_f00000.png
TRI+52ca9b6a+2023-10-31-15h-35m-06s,ext2,b050,0,160,160,28813166,ok,1.0,auto,1.0,0.010675998263888889,False,True,0.9995682210708118,0.010052083333333333,1.0,0.010675998263888889,masks/TRI+52ca9b6a+2023-10-31-15h-35m-06s/ext2_f00000.png
TRI+52ca9b6a+2023-10-31-17h-10m-36s,ext2,b100,68,267,267,25947356,ok,1.0,auto,0.2505080362091262,0.011746961805555555,False,True,0.25308134757600653,0.010564236111111111,0.2505080362091262,0.011746961805555555,masks/TRI+52ca9b6a+2023-10-31-17h-10m-36s/ext2_f00068.png
TRI+52ca9b6a+2023-11-01-09h-50m-05s,ext2,b050,27,260,260,28813166,ok,0.5185185185185185,auto,0.7416769420468557,0.005279947916666666,False,True,0.23744412306074147,0.004126519097222222,0.7416769420468557,0.005279947916666666,masks/TRI+52ca9b6a+2023-11-01-09h-50m-05s/ext2_f00027.png
TRI+52ca9b6a+2023-11-01-09h-50m-05s,ext2,b100,45,260,260,28813166,ok,1.0,auto,0.8087688076363048,0.006706814236111111,False,True,0.8078833520269187,0.006771918402777778,0.8087688076363048,0.006706814236111111,masks/TRI+52ca9b6a+2023-11-01-09h-50m-05s/ext2_f00045.png
TRI+52ca9b6a+2023-11-01-11h-16m-51s,ext2,b050,94,527,527,28813166,ok,0.5370370370370371,auto,0.4959990075057379,0.01749240451388889,False,True,0.47431886325120587,0.016647135416666667,0.4959990075057379,0.01749240451388889,masks/TRI+52ca9b6a+2023-11-01-11h-16m-51s/ext2_f00094.png
TRI+52ca9b6a+2023-11-02-11h-08m-26s,ext2,b050,0,479,479,28813166,ok,0.9259259259259259,auto,1.0,0.019278428819444443,False,True,0.0,0.0020789930555555557,1.0,0.019278428819444443,masks/TRI+52ca9b6a+2023-11-02-11h-08m-26s/ext2_f00000.png
TRI+52ca9b6a+2023-11-02-11h-08m-26s,ext2,b100,12,479,479,28813166,ok,1.0,auto,1.0,0.030057508680555556,False,True,0.0,0.00010091145833333333,1.0,0.030057508680555556,masks/TRI+52ca9b6a+2023-11-02-11h-08m-26s/ext2_f00012.png
TRI+52ca9b6a+2023-11-02-12h-18m-31s,ext2,b050,0,434,434,25947356,ok,1.0,auto,1.0,0.008082682291666667,False,True,0.5977456851003875,0.003080512152777778,1.0,0.008082682291666667,masks/TRI+52ca9b6a+2023-11-02-12h-18m-31s/ext2_f00000.png
TRI+52ca9b6a+2023-11-02-13h-20m-47s,ext1,b050,0,149,149,20252535,ok,1.0,auto,0.6177473138199333,0.029286024305555554,False,True,0.49714673145375443,0.019204644097222223,0.6177473138199333,0.029286024305555554,masks/TRI+52ca9b6a+2023-11-02-13h-20m-47s/ext1_f00000.png
TRI+52ca9b6a+2023-11-02-13h-20m-47s,ext2,b050,0,149,149,25947356,ok,1.0,auto,1.0,0.003325737847222222,False,True,0.0,0.002123480902777778,1.0,0.003325737847222222,masks/TRI+52ca9b6a+2023-11-02-13h-20m-47s/ext2_f00000.png
TRI+52ca9b6a+2023-11-02-13h-31m-15s,ext1,b050,0,744,744,28451778,ok,0.9444444444444444,auto,1.0,0.0003830295138888889,True,True,1.0,0.00033962673611111113,1.0,0.0003830295138888889,masks/TRI+52ca9b6a+2023-11-02-13h-31m-15s/ext1_f00000.png
TRI+52ca9b6a+2023-11-02-13h-31m-15s,ext2,b050,0,744,744,28813166,ok,1.0,auto,1.0,0.012641059027777778,False,True,0.7433742727860375,0.003357204861111111,1.0,0.012641059027777778,masks/TRI+52ca9b6a+2023-11-02-13h-31m-15s/ext2_f00000.png
TRI+52ca9b6a+2023-11-02-13h-31m-15s,ext1,b100,14,744,744,28451778,ok,1.0,auto,1.0,0.012797309027777778,False,True,1.0,0.010533854166666667,1.0,0.012797309027777778,masks/TRI+52ca9b6a+2023-11-02-13h-31m-15s/ext1_f00014.png
TRI+52ca9b6a+2023-11-02-13h-31m-15s,ext2,b100,14,744,744,28813166,ok,1.0,auto,1.0,0.012518446180555556,False,True,1.0,0.012115885416666666,1.0,0.012518446180555556,masks/TRI+52ca9b6a+2023-11-02-13h-31m-15s/ext2_f00014.png
TRI+52ca9b6a+2023-11-02-13h-43m-23s,ext1,b050,0,379,379,20252535,ok,1.0,auto,1.0,0.012549913194444444,False,True,0.0019646365422396617,0.0005523003472222223,1.0,0.012549913194444444,masks/TRI+52ca9b6a+2023-11-02-13h-43m-23s/ext1_f00000.png
TRI+52ca9b6a+2023-11-02-13h-43m-23s,ext2,b050,0,379,379,25947356,ok,1.0,auto,0.5419819491293646,0.01190212673611111,False,True,0.4830055210489993,0.012578125,0.5419819491293646,0.01190212673611111,masks/TRI+52ca9b6a+2023-11-02-13h-43m-23s/ext2_f00000.png
TRI+52ca9b6a+2023-11-02-15h-27m-44s,ext2,b050,21,235,235,28813166,ok,0.5370370370370371,auto,0.8830827616406364,0.014867621527777777,False,True,0.5443987850634269,0.006073133680555555,0.8830827616406364,0.014867621527777777,masks/TRI+52ca9b6a+2023-11-02-15h-27m-44s/ext2_f00021.png
TRI+52ca9b6a+2023-11-02-15h-27m-44s,ext2,b100,35,235,235,28813166,ok,1.0,auto,1.0,0.008331163194444444,False,True,0.0,0.0067165798611111115,1.0,0.008331163194444444,masks/TRI+52ca9b6a+2023-11-02-15h-27m-44s/ext2_f00035.png
TRI+52ca9b6a+2023-11-02-15h-41m-57s,ext1,b050,0,292,292,28451778,ok,1.0,auto,0.9978471474703983,0.01008029513888889,False,True,0.010166358595194103,0.001174045138888889,0.9978471474703983,0.01008029513888889,masks/TRI+52ca9b6a+2023-11-02-15h-41m-57s/ext1_f00000.png
TRI+52ca9b6a+2023-11-02-15h-41m-57s,ext1,b100,9,292,292,28451778,ok,1.0,auto,1.0,0.011519097222222222,False,True,0.909933774834437,0.004096137152777778,1.0,0.011519097222222222,masks/TRI+52ca9b6a+2023-11-02-15h-41m-57s/ext1_f00009.png
TRI+52ca9b6a+2023-11-02-15h-42m-30s,ext1,b050,15,169,169,28451778,ok,1.0,auto,0.9506309148264984,0.006879340277777778,False,True,0.5147469729897547,0.0034950086805555555,0.9506309148264984,0.006879340277777778,masks/TRI+52ca9b6a+2023-11-02-15h-42m-30s/ext1_f00015.png
TRI+52ca9b6a+2023-11-02-15h-42m-30s,ext1,b100,20,169,169,28451778,ok,1.0,auto,0.9358324890239784,0.0128515625,False,True,0.010896898575020963,0.0012944878472222223,0.9358324890239784,0.0128515625,masks/TRI+52ca9b6a+2023-11-02-15h-42m-30s/ext1_f00020.png
TRI+52ca9b6a+2023-11-02-15h-45m-25s,ext1,b050,14,232,232,28451778,ok,0.9629629629629629,auto,0.5397393101255763,0.01365234375,False,True,0.5383326685281213,0.01360134548611111,0.5397393101255763,0.01365234375,masks/TRI+52ca9b6a+2023-11-02-15h-45m-25s/ext1_f00014.png
TRI+52ca9b6a+2023-11-02-15h-45m-25s,ext2,b050,14,232,232,28813166,ok,0.5185185185185185,auto,0.2699949057564952,0.006389973958333333,False,True,0.0,0.004619140625,0.2699949057564952,0.006389973958333333,masks/TRI+52ca9b6a+2023-11-02-15h-45m-25s/ext2_f00014.png
TRI+52ca9b6a+2023-11-02-15h-45m-25s,ext1,b100,29,232,232,28451778,ok,1.0,auto,0.712258936248618,0.017667100694444444,False,True,0.6778531476853504,0.018235677083333332,0.712258936248618,0.017667100694444444,masks/TRI+52ca9b6a+2023-11-02-15h-45m-25s/ext1_f00029.png
TRI+52ca9b6a+2023-11-02-15h-49m-00s,ext1,b050,21,292,292,28451778,ok,1.0,auto,1.0,0.006639539930555555,False,True,0.11219195849546049,0.0016731770833333334,1.0,0.006639539930555555,masks/TRI+52ca9b6a+2023-11-02-15h-49m-00s/ext1_f00021.png
TRI+52ca9b6a+2023-11-02-15h-49m-00s,ext1,b100,27,292,292,28451778,ok,1.0,auto,1.0,0.018179253472222223,False,True,0.9914616670647242,0.018172743055555555,1.0,0.018179253472222223,masks/TRI+52ca9b6a+2023-11-02-15h-49m-00s/ext1_f00027.png
TRI+52ca9b6a+2023-11-02-16h-18m-56s,ext1,b050,0,416,416,28451778,ok,0.9444444444444444,auto,0.5168864753038531,0.020979817708333334,False,True,0.0,0.001847873263888889,0.5168864753038531,0.020979817708333334,masks/TRI+52ca9b6a+2023-11-02-16h-18m-56s/ext1_f00000.png
TRI+52ca9b6a+2023-11-02-16h-18m-56s,ext1,b100,19,416,416,28451778,ok,1.0,auto,0.4737423228210613,0.015723741319444446,False,True,0.1051502145922747,0.005056423611111111,0.4737423228210613,0.015723741319444446,masks/TRI+52ca9b6a+2023-11-02-16h-18m-56s/ext1_f00019.png
TRI+52ca9b6a+2023-11-02-17h-33m-25s,ext2,b050,0,251,251,28813166,ok,0.5370370370370371,auto,0.37898821500431157,0.007549913194444444,False,True,0.0,0.004728732638888889,0.37898821500431157,0.007549913194444444,masks/TRI+52ca9b6a+2023-11-02-17h-33m-25s/ext2_f00000.png
TRI+52ca9b6a+2023-11-06-10h-30m-46s,ext1,b050,18,572,572,28451778,ok,0.5,auto,0.3734281722342182,0.00854275173611111,False,True,0.178087986463621,0.005130208333333333,0.3734281722342182,0.00854275173611111,masks/TRI+52ca9b6a+2023-11-06-10h-30m-46s/ext1_f00018.png
TRI+52ca9b6a+2023-11-06-11h-38m-59s,ext1,b050,0,258,258,20252535,ok,1.0,auto,0.20895373238732884,0.010858289930555556,False,True,0.0,0.0076573350694444445,0.20895373238732884,0.010858289930555556,masks/TRI+52ca9b6a+2023-11-06-11h-38m-59s/ext1_f00000.png
TRI+52ca9b6a+2023-11-06-13h-57m-18s,ext2,b050,0,181,181,25947356,ok,0.9814814814814815,auto,1.0,0.011424696180555555,False,True,0.0009955752212389424,0.009809027777777778,1.0,0.011424696180555555,masks/TRI+52ca9b6a+2023-11-06-13h-57m-18s/ext2_f00000.png
TRI+52ca9b6a+2023-11-06-13h-57m-18s,ext2,b100,7,181,181,25947356,ok,1.0,auto,1.0,0.012369791666666666,False,True,0.00012679092177003692,0.008557942708333334,1.0,0.012369791666666666,masks/TRI+52ca9b6a+2023-11-06-13h-57m-18s/ext2_f00007.png
TRI+52ca9b6a+2023-11-06-13h-58m-12s,ext1,b050,13,229,229,28451778,ok,0.5555555555555556,auto,1.0,0.010863715277777778,False,True,0.9434210526315789,0.0016493055555555556,1.0,0.010863715277777778,masks/TRI+52ca9b6a+2023-11-06-13h-58m-12s/ext1_f00013.png
TRI+52ca9b6a+2023-11-06-13h-58m-12s,ext2,b050,13,229,229,28813166,ok,0.5555555555555556,auto,0.5503166783954961,0.006167534722222222,False,True,0.0,0.001691623263888889,0.5503166783954961,0.006167534722222222,masks/TRI+52ca9b6a+2023-11-06-13h-58m-12s/ext2_f00013.png
TRI+52ca9b6a+2023-11-06-16h-30m-24s,ext2,b050,0,210,210,25947356,ok,0.9814814814814815,auto,1.0,0.0070703125,False,True,0.0,0.005220269097222222,1.0,0.0070703125,masks/TRI+52ca9b6a+2023-11-06-16h-30m-24s/ext2_f00000.png
TRI+52ca9b6a+2023-11-06-16h-30m-24s,ext2,b100,31,210,210,25947356,ok,1.0,auto,1.0,0.005469835069444444,False,True,0.0,0.0034657118055555556,1.0,0.005469835069444444,masks/TRI+52ca9b6a+2023-11-06-16h-30m-24s/ext2_f00031.png
TRI+52ca9b6a+2023-11-06-16h-31m-43s,ext1,b050,151,287,287,20252535,ok,1.0,auto,0.8776300286147113,0.006446397569444444,False,True,0.7225512528473804,0.0023817274305555558,0.8776300286147113,0.006446397569444444,masks/TRI+52ca9b6a+2023-11-06-16h-31m-43s/ext1_f00151.png
TRI+52ca9b6a+2023-11-06-16h-31m-43s,ext2,b050,151,287,287,25947356,ok,0.5370370370370371,auto,1.0,0.005314670138888889,False,True,0.0015898251192368873,0.007507595486111111,1.0,0.005314670138888889,masks/TRI+52ca9b6a+2023-11-06-16h-31m-43s/ext2_f00151.png
TRI+52ca9b6a+2023-11-06-16h-31m-43s,ext1,b100,155,287,287,20252535,ok,1.0,auto,0.5901639344262295,0.00833984375,False,True,0.0,0.00119140625,0.5901639344262295,0.00833984375,masks/TRI+52ca9b6a+2023-11-06-16h-31m-43s/ext1_f00155.png
TRI+52ca9b6a+2023-11-06-16h-31m-43s,ext2,b100,155,287,287,25947356,ok,1.0,auto,0.9969415362898483,0.009224175347222223,False,True,0.0,0.007394748263888889,0.9969415362898483,0.009224175347222223,masks/TRI+52ca9b6a+2023-11-06-16h-31m-43s/ext2_f00155.png
TRI+52ca9b6a+2023-11-06-16h-33m-48s,ext2,b050,0,505,505,25947356,ok,0.9629629629629629,auto,0.9453070359490838,0.015514322916666667,False,True,0.025923016496465,0.005525173611111111,0.9453070359490838,0.015514322916666667,masks/TRI+52ca9b6a+2023-11-06-16h-33m-48s/ext2_f00000.png
TRI+52ca9b6a+2023-11-06-16h-33m-48s,ext2,b100,15,505,505,25947356,ok,1.0,auto,0.95731843575419,0.009711371527777778,False,True,0.026076158940397387,0.0026215277777777777,0.95731843575419,0.009711371527777778,masks/TRI+52ca9b6a+2023-11-06-16h-33m-48s/ext2_f00015.png
TRI+52ca9b6a+2023-11-06-17h-03m-19s,ext2,b050,0,177,177,25947356,ok,0.9074074074074074,auto,0.6820204947727979,0.010482855902777777,False,True,0.0016902598774561906,0.01027126736111111,0.6820204947727979,0.010482855902777777,masks/TRI+52ca9b6a+2023-11-06-17h-03m-19s/ext2_f00000.png
TRI+52ca9b6a+2023-11-06-17h-33m-18s,ext2,b050,0,181,181,25947356,ok,1.0,auto,0.20768916155419226,0.013264973958333334,False,True,0.20948979591836736,0.010633680555555556,0.20768916155419226,0.013264973958333334,masks/TRI+52ca9b6a+2023-11-06-17h-33m-18s/ext2_f00000.png
TRI+52ca9b6a+2023-11-07-09h-49m-11s,ext2,b050,0,60,60,25947356,ok,1.0,auto,0.3513513513513513,0.006744791666666666,False,True,0.3247703300442327,0.006378038194444445,0.3513513513513513,0.006744791666666666,masks/TRI+52ca9b6a+2023-11-07-09h-49m-11s/ext2_f00000.png
TRI+52ca9b6a+2023-11-07-13h-16m-33s,ext2,b050,0,418,418,28813166,ok,0.5185185185185185,auto,1.0,0.013633897569444444,False,True,0.9906143344709898,0.013988715277777777,1.0,0.013633897569444444,masks/TRI+52ca9b6a+2023-11-07-13h-16m-33s/ext2_f00000.png
TRI+52ca9b6a+2023-11-07-13h-16m-33s,ext2,b100,21,418,418,28813166,ok,1.0,auto,1.0,0.00969509548611111,False,True,1.0,0.005040147569444445,1.0,0.00969509548611111,masks/TRI+52ca9b6a+2023-11-07-13h-16m-33s/ext2_f00021.png
TRI+52ca9b6a+2023-11-07-13h-27m-26s,ext2,b050,0,147,147,28813166,ok,0.6851851851851852,auto,1.0,0.017811414930555554,False,True,1.0,0.017838541666666666,1.0,0.017811414930555554,masks/TRI+52ca9b6a+2023-11-07-13h-27m-26s/ext2_f00000.png
TRI+52ca9b6a+2023-11-07-13h-27m-26s,ext1,b100,45,147,147,28451778,ok,1.0,auto,0.9772292716843386,0.006242404513888889,False,True,0.0,0.0001345486111111111,0.9772292716843386,0.006242404513888889,masks/TRI+52ca9b6a+2023-11-07-13h-27m-26s/ext1_f00045.png
TRI+52ca9b6a+2023-11-07-13h-27m-26s,ext2,b100,45,147,147,28813166,ok,1.0,auto,1.0,0.011195746527777778,False,True,0.0,4.774305555555556e-05,1.0,0.011195746527777778,masks/TRI+52ca9b6a+2023-11-07-13h-27m-26s/ext2_f00045.png
TRI+52ca9b6a+2023-11-07-13h-41m-43s,ext1,b050,0,160,160,20252535,ok,1.0,auto,1.0,0.0059364149305555555,False,True,0.0,0.0003049045138888889,1.0,0.0059364149305555555,masks/TRI+52ca9b6a+2023-11-07-13h-41m-43s/ext1_f00000.png
TRI+52ca9b6a+2023-11-07-13h-41m-43s,ext2,b050,0,160,160,25947356,ok,1.0,auto,0.6014086531550955,0.007548828125,False,True,0.1035242290748899,0.002463107638888889,0.6014086531550955,0.007548828125,masks/TRI+52ca9b6a+2023-11-07-13h-41m-43s/ext2_f00000.png
TRI+52ca9b6a+2023-11-07-13h-44m-01s,ext1,b050,0,160,160,20252535,ok,1.0,auto,1.0,0.007802734375,False,True,0.2783964365256125,0.00048719618055555555,1.0,0.007802734375,masks/TRI+52ca9b6a+2023-11-07-13h-44m-01s/ext1_f00000.png
TRI+52ca9b6a+2023-11-07-13h-44m-01s,ext2,b050,0,160,160,25947356,ok,1.0,auto,1.0,0.00958984375,False,True,0.9958078039342148,0.003364800347222222,1.0,0.00958984375,masks/TRI+52ca9b6a+2023-11-07-13h-44m-01s/ext2_f00000.png
TRI+52ca9b6a+2023-11-07-13h-44m-24s,ext1,b050,0,185,185,20252535,ok,1.0,auto,1.0,0.006151258680555555,False,True,0.0,0.0009537760416666667,1.0,0.006151258680555555,masks/TRI+52ca9b6a+2023-11-07-13h-44m-24s/ext1_f00000.png
TRI+52ca9b6a+2023-11-07-13h-44m-24s,ext2,b050,0,185,185,25947356,ok,1.0,auto,0.7891365616192673,0.012705078125,False,True,0.12352532963219987,0.003127170138888889,0.7891365616192673,0.012705078125,masks/TRI+52ca9b6a+2023-11-07-13h-44m-24s/ext2_f00000.png
TRI+52ca9b6a+2023-11-07-14h-16m-39s,ext1,b050,0,390,390,20252535,ok,1.0,auto,1.0,0.006597222222222222,False,True,0.0031746031746031633,0.000341796875,1.0,0.006597222222222222,masks/TRI+52ca9b6a+2023-11-07-14h-16m-39s/ext1_f00000.png
TRI+52ca9b6a+2023-11-07-14h-16m-39s,ext2,b050,0,390,390,25947356,ok,1.0,auto,0.9103878414223242,0.015135633680555555,False,True,0.40352422907488983,0.0012315538194444444,0.9103878414223242,0.015135633680555555,masks/TRI+52ca9b6a+2023-11-07-14h-16m-39s/ext2_f00000.png
TRI+52ca9b6a+2023-11-07-14h-22m-47s,ext1,b050,0,330,330,20252535,ok,1.0,auto,1.0,0.0023828125,False,True,0.014111365369946616,0.0028450520833333335,1.0,0.0023828125,masks/TRI+52ca9b6a+2023-11-07-14h-22m-47s/ext1_f00000.png
TRI+52ca9b6a+2023-11-07-14h-22m-47s,ext2,b050,0,330,330,25947356,ok,1.0,auto,0.6954592230511962,0.016870659722222223,False,True,0.5043395553441921,0.009126519097222223,0.6954592230511962,0.016870659722222223,masks/TRI+52ca9b6a+2023-11-07-14h-22m-47s/ext2_f00000.png
TRI+52ca9b6a+2023-11-07-14h-25m-56s,ext1,b050,0,476,476,20252535,ok,1.0,auto,1.0,0.009485677083333333,False,True,0.032432432432432434,0.00020073784722222221,1.0,0.009485677083333333,masks/TRI+52ca9b6a+2023-11-07-14h-25m-56s/ext1_f00000.png
TRI+52ca9b6a+2023-11-07-14h-25m-56s,ext2,b050,0,476,476,25947356,ok,1.0,auto,0.8430166124637426,0.012344835069444445,False,True,0.6153846153846154,0.004852430555555555,0.8430166124637426,0.012344835069444445,masks/TRI+52ca9b6a+2023-11-07-14h-25m-56s/ext2_f00000.png
TRI+52ca9b6a+2023-11-07-14h-29m-08s,ext1,b050,0,493,339,28451778,ok,1.0,auto,1.0,0.012182074652777777,False,True,0.7570422535211268,0.015716145833333334,1.0,0.012182074652777777,masks/TRI+52ca9b6a+2023-11-07-14h-29m-08s/ext1_f00000.png
TRI+52ca9b6a+2023-11-07-14h-29m-08s,ext2,b050,0,493,339,28813166,ok,1.0,auto,0.5122103944896681,0.008664279513888888,False,True,0.29817708333333337,0.0025,0.5122103944896681,0.008664279513888888,masks/TRI+52ca9b6a+2023-11-07-14h-29m-08s/ext2_f00000.png
TRI+52ca9b6a+2023-11-07-14h-40m-29s,ext1,b050,0,322,322,20252535,ok,1.0,auto,1.0,0.007639973958333333,False,True,0.10457172884918553,0.002064887152777778,1.0,0.007639973958333333,masks/TRI+52ca9b6a+2023-11-07-14h-40m-29s/ext1_f00000.png
TRI+52ca9b6a+2023-11-07-14h-40m-29s,ext2,b050,0,322,322,25947356,ok,1.0,auto,0.8135196576624766,0.016228298611111112,False,True,0.7374542725823093,0.011567925347222223,0.8135196576624766,0.016228298611111112,masks/TRI+52ca9b6a+2023-11-07-14h-40m-29s/ext2_f00000.png
TRI+52ca9b6a+2023-11-07-14h-42m-14s,ext2,b050,0,284,284,28813166,ok,1.0,auto,0.4360175253059374,0.007182074652777778,False,True,0.0,0.013493923611111111,0.4360175253059374,0.007182074652777778,masks/TRI+52ca9b6a+2023-11-07-14h-42m-14s/ext2_f00000.png
TRI+52ca9b6a+2023-11-07-15h-12m-47s,ext2,b050,0,181,181,28813166,ok,1.0,auto,0.815979381443299,0.004210069444444444,False,True,0.8503443957420163,0.0034657118055555556,0.815979381443299,0.004210069444444444,masks/TRI+52ca9b6a+2023-11-07-15h-12m-47s/ext2_f00000.png
TRI+52ca9b6a+2023-11-07-17h-21m-31s,ext2,b050,0,152,152,28813166,ok,1.0,auto,1.0,0.014833984375,False,True,0.9753015508328546,0.011334635416666667,1.0,0.014833984375,masks/TRI+52ca9b6a+2023-11-07-17h-21m-31s/ext2_f00000.png
TRI+52ca9b6a+2023-11-07-17h-49m-12s,ext1,b050,138,201,201,28451778,ok,1.0,auto,0.5590797713041111,0.00797092013888889,False,True,0.4779129854975829,0.006509331597222222,0.5590797713041111,0.00797092013888889,masks/TRI+52ca9b6a+2023-11-07-17h-49m-12s/ext1_f00138.png
TRI+52ca9b6a+2023-11-07-17h-49m-12s,ext1,b100,145,201,201,28451778,ok,1.0,auto,0.6877697841726619,0.008295355902777777,False,True,0.5789664551223934,0.0059841579861111115,0.6877697841726619,0.008295355902777777,masks/TRI+52ca9b6a+2023-11-07-17h-49m-12s/ext1_f00145.png
TRI+52ca9b6a+2023-11-08-14h-21m-27s,ext2,b050,0,508,508,25947356,ok,1.0,auto,0.392792933635582,0.013881293402777778,False,True,0.07587204629480793,0.0067502170138888885,0.392792933635582,0.013881293402777778,masks/TRI+52ca9b6a+2023-11-08-14h-21m-27s/ext2_f00000.png
TRI+52ca9b6a+2023-11-08-15h-14m-44s,ext1,b050,0,210,210,20252535,ok,1.0,auto,0.409341704718417,0.01140625,False,True,0.05752487562189057,0.0069791666666666665,0.409341704718417,0.01140625,masks/TRI+52ca9b6a+2023-11-08-15h-14m-44s/ext1_f00000.png
TRI+52ca9b6a+2023-11-08-15h-14m-44s,ext2,b050,0,210,210,25947356,ok,0.5,auto,0.40291426635038974,0.006404079861111111,False,True,0.16501240694789077,0.0017491319444444444,0.40291426635038974,0.006404079861111111,masks/TRI+52ca9b6a+2023-11-08-15h-14m-44s/ext2_f00000.png
TRI+52ca9b6a+2023-11-08-15h-14m-44s,ext2,b100,138,210,210,25947356,ok,1.0,auto,0.25474083438685213,0.0017165798611111112,False,True,0.0,0.0016286892361111111,0.25474083438685213,0.0017165798611111112,masks/TRI+52ca9b6a+2023-11-08-15h-14m-44s/ext2_f00138.png
TRI+52ca9b6a+2023-11-08-15h-22m-10s,ext1,b050,0,167,167,20252535,ok,1.0,auto,0.4429911154985192,0.008793402777777778,False,True,0.3045181144215974,0.007757161458333333,0.4429911154985192,0.008793402777777778,masks/TRI+52ca9b6a+2023-11-08-15h-22m-10s/ext1_f00000.png
TRI+52ca9b6a+2023-11-08-15h-22m-10s,ext2,b050,0,167,167,25947356,ok,1.0,auto,0.678534152847037,0.009356553819444445,False,True,0.6154585392641405,0.007903645833333334,0.678534152847037,0.009356553819444445,masks/TRI+52ca9b6a+2023-11-08-15h-22m-10s/ext2_f00000.png
TRI+52ca9b6a+2023-11-08-16h-08m-16s,ext1,b050,0,209,209,20252535,ok,1.0,auto,0.8365909316400437,0.010936414930555555,False,True,0.8328793603374045,0.012349175347222222,0.8365909316400437,0.010936414930555555,masks/TRI+52ca9b6a+2023-11-08-16h-08m-16s/ext1_f00000.png
TRI+52ca9b6a+2023-11-08-17h-18m-37s,ext2,b050,0,200,200,28813166,ok,0.9814814814814815,auto,1.0,0.015552300347222223,False,True,0.0,0.003707682291666667,1.0,0.015552300347222223,masks/TRI+52ca9b6a+2023-11-08-17h-18m-37s/ext2_f00000.png
TRI+52ca9b6a+2023-11-08-17h-18m-37s,ext2,b100,13,200,200,28813166,ok,1.0,auto,1.0,0.017098524305555557,False,True,0.12807463952502118,0.00255859375,1.0,0.017098524305555557,masks/TRI+52ca9b6a+2023-11-08-17h-18m-37s/ext2_f00013.png
TRI+52ca9b6a+2023-11-08-17h-20m-14s,ext2,b050,9,283,283,28813166,ok,0.5370370370370371,auto,1.0,0.0055414496527777775,False,True,0.9499876816949988,0.004404296875,1.0,0.0055414496527777775,masks/TRI+52ca9b6a+2023-11-08-17h-20m-14s/ext2_f00009.png
TRI+52ca9b6a+2023-11-08-17h-20m-14s,ext2,b100,13,283,283,28813166,ok,1.0,auto,1.0,0.0076953125,False,True,0.7169457274826789,0.007517361111111111,1.0,0.0076953125,masks/TRI+52ca9b6a+2023-11-08-17h-20m-14s/ext2_f00013.png
TRI+52ca9b6a+2023-11-08-17h-37m-38s,ext1,b050,18,202,202,28451778,ok,0.5,auto,1.0,0.009469401041666667,False,True,0.007795424741366741,0.02978732638888889,1.0,0.009469401041666667,masks/TRI+52ca9b6a+2023-11-08-17h-37m-38s/ext1_f00018.png
TRI+52ca9b6a+2023-11-08-17h-37m-38s,ext1,b100,70,202,202,28451778,ok,1.0,auto,1.0,0.014979383680555555,False,True,0.015691868758915817,0.009888237847222222,1.0,0.014979383680555555,masks/TRI+52ca9b6a+2023-11-08-17h-37m-38s/ext1_f00070.png
TRI+52ca9b6a+2023-11-08-17h-45m-29s,ext1,b050,0,235,235,20252535,ok,1.0,auto,0.49620506945438925,0.007577039930555555,False,True,0.4854272778720996,0.0076692708333333335,0.49620506945438925,0.007577039930555555,masks/TRI+52ca9b6a+2023-11-08-17h-45m-29s/ext1_f00000.png
TRI+52ca9b6a+2023-11-09-10h-53m-54s,ext1,b050,0,398,398,20252535,ok,1.0,auto,0.7315415019762845,0.013726128472222222,False,True,0.7361492046077893,0.013846571180555555,0.7315415019762845,0.013726128472222222,masks/TRI+52ca9b6a+2023-11-09-10h-53m-54s/ext1_f00000.png
TRI+52ca9b6a+2023-11-09-10h-53m-54s,ext2,b050,0,398,398,25947356,ok,1.0,auto,0.8394806727648274,0.0036773003472222224,False,True,0.7259408941651933,0.004295789930555556,0.8394806727648274,0.0036773003472222224,masks/TRI+52ca9b6a+2023-11-09-10h-53m-54s/ext2_f00000.png
TRI+52ca9b6a+2023-11-09-10h-54m-56s,ext2,b050,0,167,167,25947356,ok,1.0,auto,0.985799866873752,0.009780815972222223,False,True,0.9585970181272123,0.010116102430555555,0.985799866873752,0.009780815972222223,masks/TRI+52ca9b6a+2023-11-09-10h-54m-56s/ext2_f00000.png
TRI+52ca9b6a+2023-11-09-11h-08m-22s,ext2,b050,0,482,482,25947356,ok,1.0,auto,0.5501989013070657,0.011456163194444445,False,True,0.5239943208707998,0.011463758680555556,0.5501989013070657,0.011456163194444445,masks/TRI+52ca9b6a+2023-11-09-11h-08m-22s/ext2_f00000.png
TRI+52ca9b6a+2023-11-09-11h-18m-31s,ext1,b050,0,575,575,20252535,ok,1.0,auto,0.29540191862388354,0.009840494791666666,False,True,0.33412259931596944,0.008248697916666667,0.29540191862388354,0.009840494791666666,masks/TRI+52ca9b6a+2023-11-09-11h-18m-31s/ext1_f00000.png
TRI+52ca9b6a+2023-11-09-11h-18m-31s,ext2,b050,0,575,575,25947356,ok,1.0,auto,0.8861191736383814,0.006355251736111111,False,True,0.8248092222763436,0.006682942708333334,0.8861191736383814,0.006355251736111111,masks/TRI+52ca9b6a+2023-11-09-11h-18m-31s/ext2_f00000.png
TRI+52ca9b6a+2023-11-09-11h-37m-03s,ext2,b050,0,276,276,25947356,ok,1.0,auto,0.9998957681884512,0.01041015625,False,True,0.0,0.0014398871527777778,0.9998957681884512,0.01041015625,masks/TRI+52ca9b6a+2023-11-09-11h-37m-03s/ext2_f00000.png
TRI+52ca9b6a+2023-11-09-11h-45m-11s,ext2,b050,0,216,216,25947356,ok,1.0,auto,1.0,0.007529296875,False,True,0.006170118995152074,0.0024620225694444446,1.0,0.007529296875,masks/TRI+52ca9b6a+2023-11-09-11h-45m-11s/ext2_f00000.png
TRI+52ca9b6a+2023-11-09-12h-00m-56s,ext2,b050,0,212,212,25947356,ok,1.0,auto,0.9769789983844911,0.010746527777777778,False,True,0.5460893854748603,0.005438368055555556,0.9769789983844911,0.010746527777777778,masks/TRI+52ca9b6a+2023-11-09-12h-00m-56s/ext2_f00000.png
TRI+52ca9b6a+2023-11-09-13h-45m-04s,ext1,b050,0,201,201,20252535,ok,1.0,auto,0.829202783542913,0.01777560763888889,False,True,0.8100467764897294,0.016005859375,0.829202783542913,0.01777560763888889,masks/TRI+52ca9b6a+2023-11-09-13h-45m-04s/ext1_f00000.png
TRI+52ca9b6a+2023-11-09-13h-45m-04s,ext2,b050,0,201,201,25947356,ok,1.0,auto,1.0,0.010405815972222222,False,True,0.9994268246083301,0.011358506944444444,1.0,0.010405815972222222,masks/TRI+52ca9b6a+2023-11-09-13h-45m-04s/ext2_f00000.png
TRI+52ca9b6a+2023-11-09-13h-46m-44s,ext1,b050,0,180,180,20252535,ok,1.0,auto,0.9502891346251395,0.021391059027777777,False,True,0.8268897149938041,0.017513020833333334,0.9502891346251395,0.021391059027777777,masks/TRI+52ca9b6a+2023-11-09-13h-46m-44s/ext1_f00000.png
TRI+52ca9b6a+2023-11-09-13h-46m-44s,ext2,b050,0,180,180,25947356,ok,1.0,auto,1.0,0.009203559027777778,False,True,0.0044588569112281595,0.0026768663194444444,1.0,0.009203559027777778,masks/TRI+52ca9b6a+2023-11-09-13h-46m-44s/ext2_f00000.png
TRI+52ca9b6a+2023-11-09-13h-51m-06s,ext1,b050,0,281,281,28451778,ok,1.0,auto,1.0,0.0131640625,False,True,0.0,0.004039713541666667,1.0,0.0131640625,masks/TRI+52ca9b6a+2023-11-09-13h-51m-06s/ext1_f00000.png
TRI+52ca9b6a+2023-11-09-13h-51m-06s,ext2,b050,0,281,281,28813166,ok,1.0,auto,1.0,0.0016840277777777778,False,True,0.02461209202782233,0.004055989583333333,1.0,0.0016840277777777778,masks/TRI+52ca9b6a+2023-11-09-13h-51m-06s/ext2_f00000.png
TRI+52ca9b6a+2023-11-09-14h-48m-24s,ext1,b050,0,390,390,28451778,ok,1.0,auto,1.0,0.009089626736111111,False,True,0.0005733944954128267,0.0018923611111111112,1.0,0.009089626736111111,masks/TRI+52ca9b6a+2023-11-09-14h-48m-24s/ext1_f00000.png
TRI+52ca9b6a+2023-11-09-14h-48m-24s,ext2,b050,0,390,390,28813166,ok,1.0,auto,1.0,0.010958116319444445,False,True,0.9781429483088705,0.0068012152777777776,1.0,0.010958116319444445,masks/TRI+52ca9b6a+2023-11-09-14h-48m-24s/ext2_f00000.png
TRI+52ca9b6a+2023-11-09-15h-04m-39s,ext1,b050,0,138,138,28451778,ok,1.0,auto,1.0,0.009931640625,False,True,0.473404255319149,0.00020399305555555557,1.0,0.009931640625,masks/TRI+52ca9b6a+2023-11-09-15h-04m-39s/ext1_f00000.png
TRI+52ca9b6a+2023-11-09-15h-04m-39s,ext2,b050,0,138,138,28813166,ok,1.0,auto,0.6228435941460224,0.013271484375,False,True,0.5909794812233837,0.0112109375,0.6228435941460224,0.013271484375,masks/TRI+52ca9b6a+2023-11-09-15h-04m-39s/ext2_f00000.png
TRI+52ca9b6a+2023-11-13-13h-44m-00s,ext1,b050,0,442,442,20252535,ok,0.6666666666666666,auto,0.22338639263886095,0.032311197916666666,False,True,0.0,0.031407335069444445,0.22338639263886095,0.032311197916666666,masks/TRI+52ca9b6a+2023-11-13-13h-44m-00s/ext1_f00000.png
TRI+52ca9b6a+2023-11-13-15h-51m-51s,ext2,b050,0,215,215,25947356,ok,1.0,auto,1.0,0.023741319444444443,False,True,0.9984886649874055,0.00861545138888889,1.0,0.023741319444444443,masks/TRI+52ca9b6a+2023-11-13-15h-51m-51s/ext2_f00000.png
TRI+52ca9b6a+2023-11-13-15h-51m-51s,ext2,b100,13,215,215,25947356,ok,1.0,auto,1.0,0.018697916666666668,False,True,1.0,0.011493055555555555,1.0,0.018697916666666668,masks/TRI+52ca9b6a+2023-11-13-15h-51m-51s/ext2_f00013.png
TRI+52ca9b6a+2023-11-13-16h-02m-20s,ext2,b050,0,476,476,25947356,ok,1.0,auto,0.41062255115367874,0.012462022569444444,False,True,0.3389360596083868,0.012523871527777777,0.41062255115367874,0.012462022569444444,masks/TRI+52ca9b6a+2023-11-13-16h-02m-20s/ext2_f00000.png
TRI+52ca9b6a+2023-11-13-16h-03m-53s,ext2,b050,12,190,190,25947356,ok,1.0,auto,0.45828188393014646,0.006151258680555555,False,True,0.31931696905016005,0.005083550347222222,0.45828188393014646,0.006151258680555555,masks/TRI+52ca9b6a+2023-11-13-16h-03m-53s/ext2_f00012.png
TRI+52ca9b6a+2023-11-13-16h-03m-53s,ext2,b100,67,190,190,25947356,ok,1.0,auto,0.998767092580139,0.009680989583333334,False,True,8.011215701986263e-05,0.027088758680555554,0.998767092580139,0.009680989583333334,masks/TRI+52ca9b6a+2023-11-13-16h-03m-53s/ext2_f00067.png
TRI+52ca9b6a+2023-11-13-16h-04m-30s,ext2,b050,0,510,510,25947356,ok,1.0,auto,0.3599926681737643,0.017759331597222223,False,True,0.2364674477235652,0.014633246527777777,0.3599926681737643,0.017759331597222223,masks/TRI+52ca9b6a+2023-11-13-16h-04m-30s/ext2_f00000.png
TRI+52ca9b6a+2023-11-13-16h-04m-30s,ext2,b100,79,510,510,25947356,ok,1.0,auto,0.20931837407061127,0.048743489583333334,False,True,0.0009899794760352965,0.044938151041666666,0.20931837407061127,0.048743489583333334,masks/TRI+52ca9b6a+2023-11-13-16h-04m-30s/ext2_f00079.png
TRI+52ca9b6a+2023-11-13-16h-19m-10s,ext2,b050,0,112,112,25947356,ok,1.0,auto,0.7067275747508306,0.013064236111111112,False,True,0.6662786185487,0.013981119791666666,0.7067275747508306,0.013064236111111112,masks/TRI+52ca9b6a+2023-11-13-16h-19m-10s/ext2_f00000.png
TRI+52ca9b6a+2023-11-13-16h-20m-02s,ext2,b050,0,165,165,25947356,ok,1.0,auto,0.5698764203367339,0.013082682291666667,False,True,0.3419530823786143,0.009944661458333334,0.5698764203367339,0.013082682291666667,masks/TRI+52ca9b6a+2023-11-13-16h-20m-02s/ext2_f00000.png
TRI+52ca9b6a+2023-11-13-17h-11m-23s,ext2,b050,17,216,216,25947356,ok,0.5185185185185185,auto,0.8217821782178218,0.005370008680555555,False,True,0.052631578947368474,0.0031336805555555554,0.8217821782178218,0.005370008680555555,masks/TRI+52ca9b6a+2023-11-13-17h-11m-23s/ext2_f00017.png
TRI+52ca9b6a+2023-11-13-17h-11m-23s,ext2,b100,39,216,216,25947356,ok,1.0,auto,1.0,0.013696831597222223,False,True,0.006601438170458551,0.009204644097222223,1.0,0.013696831597222223,masks/TRI+52ca9b6a+2023-11-13-17h-11m-23s/ext2_f00039.png
TRI+52ca9b6a+2023-11-13-17h-13m-54s,ext2,b050,0,204,204,25947356,ok,0.8888888888888888,auto,0.8262578616352201,0.017942708333333335,False,True,0.4566382218694185,0.010935329861111112,0.8262578616352201,0.017942708333333335,masks/TRI+52ca9b6a+2023-11-13-17h-13m-54s/ext2_f00000.png
TRI+52ca9b6a+2023-11-13-17h-13m-54s,ext2,b100,11,204,204,25947356,ok,1.0,auto,0.6905715325809975,0.020864800347222223,False,True,0.23823361398802867,0.043688151041666665,0.6905715325809975,0.020864800347222223,masks/TRI+52ca9b6a+2023-11-13-17h-13m-54s/ext2_f00011.png
TRI+52ca9b6a+2023-11-13-17h-22m-34s,ext2,b050,0,370,370,25947356,ok,0.9629629629629629,auto,0.9026012856929286,0.014516059027777778,False,True,0.31369655228959126,0.026468098958333332,0.9026012856929286,0.014516059027777778,masks/TRI+52ca9b6a+2023-11-13-17h-22m-34s/ext2_f00000.png
TRI+52ca9b6a+2023-11-13-17h-22m-34s,ext2,b100,9,370,370,25947356,ok,1.0,auto,0.8712455366519639,0.015498046875,False,True,0.6900591382709096,0.01926540798611111,0.8712455366519639,0.015498046875,masks/TRI+52ca9b6a+2023-11-13-17h-22m-34s/ext2_f00009.png
TRI+52ca9b6a+2023-11-14-11h-03m-46s,ext1,b050,0,137,137,20252535,ok,1.0,auto,0.9971541823356032,0.010675998263888889,False,True,0.0,0.005735677083333333,0.9971541823356032,0.010675998263888889,masks/TRI+52ca9b6a+2023-11-14-11h-03m-46s/ext1_f00000.png
TRI+52ca9b6a+2023-11-14-11h-03m-46s,ext2,b050,0,137,137,25947356,ok,0.6296296296296297,auto,0.39168110918544197,0.018782552083333334,False,True,0.11903620234955647,0.02715494791666667,0.39168110918544197,0.018782552083333334,masks/TRI+52ca9b6a+2023-11-14-11h-03m-46s/ext2_f00000.png
TRI+52ca9b6a+2023-11-14-11h-03m-46s,ext1,b100,23,137,137,20252535,ok,1.0,auto,1.0,0.004695095486111111,False,True,0.0028186658315064728,0.003464626736111111,1.0,0.004695095486111111,masks/TRI+52ca9b6a+2023-11-14-11h-03m-46s/ext1_f00023.png
TRI+52ca9b6a+2023-11-14-13h-28m-07s,ext2,b050,0,218,218,25947356,ok,1.0,auto,0.2721064914858674,0.012553168402777778,False,True,0.20070182278974558,0.011131727430555556,0.2721064914858674,0.012553168402777778,masks/TRI+52ca9b6a+2023-11-14-13h-28m-07s/ext2_f00000.png
TRI+52ca9b6a+2023-11-14-13h-30m-20s,ext2,b050,0,372,372,25947356,ok,0.9814814814814815,auto,0.43138075313807533,0.012966579861111112,False,True,0.4129791952687718,0.02054904513888889,0.43138075313807533,0.012966579861111112,masks/TRI+52ca9b6a+2023-11-14-13h-30m-20s/ext2_f00000.png
TRI+52ca9b6a+2023-11-14-13h-30m-20s,ext2,b100,1,372,372,25947356,ok,1.0,auto,0.42653795811518325,0.01326388888888889,False,True,0.4281437125748503,0.019932725694444445,0.42653795811518325,0.01326388888888889,masks/TRI+52ca9b6a+2023-11-14-13h-30m-20s/ext2_f00001.png
TRI+52ca9b6a+2023-11-14-13h-33m-31s,ext2,b050,0,521,521,25947356,ok,1.0,auto,0.7613139961558624,0.006209852430555556,False,True,0.1397353648757017,0.005412326388888889,0.7613139961558624,0.006209852430555556,masks/TRI+52ca9b6a+2023-11-14-13h-33m-31s/ext2_f00000.png
TRI+52ca9b6a+2023-11-14-13h-46m-55s,ext2,b050,0,286,286,28813166,ok,1.0,auto,0.8147395171537484,0.008539496527777777,False,True,0.8184463562753037,0.008576388888888889,0.8147395171537484,0.008539496527777777,masks/TRI+52ca9b6a+2023-11-14-13h-46m-55s/ext2_f00000.png
TRI+52ca9b6a+2023-11-14-13h-46m-55s,ext2,b100,14,286,286,28813166,ok,1.0,auto,0.86664947124065,0.008413628472222223,False,True,0.8653920184781214,0.008455946180555556,0.86664947124065,0.008413628472222223,masks/TRI+52ca9b6a+2023-11-14-13h-46m-55s/ext2_f00014.png
TRI+52ca9b6a+2023-11-14-13h-59m-52s,ext2,b050,0,129,129,28813166,ok,1.0,auto,0.5728001944579484,0.008927951388888888,False,True,0.5519814719505919,0.008433159722222222,0.5728001944579484,0.008927951388888888,masks/TRI+52ca9b6a+2023-11-14-13h-59m-52s/ext2_f00000.png
TRI+52ca9b6a+2023-11-14-14h-11m-11s,ext1,b050,0,150,150,20252535,ok,1.0,auto,0.9693210617580366,0.01626953125,False,True,0.39900854700854704,0.03173828125,0.9693210617580366,0.01626953125,masks/TRI+52ca9b6a+2023-11-14-14h-11m-11s/ext1_f00000.png
TRI+52ca9b6a+2023-11-14-14h-11m-11s,ext2,b050,0,150,150,25947356,ok,1.0,auto,0.7083236185591046,0.009307725694444444,False,True,0.6829455382255178,0.008487413194444444,0.7083236185591046,0.009307725694444444,masks/TRI+52ca9b6a+2023-11-14-14h-11m-11s/ext2_f00000.png
TRI+52ca9b6a+2023-11-14-14h-32m-15s,ext1,b050,0,206,206,20252535,ok,1.0,auto,1.0,0.011034071180555556,False,True,0.002579218865143673,0.005889756944444445,1.0,0.011034071180555556,masks/TRI+52ca9b6a+2023-11-14-14h-32m-15s/ext1_f00000.png
TRI+52ca9b6a+2023-11-14-14h-32m-15s,ext2,b050,0,206,206,25947356,ok,1.0,auto,0.9980392156862745,0.0027669270833333335,False,True,0.9900876858558902,0.0028461371527777777,0.9980392156862745,0.0027669270833333335,masks/TRI+52ca9b6a+2023-11-14-14h-32m-15s/ext2_f00000.png
TRI+52ca9b6a+2023-11-14-14h-46m-43s,ext2,b050,0,367,367,25947356,ok,1.0,auto,0.6416656214724696,0.01730251736111111,False,True,0.5296425457715781,0.012445746527777777,0.6416656214724696,0.01730251736111111,masks/TRI+52ca9b6a+2023-11-14-14h-46m-43s/ext2_f00000.png
TRI+52ca9b6a+2023-11-15-10h-12m-42s,ext1,b050,0,167,167,20252535,ok,1.0,auto,1.0,0.012049696180555555,False,True,0.0005320563979781534,0.008157552083333333,1.0,0.012049696180555555,masks/TRI+52ca9b6a+2023-11-15-10h-12m-42s/ext1_f00000.png
TRI+52ca9b6a+2023-11-15-10h-12m-42s,ext2,b050,0,167,167,25947356,ok,1.0,auto,0.4781509570241964,0.015022786458333333,False,True,0.3514248064569264,0.013174913194444445,0.4781509570241964,0.015022786458333333,masks/TRI+52ca9b6a+2023-11-15-10h-12m-42s/ext2_f00000.png
TRI+52ca9b6a+2023-11-15-10h-22m-19s,ext1,b050,0,298,298,20252535,ok,1.0,auto,0.3113653490443242,0.015838758680555554,False,True,0.08377452507007166,0.010452473958333333,0.3113653490443242,0.015838758680555554,masks/TRI+52ca9b6a+2023-11-15-10h-22m-19s/ext1_f00000.png
TRI+52ca9b6a+2023-11-15-10h-22m-19s,ext2,b050,0,298,298,25947356,ok,1.0,auto,0.8012381162944948,0.004907769097222223,False,True,0.6636553161917998,0.0015614149305555555,0.8012381162944948,0.004907769097222223,masks/TRI+52ca9b6a+2023-11-15-10h-22m-19s/ext2_f00000.png
TRI+52ca9b6a+2023-11-15-11h-26m-03s,ext1,b050,0,194,194,20252535,ok,0.5,auto,1.0,0.019715711805555557,False,True,0.17769272826681248,0.001984592013888889,1.0,0.019715711805555557,masks/TRI+52ca9b6a+2023-11-15-11h-26m-03s/ext1_f00000.png
TRI+52ca9b6a+2023-11-15-11h-26m-03s,ext1,b100,33,194,194,20252535,ok,1.0,auto,1.0,0.005186631944444444,False,True,0.0,0.008662109375,1.0,0.005186631944444444,masks/TRI+52ca9b6a+2023-11-15-11h-26m-03s/ext1_f00033.png
TRI+52ca9b6a+2023-11-15-11h-56m-18s,ext1,b050,0,199,199,20252535,ok,0.5925925925925926,auto,1.0,0.013382161458333333,False,True,0.0,0.004978298611111111,1.0,0.013382161458333333,masks/TRI+52ca9b6a+2023-11-15-11h-56m-18s/ext1_f00000.png
TRI+52ca9b6a+2023-11-15-13h-24m-36s,ext1,b050,23,235,235,20252535,ok,0.5,auto,1.0,0.008650173611111112,False,True,0.0007990411506192396,0.008147786458333334,1.0,0.008650173611111112,masks/TRI+52ca9b6a+2023-11-15-13h-24m-36s/ext1_f00023.png
TRI+52ca9b6a+2023-11-15-13h-24m-36s,ext1,b100,48,235,235,20252535,ok,1.0,auto,1.0,0.005201822916666667,False,True,0.0,0.0038975694444444444,1.0,0.005201822916666667,masks/TRI+52ca9b6a+2023-11-15-13h-24m-36s/ext1_f00048.png
TRI+52ca9b6a+2023-11-15-15h-35m-02s,ext1,b050,0,293,293,20252535,ok,1.0,auto,0.6586950103336286,0.014700520833333333,False,True,0.030133928571428603,0.005833333333333334,0.6586950103336286,0.014700520833333333,masks/TRI+52ca9b6a+2023-11-15-15h-35m-02s/ext1_f00000.png
TRI+52ca9b6a+2023-11-15-15h-35m-02s,ext1,b100,19,293,293,20252535,ok,1.0,auto,0.5463842808825898,0.013474392361111111,False,True,0.05344827586206902,0.0037760416666666667,0.5463842808825898,0.013474392361111111,masks/TRI+52ca9b6a+2023-11-15-15h-35m-02s/ext1_f00019.png
TRI+52ca9b6a+2023-11-15-17h-07m-58s,ext1,b050,0,364,364,20252535,ok,1.0,auto,1.0,0.0064214409722222225,False,True,0.9230769230769231,2.8211805555555554e-05,1.0,0.0064214409722222225,masks/TRI+52ca9b6a+2023-11-15-17h-07m-58s/ext1_f00000.png
TRI+52ca9b6a+2023-11-15-17h-07m-58s,ext2,b050,0,364,364,25947356,ok,1.0,auto,1.0,0.006281467013888889,False,True,0.0,0.0005219184027777778,1.0,0.006281467013888889,masks/TRI+52ca9b6a+2023-11-15-17h-07m-58s/ext2_f00000.png
TRI+52ca9b6a+2023-11-15-17h-13m-26s,ext1,b050,0,241,241,20252535,ok,1.0,auto,1.0,0.00805881076388889,False,True,0.5996131528046422,0.0005609809027777778,1.0,0.00805881076388889,masks/TRI+52ca9b6a+2023-11-15-17h-13m-26s/ext1_f00000.png
TRI+52ca9b6a+2023-11-15-17h-13m-26s,ext2,b050,0,241,241,25947356,ok,1.0,auto,1.0,0.005179036458333334,False,True,0.0,0.0004275173611111111,1.0,0.005179036458333334,masks/TRI+52ca9b6a+2023-11-15-17h-13m-26s/ext2_f00000.png
TRI+52ca9b6a+2023-11-15-17h-18m-10s,ext1,b050,0,508,508,20252535,ok,1.0,auto,1.0,0.005404730902777778,False,True,1.0,2.170138888888889e-06,1.0,0.005404730902777778,masks/TRI+52ca9b6a+2023-11-15-17h-18m-10s/ext1_f00000.png
TRI+52ca9b6a+2023-11-15-17h-18m-10s,ext2,b050,0,508,508,25947356,ok,0.8333333333333334,auto,1.0,0.011624348958333334,False,True,0.08617424242424243,0.0034375,1.0,0.011624348958333334,masks/TRI+52ca9b6a+2023-11-15-17h-18m-10s/ext2_f00000.png
TRI+52ca9b6a+2023-11-15-17h-18m-10s,ext1,b100,466,508,508,20252535,ok,1.0,auto,1.0,0.005011935763888889,False,True,0.6521739130434783,7.486979166666666e-05,1.0,0.005011935763888889,masks/TRI+52ca9b6a+2023-11-15-17h-18m-10s/ext1_f00466.png
TRI+52ca9b6a+2023-11-15-17h-18m-10s,ext2,b100,466,508,508,25947356,ok,1.0,auto,0.9374449339207048,0.004926215277777778,False,True,0.12298689364994919,0.022435980902777777,0.9374449339207048,0.004926215277777778,masks/TRI+52ca9b6a+2023-11-15-17h-18m-10s/ext2_f00466.png
TRI+52ca9b6a+2023-11-16-10h-10m-17s,ext1,b050,27,222,222,20252535,ok,0.5,auto,1.0,0.013560112847222222,False,True,1.0,0.013505859375,1.0,0.013560112847222222,masks/TRI+52ca9b6a+2023-11-16-10h-10m-17s/ext1_f00027.png
TRI+52ca9b6a+2023-11-16-10h-10m-17s,ext2,b050,27,222,222,25947356,ok,1.0,auto,1.0,0.014129774305555556,False,True,1.0,0.013111979166666666,1.0,0.014129774305555556,masks/TRI+52ca9b6a+2023-11-16-10h-10m-17s/ext2_f00027.png
TRI+52ca9b6a+2023-11-16-10h-10m-17s,ext1,b100,153,222,222,20252535,ok,1.0,auto,1.0,0.006833767361111111,False,True,1.0,0.006535373263888889,1.0,0.006833767361111111,masks/TRI+52ca9b6a+2023-11-16-10h-10m-17s/ext1_f00153.png
TRI+52ca9b6a+2023-11-16-10h-10m-17s,ext2,b100,153,222,222,25947356,ok,1.0,auto,1.0,0.0062163628472222225,False,True,1.0,0.006544053819444445,1.0,0.0062163628472222225,masks/TRI+52ca9b6a+2023-11-16-10h-10m-17s/ext2_f00153.png
TRI+52ca9b6a+2023-11-16-11h-33m-56s,ext1,b050,0,186,186,20252535,ok,0.9074074074074074,auto,0.9507373981950253,0.024647352430555554,False,True,0.0,0.0014290364583333334,0.9507373981950253,0.024647352430555554,masks/TRI+52ca9b6a+2023-11-16-11h-33m-56s/ext1_f00000.png
TRI+52ca9b6a+2023-11-16-11h-33m-56s,ext2,b050,0,186,186,25947356,ok,0.9444444444444444,auto,0.9998422381152714,0.020633680555555554,False,True,0.6948204826368451,0.0036870659722222222,0.9998422381152714,0.020633680555555554,masks/TRI+52ca9b6a+2023-11-16-11h-33m-56s/ext2_f00000.png
TRI+52ca9b6a+2023-11-16-11h-33m-56s,ext1,b100,32,186,186,20252535,ok,1.0,auto,0.9202938988095238,0.011666666666666667,False,True,0.917981072555205,0.01203884548611111,0.9202938988095238,0.011666666666666667,masks/TRI+52ca9b6a+2023-11-16-11h-33m-56s/ext1_f00032.png
TRI+52ca9b6a+2023-11-16-11h-33m-56s,ext2,b100,32,186,186,25947356,ok,1.0,auto,1.0,0.012266710069444445,False,True,0.074124513618677,0.005577256944444445,1.0,0.012266710069444445,masks/TRI+52ca9b6a+2023-11-16-11h-33m-56s/ext2_f00032.png
TRI+52ca9b6a+2023-11-16-11h-51m-26s,ext1,b050,0,180,180,20252535,ok,1.0,auto,0.3674626467449307,0.01626736111111111,False,True,0.0978812024628758,0.011983506944444444,0.3674626467449307,0.01626736111111111,masks/TRI+52ca9b6a+2023-11-16-11h-51m-26s/ext1_f00000.png
TRI+52ca9b6a+2023-11-16-11h-51m-26s,ext2,b050,0,180,180,25947356,ok,1.0,auto,1.0,0.013287760416666667,False,True,0.9434243917002537,0.007268880208333333,1.0,0.013287760416666667,masks/TRI+52ca9b6a+2023-11-16-11h-51m-26s/ext2_f00000.png
TRI+52ca9b6a+2023-11-20-10h-15m-56s,ext1,b050,0,538,538,20252535,ok,0.9629629629629629,auto,0.49177619226436353,0.014447699652777778,False,True,0.26035772029102666,0.021475694444444443,0.49177619226436353,0.014447699652777778,masks/TRI+52ca9b6a+2023-11-20-10h-15m-56s/ext1_f00000.png
TRI+52ca9b6a+2023-11-20-10h-15m-56s,ext2,b050,0,538,538,25947356,ok,1.0,auto,1.0,0.015475260416666666,False,True,1.0,0.01583441840277778,1.0,0.015475260416666666,masks/TRI+52ca9b6a+2023-11-20-10h-15m-56s/ext2_f00000.png
TRI+52ca9b6a+2023-11-20-10h-15m-56s,ext2,b100,14,538,538,25947356,ok,1.0,auto,1.0,0.016497395833333334,False,True,1.0,0.01663302951388889,1.0,0.016497395833333334,masks/TRI+52ca9b6a+2023-11-20-10h-15m-56s/ext2_f00014.png
TRI+52ca9b6a+2023-11-20-13h-49m-19s,ext1,b050,0,524,524,20252535,ok,1.0,auto,0.27334423143607267,0.021904296875,False,True,0.0,0.008461371527777779,0.27334423143607267,0.021904296875,masks/TRI+52ca9b6a+2023-11-20-13h-49m-19s/ext1_f00000.png
TRI+52ca9b6a+2023-11-21-10h-19m-15s,ext1,b050,0,269,269,20252535,ok,1.0,auto,1.0,0.00388671875,False,True,0.28141276041666663,0.006666666666666667,1.0,0.00388671875,masks/TRI+52ca9b6a+2023-11-21-10h-19m-15s/ext1_f00000.png
TRI+52ca9b6a+2023-11-21-10h-19m-15s,ext2,b050,0,269,269,25947356,ok,1.0,auto,1.0,0.0071842447916666665,False,True,0.9080640100407907,0.0034581163194444446,1.0,0.0071842447916666665,masks/TRI+52ca9b6a+2023-11-21-10h-19m-15s/ext2_f00000.png
TRI+52ca9b6a+2023-11-21-10h-31m-52s,ext1,b050,0,260,260,20252535,ok,1.0,auto,0.8942101501072195,0.006072048611111111,False,True,0.7970971998240727,0.0074012586805555555,0.8942101501072195,0.006072048611111111,masks/TRI+52ca9b6a+2023-11-21-10h-31m-52s/ext1_f00000.png
TRI+52ca9b6a+2023-11-21-10h-31m-52s,ext2,b050,0,260,260,25947356,ok,1.0,auto,1.0,0.014979383680555555,False,True,0.9994500962331592,0.003946397569444445,1.0,0.014979383680555555,masks/TRI+52ca9b6a+2023-11-21-10h-31m-52s/ext2_f00000.png
TRI+52ca9b6a+2023-11-21-13h-40m-57s,ext2,b050,0,158,158,25947356,ok,1.0,auto,1.0,0.015926649305555554,False,True,0.006294058408861991,0.008619791666666666,1.0,0.015926649305555554,masks/TRI+52ca9b6a+2023-11-21-13h-40m-57s/ext2_f00000.png
TRI+52ca9b6a+2023-11-21-13h-40m-57s,ext2,b100,24,158,158,25947356,ok,1.0,box(auto empty),1.0,0.00018229166666666667,True,True,0.0,0.0029134114583333334,0.0,0.0029134114583333334,masks/TRI+52ca9b6a+2023-11-21-13h-40m-57s/ext2_f00024.png
TRI+52ca9b6a+2023-11-21-13h-45m-36s,ext2,b050,28,204,204,25947356,ok,1.0,auto,1.0,0.014155815972222222,False,True,0.0,0.005375434027777778,1.0,0.014155815972222222,masks/TRI+52ca9b6a+2023-11-21-13h-45m-36s/ext2_f00028.png
TRI+52ca9b6a+2023-11-21-13h-45m-36s,ext2,b100,36,204,204,25947356,ok,1.0,auto,1.0,0.015323350694444444,False,True,0.0,0.003021918402777778,1.0,0.015323350694444444,masks/TRI+52ca9b6a+2023-11-21-13h-45m-36s/ext2_f00036.png
TRI+52ca9b6a+2023-11-21-13h-59m-19s,ext2,b050,0,359,359,25947356,ok,1.0,auto,1.0,0.01431857638888889,False,True,0.0,0.010126953125,1.0,0.01431857638888889,masks/TRI+52ca9b6a+2023-11-21-13h-59m-19s/ext2_f00000.png
TRI+52ca9b6a+2023-11-21-13h-59m-19s,ext2,b100,21,359,359,25947356,ok,1.0,auto,1.0,0.011681857638888888,False,True,0.0,0.008307291666666666,1.0,0.011681857638888888,masks/TRI+52ca9b6a+2023-11-21-13h-59m-19s/ext2_f00021.png
TRI+52ca9b6a+2023-11-21-14h-04m-37s,ext2,b050,30,193,193,25947356,ok,1.0,auto,1.0,0.013092447916666666,False,True,0.0,0.0011729600694444444,1.0,0.013092447916666666,masks/TRI+52ca9b6a+2023-11-21-14h-04m-37s/ext2_f00030.png
TRI+52ca9b6a+2023-11-21-14h-04m-37s,ext1,b100,45,193,193,20252535,ok,1.0,auto,0.29485660109030576,0.013733723958333333,False,True,0.18845196615231463,0.010899522569444445,0.29485660109030576,0.013733723958333333,masks/TRI+52ca9b6a+2023-11-21-14h-04m-37s/ext1_f00045.png
TRI+52ca9b6a+2023-11-21-14h-04m-37s,ext2,b100,45,193,193,25947356,ok,1.0,auto,1.0,0.010596788194444444,False,True,0.0,0.0010894097222222223,1.0,0.010596788194444444,masks/TRI+52ca9b6a+2023-11-21-14h-04m-37s/ext2_f00045.png
TRI+52ca9b6a+2023-11-27-11h-37m-47s,ext1,b050,28,202,202,20252535,ok,1.0,auto,1.0,0.005764973958333333,False,True,0.0012315270935960854,0.0008810763888888889,1.0,0.005764973958333333,masks/TRI+52ca9b6a+2023-11-27-11h-37m-47s/ext1_f00028.png
TRI+52ca9b6a+2023-11-27-11h-37m-47s,ext2,b050,28,202,202,25947356,ok,0.5,auto,0.8469614076593228,0.007338324652777777,False,True,0.5505115089514067,0.0016970486111111112,0.8469614076593228,0.007338324652777777,masks/TRI+52ca9b6a+2023-11-27-11h-37m-47s/ext2_f00028.png
TRI+52ca9b6a+2023-11-27-11h-37m-47s,ext1,b100,58,202,202,20252535,ok,1.0,auto,1.0,0.014139539930555556,False,True,0.06712962962962965,0.001875,1.0,0.014139539930555556,masks/TRI+52ca9b6a+2023-11-27-11h-37m-47s/ext1_f00058.png
TRI+52ca9b6a+2023-11-27-11h-37m-47s,ext2,b100,58,202,202,25947356,ok,1.0,auto,0.7682492581602374,0.003656684027777778,False,True,0.05027027027027031,0.002007378472222222,0.7682492581602374,0.003656684027777778,masks/TRI+52ca9b6a+2023-11-27-11h-37m-47s/ext2_f00058.png
TRI+52ca9b6a+2023-11-27-11h-41m-29s,ext1,b050,0,229,229,20252535,ok,1.0,auto,1.0,0.014888237847222222,False,True,0.0056694286960313756,0.004976128472222222,1.0,0.014888237847222222,masks/TRI+52ca9b6a+2023-11-27-11h-41m-29s/ext1_f00000.png
TRI+52ca9b6a+2023-11-27-11h-41m-29s,ext2,b050,0,229,229,25947356,ok,1.0,auto,0.8651431795739879,0.030768229166666668,False,True,0.855541846596751,0.021106770833333333,0.8651431795739879,0.030768229166666668,masks/TRI+52ca9b6a+2023-11-27-11h-41m-29s/ext2_f00000.png
TRI+52ca9b6a+2023-11-27-14h-19m-34s,ext1,b050,0,288,288,28451778,ok,1.0,auto,1.0,0.009264322916666666,False,True,0.0,0.0015342881944444445,1.0,0.009264322916666666,masks/TRI+52ca9b6a+2023-11-27-14h-19m-34s/ext1_f00000.png
TRI+52ca9b6a+2023-11-27-14h-19m-34s,ext2,b050,0,288,288,28813166,ok,1.0,auto,0.9967099626443675,0.03166124131944444,False,True,0.9888572427921851,0.021715494791666668,0.9967099626443675,0.03166124131944444,masks/TRI+52ca9b6a+2023-11-27-14h-19m-34s/ext2_f00000.png
TRI+52ca9b6a+2023-11-27-14h-21m-07s,ext1,b050,0,311,311,28451778,ok,1.0,auto,1.0,0.006702473958333333,False,True,0.0016187392877546891,0.011395399305555555,1.0,0.006702473958333333,masks/TRI+52ca9b6a+2023-11-27-14h-21m-07s/ext1_f00000.png
TRI+52ca9b6a+2023-11-27-14h-21m-07s,ext2,b050,0,311,311,28813166,ok,1.0,auto,1.0,0.020864800347222223,False,True,0.6359213031521049,0.020516493055555557,1.0,0.020864800347222223,masks/TRI+52ca9b6a+2023-11-27-14h-21m-07s/ext2_f00000.png
TRI+52ca9b6a+2023-11-28-14h-13m-41s,ext1,b050,0,188,188,20252535,ok,1.0,auto,1.0,0.032175564236111114,False,True,1.0,0.02949435763888889,1.0,0.032175564236111114,masks/TRI+52ca9b6a+2023-11-28-14h-13m-41s/ext1_f00000.png
TRI+52ca9b6a+2023-11-28-14h-17m-08s,ext1,b050,0,468,468,20252535,ok,0.9444444444444444,auto,1.0,0.019811197916666665,False,True,0.0,0.003798828125,1.0,0.019811197916666665,masks/TRI+52ca9b6a+2023-11-28-14h-17m-08s/ext1_f00000.png
TRI+52ca9b6a+2023-11-28-14h-17m-08s,ext1,b100,16,468,468,20252535,ok,1.0,auto,1.0,0.031583116319444444,False,True,0.991852639036486,0.03369466145833333,1.0,0.031583116319444444,masks/TRI+52ca9b6a+2023-11-28-14h-17m-08s/ext1_f00016.png
TRI+52ca9b6a+2023-11-28-16h-27m-42s,ext1,b050,0,304,304,20252535,ok,1.0,auto,1.0,0.01710503472222222,False,True,0.00022304003568640596,0.019459635416666666,1.0,0.01710503472222222,masks/TRI+52ca9b6a+2023-11-28-16h-27m-42s/ext1_f00000.png
TRI+52ca9b6a+2023-11-28-16h-27m-42s,ext2,b050,0,304,304,25947356,ok,1.0,auto,1.0,0.007418619791666667,False,True,1.0,0.006444227430555556,1.0,0.007418619791666667,masks/TRI+52ca9b6a+2023-11-28-16h-27m-42s/ext2_f00000.png
TRI+52ca9b6a+2023-11-28-16h-49m-12s,ext1,b050,0,255,255,20252535,ok,1.0,auto,1.0,0.011015625,False,True,0.006430868167202619,0.0003374565972222222,1.0,0.011015625,masks/TRI+52ca9b6a+2023-11-28-16h-49m-12s/ext1_f00000.png
TRI+52ca9b6a+2023-11-28-16h-49m-12s,ext2,b050,0,255,255,25947356,ok,1.0,auto,1.0,0.01140407986111111,False,True,0.9999071408673043,0.011685112847222222,1.0,0.01140407986111111,masks/TRI+52ca9b6a+2023-11-28-16h-49m-12s/ext2_f00000.png
TRI+52ca9b6a+2023-11-28-16h-51m-05s,ext1,b050,0,235,235,20252535,ok,1.0,auto,1.0,0.0017393663194444444,False,True,0.4375,0.0010416666666666667,1.0,0.0017393663194444444,masks/TRI+52ca9b6a+2023-11-28-16h-51m-05s/ext1_f00000.png
TRI+52ca9b6a+2023-11-28-16h-51m-05s,ext2,b050,0,235,235,25947356,ok,1.0,auto,1.0,0.009200303819444445,False,True,0.9994360478231445,0.009620225694444444,1.0,0.009200303819444445,masks/TRI+52ca9b6a+2023-11-28-16h-51m-05s/ext2_f00000.png
TRI+52ca9b6a+2023-11-29-10h-10m-54s,ext2,b050,0,241,241,25947356,ok,0.7777777777777778,auto,0.6972539423599782,0.007981770833333334,False,True,0.0,0.007608506944444445,0.6972539423599782,0.007981770833333334,masks/TRI+52ca9b6a+2023-11-29-10h-10m-54s/ext2_f00000.png
TRI+52ca9b6a+2023-11-29-10h-10m-54s,ext2,b100,41,241,241,25947356,ok,1.0,auto,0.2893209426242507,0.03421115451388889,False,True,0.0,0.016612413194444446,0.2893209426242507,0.03421115451388889,masks/TRI+52ca9b6a+2023-11-29-10h-10m-54s/ext2_f00041.png
TRI+52ca9b6a+2023-11-29-10h-24m-34s,ext2,b050,0,136,136,25947356,ok,1.0,auto,0.8273580711801469,0.041494140625,False,True,0.00013276686139140903,0.008172743055555556,0.8273580711801469,0.041494140625,masks/TRI+52ca9b6a+2023-11-29-10h-24m-34s/ext2_f00000.png
TRI+52ca9b6a+2023-11-29-10h-24m-34s,ext2,b100,12,136,136,25947356,ok,1.0,auto,0.39316034915700104,0.027223307291666665,False,True,0.2561139478634775,0.02422526041666667,0.39316034915700104,0.027223307291666665,masks/TRI+52ca9b6a+2023-11-29-10h-24m-34s/ext2_f00012.png
TRI+52ca9b6a+2023-11-29-10h-58m-18s,ext2,b050,0,448,448,25947356,ok,1.0,auto,1.0,0.01423828125,False,True,0.0,0.008446180555555556,1.0,0.01423828125,masks/TRI+52ca9b6a+2023-11-29-10h-58m-18s/ext2_f00000.png
TRI+52ca9b6a+2023-11-29-10h-58m-18s,ext2,b100,20,448,448,25947356,ok,1.0,auto,0.8950536453493284,0.05137586805555556,False,True,0.7147615937295886,0.016612413194444446,0.8950536453493284,0.05137586805555556,masks/TRI+52ca9b6a+2023-11-29-10h-58m-18s/ext2_f00020.png
TRI+52ca9b6a+2023-11-29-11h-00m-01s,ext2,b050,0,478,478,25947356,ok,1.0,auto,0.9700454731371653,0.04509874131944445,False,True,0.7014103887168903,0.009462890625,0.9700454731371653,0.04509874131944445,masks/TRI+52ca9b6a+2023-11-29-11h-00m-01s/ext2_f00000.png
TRI+52ca9b6a+2023-11-29-11h-21m-20s,ext2,b050,0,169,169,25947356,ok,1.0,auto,0.5991780645989855,0.050693359375,False,True,0.11913767019667176,0.020082465277777777,0.5991780645989855,0.050693359375,masks/TRI+52ca9b6a+2023-11-29-11h-21m-20s/ext2_f00000.png
TRI+52ca9b6a+2023-11-29-15h-05m-33s,ext1,b050,70,241,241,20252535,ok,0.5,auto,1.0,0.030979817708333333,False,True,0.0,0.006825086805555556,1.0,0.030979817708333333,masks/TRI+52ca9b6a+2023-11-29-15h-05m-33s/ext1_f00070.png
TRI+52ca9b6a+2023-11-30-13h-28m-15s,ext1,b050,0,173,173,20252535,ok,1.0,auto,0.7071776413296633,0.015374348958333334,False,True,0.6840562719812426,0.009255642361111111,0.7071776413296633,0.015374348958333334,masks/TRI+52ca9b6a+2023-11-30-13h-28m-15s/ext1_f00000.png
TRI+52ca9b6a+2023-11-30-13h-28m-15s,ext2,b050,0,173,173,25947356,ok,1.0,auto,1.0,0.03504557291666666,False,True,0.0006453694740238269,0.0033626302083333334,1.0,0.03504557291666666,masks/TRI+52ca9b6a+2023-11-30-13h-28m-15s/ext2_f00000.png
TRI+52ca9b6a+2023-11-30-14h-42m-48s,ext1,b050,18,370,370,20252535,ok,0.5,auto,1.0,0.0012923177083333333,False,True,0.3405797101449275,0.006588541666666667,1.0,0.0012923177083333333,masks/TRI+52ca9b6a+2023-11-30-14h-42m-48s/ext1_f00018.png
TRI+52ca9b6a+2023-11-30-14h-42m-48s,ext1,b100,29,370,370,20252535,ok,1.0,auto,0.4791307347361159,0.0031456163194444444,False,True,0.4806282722513089,0.003108723958333333,0.4791307347361159,0.0031456163194444444,masks/TRI+52ca9b6a+2023-11-30-14h-42m-48s/ext1_f00029.png
TRI+52ca9b6a+2023-11-30-17h-04m-35s,ext1,b050,14,229,229,20252535,ok,1.0,auto,0.8420955713101924,0.011784939236111111,False,True,0.84520701230884,0.011636284722222221,0.8420955713101924,0.011784939236111111,masks/TRI+52ca9b6a+2023-11-30-17h-04m-35s/ext1_f00014.png
TRI+52ca9b6a+2023-11-30-17h-04m-35s,ext1,b100,23,229,229,20252535,ok,1.0,auto,0.8732806555458004,0.014830729166666667,False,True,0.8721678117234323,0.014845920138888889,0.8732806555458004,0.014830729166666667,masks/TRI+52ca9b6a+2023-11-30-17h-04m-35s/ext1_f00023.png
TRI+52ca9b6a+2023-11-30-17h-09m-24s,ext1,b050,18,137,137,20252535,ok,1.0,auto,0.8922484240018679,0.00929470486111111,False,True,0.8361237387736999,0.009786241319444444,0.8922484240018679,0.00929470486111111,masks/TRI+52ca9b6a+2023-11-30-17h-09m-24s/ext1_f00018.png
TRI+52ca9b6a+2023-11-30-17h-09m-24s,ext1,b100,64,137,137,20252535,ok,1.0,auto,0.8607112616426758,0.030755208333333332,False,True,0.8615931874528404,0.030198567708333332,0.8607112616426758,0.030755208333333332,masks/TRI+52ca9b6a+2023-11-30-17h-09m-24s/ext1_f00064.png
TRI+52ca9b6a+2023-12-04-10h-35m-01s,ext2,b050,33,490,490,25947356,ok,0.8703703703703703,auto,0.22589632671016935,0.029598524305555554,False,True,0.005539637058261659,0.017041015625,0.22589632671016935,0.029598524305555554,masks/TRI+52ca9b6a+2023-12-04-10h-35m-01s/ext2_f00033.png
TRI+52ca9b6a+2023-12-04-10h-35m-01s,ext1,b100,87,490,490,20252535,ok,1.0,auto,0.4181669394435352,0.014585503472222223,False,True,0.015338793745346191,0.007286241319444445,0.4181669394435352,0.014585503472222223,masks/TRI+52ca9b6a+2023-12-04-10h-35m-01s/ext1_f00087.png
TRI+52ca9b6a+2023-12-04-10h-35m-01s,ext2,b100,87,490,490,25947356,ok,1.0,auto,0.4881530537159676,0.0294921875,False,True,0.2790697674418605,0.02015625,0.4881530537159676,0.0294921875,masks/TRI+52ca9b6a+2023-12-04-10h-35m-01s/ext2_f00087.png
TRI+52ca9b6a+2023-12-04-10h-43m-15s,ext1,b050,58,202,202,28451778,ok,0.9629629629629629,auto,0.9298326601269475,0.009402126736111112,False,True,0.8763388510223953,0.0033430989583333333,0.9298326601269475,0.009402126736111112,masks/TRI+52ca9b6a+2023-12-04-10h-43m-15s/ext1_f00058.png
TRI+52ca9b6a+2023-12-04-10h-43m-15s,ext2,b050,58,202,202,28813166,ok,0.5,auto,0.857805068930227,0.018024088541666667,False,True,0.029649595687331498,0.0008051215277777778,0.857805068930227,0.018024088541666667,masks/TRI+52ca9b6a+2023-12-04-10h-43m-15s/ext2_f00058.png
TRI+52ca9b6a+2023-12-04-10h-43m-15s,ext1,b100,152,202,202,28451778,ok,1.0,auto,0.5129593364819721,0.009419487847222222,False,True,0.46948474237118565,0.008676215277777777,0.5129593364819721,0.009419487847222222,masks/TRI+52ca9b6a+2023-12-04-10h-43m-15s/ext1_f00152.png
TRI+52ca9b6a+2023-12-04-10h-43m-15s,ext2,b100,152,202,202,28813166,ok,1.0,auto,0.4442738716610377,0.010602213541666667,False,True,0.038796861377506486,0.004978298611111111,0.4442738716610377,0.010602213541666667,masks/TRI+52ca9b6a+2023-12-04-10h-43m-15s/ext2_f00152.png
TRI+52ca9b6a+2023-12-04-10h-52m-48s,ext1,b050,27,234,234,28451778,ok,0.9259259259259259,auto,0.8892175802946148,0.017973090277777777,False,True,0.0,1.953125e-05,0.8892175802946148,0.017973090277777777,masks/TRI+52ca9b6a+2023-12-04-10h-52m-48s/ext1_f00027.png
TRI+52ca9b6a+2023-12-04-10h-52m-48s,ext2,b050,27,234,234,28813166,ok,0.5185185185185185,auto,0.6583679114799447,0.016474609375,False,True,0.5923004558940589,0.014994574652777778,0.6583679114799447,0.016474609375,masks/TRI+52ca9b6a+2023-12-04-10h-52m-48s/ext2_f00027.png
TRI+52ca9b6a+2023-12-04-10h-52m-48s,ext1,b100,192,234,234,28451778,ok,1.0,auto,0.9582562442183163,0.009383680555555555,False,True,0.0,1.0850694444444444e-06,0.9582562442183163,0.009383680555555555,masks/TRI+52ca9b6a+2023-12-04-10h-52m-48s/ext1_f00192.png
TRI+52ca9b6a+2023-12-04-10h-52m-48s,ext2,b100,192,234,234,28813166,ok,1.0,auto,0.6237041621537985,0.014025607638888889,False,True,0.2023289665211062,0.00447265625,0.6237041621537985,0.014025607638888889,masks/TRI+52ca9b6a+2023-12-04-10h-52m-48s/ext2_f00192.png
TRI+52ca9b6a+2023-12-04-10h-56m-27s,ext2,b050,0,457,457,25947356,ok,1.0,auto,0.6280777151043065,0.012119140625,False,True,0.014705882352941124,0.002287326388888889,0.6280777151043065,0.012119140625,masks/TRI+52ca9b6a+2023-12-04-10h-56m-27s/ext2_f00000.png
TRI+52ca9b6a+2023-12-04-10h-56m-27s,ext1,b100,25,457,457,20252535,ok,1.0,auto,0.21358393848782575,0.007620442708333334,False,True,0.014446020895137357,0.016825086805555556,0.21358393848782575,0.007620442708333334,masks/TRI+52ca9b6a+2023-12-04-10h-56m-27s/ext1_f00025.png
TRI+52ca9b6a+2023-12-04-10h-56m-27s,ext2,b100,25,457,457,25947356,ok,1.0,auto,0.7872868217054263,0.006998697916666667,False,True,0.11002227171492207,0.004871961805555556,0.7872868217054263,0.006998697916666667,masks/TRI+52ca9b6a+2023-12-04-10h-56m-27s/ext2_f00025.png
TRI+52ca9b6a+2023-12-04-10h-57m-15s,ext1,b050,21,180,180,28451778,ok,1.0,auto,0.6584291187739464,0.0283203125,False,True,0.060495330897279764,0.002672526041666667,0.6584291187739464,0.0283203125,masks/TRI+52ca9b6a+2023-12-04-10h-57m-15s/ext1_f00021.png
TRI+52ca9b6a+2023-12-04-10h-57m-15s,ext2,b050,21,180,180,28813166,ok,0.5,auto,0.7315789473684211,0.011751302083333333,False,True,0.6668489156187352,0.011907552083333333,0.7315789473684211,0.011751302083333333,masks/TRI+52ca9b6a+2023-12-04-10h-57m-15s/ext2_f00021.png
TRI+52ca9b6a+2023-12-04-10h-57m-15s,ext1,b100,31,180,180,28451778,ok,1.0,auto,0.587955021917286,0.005693359375,False,True,0.0,0.0031488715277777778,0.587955021917286,0.005693359375,masks/TRI+52ca9b6a+2023-12-04-10h-57m-15s/ext1_f00031.png
TRI+52ca9b6a+2023-12-04-11h-00m-17s,ext1,b050,33,279,279,28451778,ok,1.0,auto,0.9098944477816872,0.012644314236111112,False,True,0.0,0.0023990885416666666,0.9098944477816872,0.012644314236111112,masks/TRI+52ca9b6a+2023-12-04-11h-00m-17s/ext1_f00033.png
TRI+52ca9b6a+2023-12-04-11h-00m-17s,ext2,b050,33,279,279,28813166,ok,0.5555555555555556,auto,0.4091500582151908,0.015843098958333333,False,True,0.03015642638284144,0.006728515625,0.4091500582151908,0.015843098958333333,masks/TRI+52ca9b6a+2023-12-04-11h-00m-17s/ext2_f00033.png
TRI+52ca9b6a+2023-12-04-11h-00m-17s,ext1,b100,40,279,279,28451778,ok,1.0,auto,0.9987024782665109,0.008362630208333333,False,True,0.0,0.0011610243055555556,0.9987024782665109,0.008362630208333333,masks/TRI+52ca9b6a+2023-12-04-11h-00m-17s/ext1_f00040.png
TRI+52ca9b6a+2023-12-04-11h-14m-34s,ext2,b050,0,383,383,25947356,ok,0.8703703703703703,auto,0.7499407161489211,0.009151475694444444,False,True,0.02341374417190356,0.010705295138888888,0.7499407161489211,0.009151475694444444,masks/TRI+52ca9b6a+2023-12-04-11h-14m-34s/ext2_f00000.png
TRI+52ca9b6a+2023-12-04-11h-14m-34s,ext2,b100,40,383,383,25947356,ok,1.0,auto,0.6425114278031729,0.008070746527777778,False,True,0.23054379680885706,0.016661241319444443,0.6425114278031729,0.008070746527777778,masks/TRI+52ca9b6a+2023-12-04-11h-14m-34s/ext2_f00040.png
TRI+52ca9b6a+2023-12-04-11h-14m-44s,ext1,b050,30,188,188,28451778,ok,0.9814814814814815,auto,0.6768468287455629,0.016201171875,False,True,0.0,0.002736545138888889,0.6768468287455629,0.016201171875,masks/TRI+52ca9b6a+2023-12-04-11h-14m-44s/ext1_f00030.png
TRI+52ca9b6a+2023-12-04-11h-14m-44s,ext2,b050,30,188,188,28813166,ok,0.5,auto,0.43986070184837933,0.008101128472222222,False,True,0.039552060995949434,0.004554036458333333,0.43986070184837933,0.008101128472222222,masks/TRI+52ca9b6a+2023-12-04-11h-14m-44s/ext2_f00030.png
TRI+52ca9b6a+2023-12-04-11h-35m-49s,ext2,b050,0,317,317,25947356,ok,0.9814814814814815,auto,0.3414070143191723,0.036600477430555556,False,True,0.00018871485185889547,0.017249348958333334,0.3414070143191723,0.036600477430555556,masks/TRI+52ca9b6a+2023-12-04-11h-35m-49s/ext2_f00000.png
TRI+52ca9b6a+2023-12-04-11h-35m-49s,ext2,b100,25,317,317,25947356,ok,1.0,auto,1.0,0.005807291666666666,False,True,0.0,0.006185980902777778,1.0,0.005807291666666666,masks/TRI+52ca9b6a+2023-12-04-11h-35m-49s/ext2_f00025.png
TRI+52ca9b6a+2023-12-04-11h-47m-04s,ext1,b050,0,149,149,28451778,ok,0.9629629629629629,auto,0.2759829409359117,0.018573133680555555,False,True,0.24708960104643563,0.016590711805555554,0.2759829409359117,0.018573133680555555,masks/TRI+52ca9b6a+2023-12-04-11h-47m-04s/ext1_f00000.png
TRI+52ca9b6a+2023-12-04-11h-47m-04s,ext1,b100,7,149,149,28451778,ok,1.0,auto,0.5649141630901288,0.018203125,False,True,0.5671126185541109,0.017275390625,0.5649141630901288,0.018203125,masks/TRI+52ca9b6a+2023-12-04-11h-47m-04s/ext1_f00007.png
TRI+52ca9b6a+2023-12-04-11h-52m-52s,ext1,b050,0,265,265,28451778,ok,1.0,auto,0.21138307984790872,0.01826388888888889,False,True,0.15923418164837733,0.023236762152777778,0.21138307984790872,0.01826388888888889,masks/TRI+52ca9b6a+2023-12-04-11h-52m-52s/ext1_f00000.png
TRI+52ca9b6a+2023-12-04-13h-15m-16s,ext1,b050,0,557,557,20252535,ok,0.9259259259259259,auto,0.9325294550810015,0.011788194444444445,False,True,0.004245283018867951,0.0069010416666666664,0.9325294550810015,0.011788194444444445,masks/TRI+52ca9b6a+2023-12-04-13h-15m-16s/ext1_f00000.png
TRI+52ca9b6a+2023-12-04-13h-15m-16s,ext2,b050,0,557,557,25947356,ok,1.0,auto,0.31869179438292883,0.01479709201388889,False,True,0.2519503351280079,0.009875217013888889,0.31869179438292883,0.01479709201388889,masks/TRI+52ca9b6a+2023-12-04-13h-15m-16s/ext2_f00000.png
TRI+52ca9b6a+2023-12-04-13h-15m-16s,ext1,b100,17,557,557,20252535,ok,1.0,auto,1.0,0.008595920138888888,False,True,0.0,0.008953993055555555,1.0,0.008595920138888888,masks/TRI+52ca9b6a+2023-12-04-13h-15m-16s/ext1_f00017.png
TRI+52ca9b6a+2023-12-04-13h-15m-16s,ext2,b100,17,557,557,25947356,ok,1.0,auto,0.6365478984425006,0.020342881944444443,False,True,0.3561195251739664,0.007952473958333333,0.6365478984425006,0.020342881944444443,masks/TRI+52ca9b6a+2023-12-04-13h-15m-16s/ext2_f00017.png
TRI+52ca9b6a+2023-12-04-13h-43m-16s,ext1,b050,0,224,224,28451778,ok,0.6666666666666666,auto,1.0,0.005085720486111111,False,True,0.0,0.022360026041666668,1.0,0.005085720486111111,masks/TRI+52ca9b6a+2023-12-04-13h-43m-16s/ext1_f00000.png
TRI+52ca9b6a+2023-12-04-13h-49m-09s,ext1,b050,0,186,186,28451778,ok,0.8518518518518519,auto,1.0,0.008689236111111111,False,True,0.0,0.016827256944444445,1.0,0.008689236111111111,masks/TRI+52ca9b6a+2023-12-04-13h-49m-09s/ext1_f00000.png
TRI+52ca9b6a+2023-12-04-14h-19m-03s,ext1,b050,13,627,627,28451778,ok,0.5,auto,1.0,0.0015711805555555555,False,True,0.0,0.0030479600694444443,1.0,0.0015711805555555555,masks/TRI+52ca9b6a+2023-12-04-14h-19m-03s/ext1_f00013.png
TRI+52ca9b6a+2023-12-04-14h-30m-52s,ext1,b050,0,531,531,28451778,ok,0.9444444444444444,auto,1.0,0.0012717013888888888,False,True,0.0,0.011050347222222222,1.0,0.0012717013888888888,masks/TRI+52ca9b6a+2023-12-04-14h-30m-52s/ext1_f00000.png
TRI+52ca9b6a+2023-12-04-16h-29m-10s,ext1,b050,0,232,232,28451778,ok,0.6666666666666666,auto,0.9951677089255259,0.0038172743055555555,False,True,0.0,0.005115017361111111,0.9951677089255259,0.0038172743055555555,masks/TRI+52ca9b6a+2023-12-04-16h-29m-10s/ext1_f00000.png
TRI+52ca9b6a+2023-12-04-16h-29m-10s,ext2,b050,0,232,232,28813166,ok,0.8888888888888888,auto,1.0,0.00992404513888889,False,True,0.9991524397626831,0.008961588541666666,1.0,0.00992404513888889,masks/TRI+52ca9b6a+2023-12-04-16h-29m-10s/ext2_f00000.png
TRI+52ca9b6a+2023-12-04-16h-29m-10s,ext1,b100,15,232,232,28451778,ok,1.0,auto,0.46282140375260594,0.003122829861111111,False,True,0.0063131313131312705,0.00171875,0.46282140375260594,0.003122829861111111,masks/TRI+52ca9b6a+2023-12-04-16h-29m-10s/ext1_f00015.png
TRI+52ca9b6a+2023-12-04-16h-29m-10s,ext2,b100,15,232,232,28813166,ok,1.0,auto,1.0,0.006985677083333333,False,True,0.12297181895815545,0.005082465277777778,1.0,0.006985677083333333,masks/TRI+52ca9b6a+2023-12-04-16h-29m-10s/ext2_f00015.png
TRI+52ca9b6a+2023-12-04-16h-36m-11s,ext1,b050,0,180,180,28451778,ok,0.8333333333333334,auto,1.0,0.0012282986111111112,False,True,0.31368290412659017,0.0034971788194444442,1.0,0.0012282986111111112,masks/TRI+52ca9b6a+2023-12-04-16h-36m-11s/ext1_f00000.png
TRI+52ca9b6a+2023-12-04-16h-36m-11s,ext2,b050,0,180,180,28813166,ok,1.0,auto,1.0,0.018108723958333333,False,True,0.9981433645463351,0.013441840277777778,1.0,0.018108723958333333,masks/TRI+52ca9b6a+2023-12-04-16h-36m-11s/ext2_f00000.png
TRI+52ca9b6a+2023-12-04-16h-36m-11s,ext1,b100,15,180,180,28451778,ok,1.0,auto,0.632528975869276,0.005710720486111111,False,True,0.053393213572854314,0.0021744791666666666,0.632528975869276,0.005710720486111111,masks/TRI+52ca9b6a+2023-12-04-16h-36m-11s/ext1_f00015.png
TRI+52ca9b6a+2023-12-04-16h-36m-11s,ext2,b100,15,180,180,28813166,ok,1.0,auto,1.0,0.01408203125,False,True,0.8092681722818709,0.017584635416666668,1.0,0.01408203125,masks/TRI+52ca9b6a+2023-12-04-16h-36m-11s/ext2_f00015.png
TRI+52ca9b6a+2023-12-04-17h-10m-11s,ext2,b050,19,485,485,25947356,ok,0.5,auto,0.6838084845178012,0.007954644097222222,False,True,0.0,0.025732421875,0.6838084845178012,0.007954644097222222,masks/TRI+52ca9b6a+2023-12-04-17h-10m-11s/ext2_f00019.png
TRI+52ca9b6a+2023-12-04-17h-10m-11s,ext2,b100,29,485,485,25947356,ok,1.0,auto,0.2192319603592443,0.03503689236111111,False,True,0.0,0.03285590277777778,0.2192319603592443,0.03503689236111111,masks/TRI+52ca9b6a+2023-12-04-17h-10m-11s/ext2_f00029.png
TRI+52ca9b6a+2023-12-04-17h-56m-11s,ext2,b050,0,230,230,28813166,ok,1.0,auto,0.3751577088064597,0.017200520833333333,False,True,0.0975871837452379,0.011107855902777778,0.3751577088064597,0.017200520833333333,masks/TRI+52ca9b6a+2023-12-04-17h-56m-11s/ext2_f00000.png
TRI+52ca9b6a+2023-12-05-10h-44m-25s,ext1,b050,0,196,196,20252535,ok,1.0,auto,0.32957321827727815,0.02087348090277778,False,True,0.0945183765252332,0.029434678819444445,0.32957321827727815,0.02087348090277778,masks/TRI+52ca9b6a+2023-12-05-10h-44m-25s/ext1_f00000.png
TRI+52ca9b6a+2023-12-05-10h-44m-25s,ext2,b050,0,196,196,25947356,ok,0.7777777777777778,auto,0.4852212226913898,0.005910373263888889,False,True,0.00527704485488123,0.002467447916666667,0.4852212226913898,0.005910373263888889,masks/TRI+52ca9b6a+2023-12-05-10h-44m-25s/ext2_f00000.png
TRI+52ca9b6a+2023-12-05-10h-44m-25s,ext1,b100,61,196,196,20252535,ok,1.0,auto,0.999603410668253,0.0054720052083333335,False,True,0.02052597819114821,0.001691623263888889,0.999603410668253,0.0054720052083333335,masks/TRI+52ca9b6a+2023-12-05-10h-44m-25s/ext1_f00061.png
TRI+52ca9b6a+2023-12-05-10h-44m-25s,ext2,b100,61,196,196,25947356,ok,1.0,auto,0.6299203091040811,0.008986545138888889,False,True,0.5682699767261443,0.005594618055555556,0.6299203091040811,0.008986545138888889,masks/TRI+52ca9b6a+2023-12-05-10h-44m-25s/ext2_f00061.png
TRI+52ca9b6a+2023-12-05-10h-48m-00s,ext1,b050,0,328,328,20252535,ok,1.0,auto,0.4920481725483614,0.025858289930555556,False,True,0.02309644670050759,0.017100694444444446,0.4920481725483614,0.025858289930555556,masks/TRI+52ca9b6a+2023-12-05-10h-48m-00s/ext1_f00000.png
TRI+52ca9b6a+2023-12-05-10h-48m-00s,ext2,b050,0,328,328,25947356,ok,0.5,auto,0.5653109112240907,0.005549045138888889,False,True,0.0,0.009530164930555555,0.5653109112240907,0.005549045138888889,masks/TRI+52ca9b6a+2023-12-05-10h-48m-00s/ext2_f00000.png
TRI+52ca9b6a+2023-12-05-10h-48m-00s,ext1,b100,44,328,328,20252535,ok,1.0,auto,0.90169889945507,0.010155164930555556,False,True,0.4131244381661744,0.00844943576388889,0.90169889945507,0.010155164930555556,masks/TRI+52ca9b6a+2023-12-05-10h-48m-00s/ext1_f00044.png
TRI+52ca9b6a+2023-12-05-10h-48m-00s,ext2,b100,44,328,328,25947356,ok,1.0,auto,0.39395995928062433,0.006395399305555555,False,True,0.16242362525458254,0.004262152777777778,0.39395995928062433,0.006395399305555555,masks/TRI+52ca9b6a+2023-12-05-10h-48m-00s/ext2_f00044.png
TRI+52ca9b6a+2023-12-05-11h-32m-18s,ext1,b050,23,424,424,20252535,ok,1.0,auto,0.8825729971335569,0.022333984375,False,True,0.01735691530264749,0.009877387152777778,0.8825729971335569,0.022333984375,masks/TRI+52ca9b6a+2023-12-05-11h-32m-18s/ext1_f00023.png
TRI+52ca9b6a+2023-12-05-11h-32m-18s,ext2,b050,23,424,424,25947356,ok,0.5,auto,0.620544269835186,0.0056618923611111115,False,True,0.6184930545811702,0.007733289930555555,0.620544269835186,0.0056618923611111115,masks/TRI+52ca9b6a+2023-12-05-11h-32m-18s/ext2_f00023.png
TRI+52ca9b6a+2023-12-05-11h-32m-18s,ext1,b100,65,424,424,20252535,ok,1.0,auto,0.999690364131781,0.01752170138888889,False,True,0.730855315747402,0.0271484375,0.999690364131781,0.01752170138888889,masks/TRI+52ca9b6a+2023-12-05-11h-32m-18s/ext1_f00065.png
TRI+52ca9b6a+2023-12-05-11h-32m-18s,ext2,b100,65,424,424,25947356,ok,1.0,auto,0.48543439030678015,0.004208984375,False,True,0.0,0.001357421875,0.48543439030678015,0.004208984375,masks/TRI+52ca9b6a+2023-12-05-11h-32m-18s/ext2_f00065.png
TRI+52ca9b6a+2023-12-05-15h-26m-04s,ext1,b050,12,202,202,28451778,ok,0.5370370370370371,auto,1.0,0.0023784722222222224,False,True,0.0,0.0026161024305555555,1.0,0.0023784722222222224,masks/TRI+52ca9b6a+2023-12-05-15h-26m-04s/ext1_f00012.png
TRI+52ca9b6a+2023-12-05-15h-26m-04s,ext2,b050,12,202,202,28813166,ok,1.0,auto,0.680939226519337,0.014140625,False,True,0.359300614558989,0.025071614583333332,0.680939226519337,0.014140625,masks/TRI+52ca9b6a+2023-12-05-15h-26m-04s/ext2_f00012.png
TRI+52ca9b6a+2023-12-05-15h-26m-04s,ext2,b100,17,202,202,28813166,ok,1.0,auto,0.5730870712401055,0.010281032986111112,False,True,0.09334260385885629,0.006242404513888889,0.5730870712401055,0.010281032986111112,masks/TRI+52ca9b6a+2023-12-05-15h-26m-04s/ext2_f00017.png
TRI+52ca9b6a+2023-12-05-16h-22m-37s,ext1,b050,0,111,111,20252535,ok,1.0,auto,0.7813418530351438,0.016981336805555556,False,True,0.7826475279106858,0.017008463541666668,0.7813418530351438,0.016981336805555556,masks/TRI+52ca9b6a+2023-12-05-16h-22m-37s/ext1_f00000.png
TRI+52ca9b6a+2023-12-05-16h-30m-12s,ext1,b050,0,161,161,20252535,ok,1.0,auto,0.8652956298200514,0.012662760416666667,False,True,0.8646329837940896,0.012520616319444445,0.8652956298200514,0.012662760416666667,masks/TRI+52ca9b6a+2023-12-05-16h-30m-12s/ext1_f00000.png
TRI+52ca9b6a+2023-12-05-17h-02m-07s,ext1,b050,30,202,202,28451778,ok,0.5370370370370371,auto,1.0,0.04498155381944444,False,True,0.0,0.029887152777777776,1.0,0.04498155381944444,masks/TRI+52ca9b6a+2023-12-05-17h-02m-07s/ext1_f00030.png
TRI+52ca9b6a+2023-12-05-17h-34m-55s,ext1,b050,0,398,398,20252535,ok,1.0,auto,0.8711793440334962,0.007774522569444445,False,True,0.8784694152519537,0.008053385416666666,0.8711793440334962,0.007774522569444445,masks/TRI+52ca9b6a+2023-12-05-17h-34m-55s/ext1_f00000.png
TRI+52ca9b6a+2023-12-05-17h-34m-55s,ext2,b050,0,398,398,25947356,ok,1.0,auto,0.848801928257479,0.03826497395833333,False,True,0.6843831278977722,0.028785807291666667,0.848801928257479,0.03826497395833333,masks/TRI+52ca9b6a+2023-12-05-17h-34m-55s/ext2_f00000.png
TRI+52ca9b6a+2023-12-06-16h-23m-38s,ext2,b050,0,187,187,25947356,ok,0.5185185185185185,box(auto empty),nan,0.0,True,False,0.0,0.014753689236111112,0.0,0.014753689236111112,masks/TRI+52ca9b6a+2023-12-06-16h-23m-38s/ext2_f00000.png
TRI+52ca9b6a+2023-12-06-16h-34m-40s,ext2,b050,0,159,159,25947356,ok,0.5185185185185185,auto,1.0,0.003669704861111111,False,True,0.0,0.005855034722222222,1.0,0.003669704861111111,masks/TRI+52ca9b6a+2023-12-06-16h-34m-40s/ext2_f00000.png
TRI+52ca9b6a+2023-12-06-16h-34m-40s,ext1,b100,41,159,159,20252535,ok,1.0,auto,0.7883273618706392,0.011508246527777778,False,True,0.4341557193207305,0.006773003472222222,0.7883273618706392,0.011508246527777778,masks/TRI+52ca9b6a+2023-12-06-16h-34m-40s/ext1_f00041.png
TRI+52ca9b6a+2023-12-06-17h-15m-11s,ext2,b050,0,354,354,25947356,ok,0.9814814814814815,auto,0.7484276729559749,0.000517578125,False,True,0.0,0.011337890625,0.7484276729559749,0.000517578125,masks/TRI+52ca9b6a+2023-12-06-17h-15m-11s/ext2_f00000.png
TRI+52ca9b6a+2023-12-06-17h-15m-11s,ext2,b100,3,354,354,25947356,ok,1.0,auto,0.9911242603550295,0.0066015625,False,True,0.0,0.013230251736111111,0.9911242603550295,0.0066015625,masks/TRI+52ca9b6a+2023-12-06-17h-15m-11s/ext2_f00003.png
TRI+52ca9b6a+2023-12-07-11h-06m-13s,ext2,b050,0,395,395,25947356,ok,1.0,auto,0.3513306189886115,0.018388671875,False,True,0.31016480060384954,0.01725043402777778,0.3513306189886115,0.018388671875,masks/TRI+52ca9b6a+2023-12-07-11h-06m-13s/ext2_f00000.png
TRI+52ca9b6a+2023-12-07-11h-09m-02s,ext2,b050,0,464,464,25947356,ok,0.6481481481481481,auto,0.6025872123846888,0.010233289930555556,False,True,0.39224137931034486,0.004782986111111111,0.6025872123846888,0.010233289930555556,masks/TRI+52ca9b6a+2023-12-07-11h-09m-02s/ext2_f00000.png
TRI+52ca9b6a+2023-12-07-11h-09m-02s,ext2,b100,17,464,464,25947356,ok,1.0,auto,0.818366931378538,0.010657552083333334,False,True,0.8193568400372246,0.010493706597222222,0.818366931378538,0.010657552083333334,masks/TRI+52ca9b6a+2023-12-07-11h-09m-02s/ext2_f00017.png
TRI+52ca9b6a+2023-12-07-11h-21m-20s,ext2,b050,0,213,213,25947356,ok,1.0,auto,0.8443268733107137,0.018868272569444445,False,True,0.6419927909371781,0.008428819444444444,0.8443268733107137,0.018868272569444445,masks/TRI+52ca9b6a+2023-12-07-11h-21m-20s/ext2_f00000.png
TRI+52ca9b6a+2023-12-07-12h-11m-13s,ext2,b050,0,202,202,25947356,ok,0.7407407407407407,auto,0.4600532623169108,0.024446614583333335,False,True,0.018514046526603933,0.013479817708333333,0.4600532623169108,0.024446614583333335,masks/TRI+52ca9b6a+2023-12-07-12h-11m-13s/ext2_f00000.png
TRI+52ca9b6a+2023-12-07-12h-11m-13s,ext2,b100,34,202,202,25947356,ok,1.0,auto,0.2658521171266063,0.015452473958333334,False,True,0.23303298939107686,0.014932725694444444,0.2658521171266063,0.015452473958333334,masks/TRI+52ca9b6a+2023-12-07-12h-11m-13s/ext2_f00034.png
TRI+52ca9b6a+2023-12-07-13h-20m-49s,ext2,b050,0,228,228,25947356,ok,0.8333333333333334,auto,1.0,0.0074555121527777775,False,True,1.0,0.005074869791666666,1.0,0.0074555121527777775,masks/TRI+52ca9b6a+2023-12-07-13h-20m-49s/ext2_f00000.png
TRI+52ca9b6a+2023-12-07-13h-20m-49s,ext1,b100,23,228,228,20252535,ok,1.0,auto,0.4672082425203091,0.010952690972222222,False,True,0.44378875775155036,0.010848524305555555,0.4672082425203091,0.010952690972222222,masks/TRI+52ca9b6a+2023-12-07-13h-20m-49s/ext1_f00023.png
TRI+52ca9b6a+2023-12-07-13h-20m-49s,ext2,b100,23,228,228,25947356,ok,1.0,auto,1.0,0.006131727430555556,False,True,1.0,0.005981987847222222,1.0,0.006131727430555556,masks/TRI+52ca9b6a+2023-12-07-13h-20m-49s/ext2_f00023.png
TRI+52ca9b6a+2023-12-07-17h-33m-13s,ext2,b050,0,129,129,25947356,ok,0.6296296296296297,auto,0.2567583520245543,0.027574869791666668,False,True,0.00015735022225715767,0.02758355034722222,0.2567583520245543,0.027574869791666668,masks/TRI+52ca9b6a+2023-12-07-17h-33m-13s/ext2_f00000.png
TRI+52ca9b6a+2023-12-11-11h-52m-46s,ext1,b100,35,193,193,28451778,ok,1.0,auto,0.9691415007253066,0.008228081597222223,False,True,0.05495689655172409,0.002013888888888889,0.9691415007253066,0.008228081597222223,masks/TRI+52ca9b6a+2023-12-11-11h-52m-46s/ext1_f00035.png
TRI+52ca9b6a+2023-12-11-17h-25m-44s,ext2,b050,0,191,191,25947356,ok,0.8148148148148148,auto,1.0,0.019097222222222224,False,True,0.0,0.0007237413194444445,1.0,0.019097222222222224,masks/TRI+52ca9b6a+2023-12-11-17h-25m-44s/ext2_f00000.png
TRI+52ca9b6a+2023-12-11-17h-25m-44s,ext2,b100,23,191,191,25947356,ok,1.0,auto,1.0,0.01924587673611111,False,True,0.0008244023083264773,0.001316189236111111,1.0,0.01924587673611111,masks/TRI+52ca9b6a+2023-12-11-17h-25m-44s/ext2_f00023.png
TRI+52ca9b6a+2023-12-12-11h-01m-36s,ext2,b050,0,606,606,28813166,ok,0.8703703703703703,auto,1.0,0.011456163194444445,False,True,0.9641911115471402,0.011060112847222222,1.0,0.011456163194444445,masks/TRI+52ca9b6a+2023-12-12-11h-01m-36s/ext2_f00000.png
TRI+52ca9b6a+2023-12-12-11h-27m-24s,ext1,b050,0,477,477,20252535,ok,1.0,auto,0.2387934375403694,0.01679904513888889,False,True,0.0,0.006522352430555556,0.2387934375403694,0.01679904513888889,masks/TRI+52ca9b6a+2023-12-12-11h-27m-24s/ext1_f00000.png
TRI+52ca9b6a+2023-12-12-13h-44m-43s,ext2,b050,0,219,219,25947356,ok,1.0,auto,1.0,0.008101128472222222,False,True,1.0,0.008483072916666667,1.0,0.008101128472222222,masks/TRI+52ca9b6a+2023-12-12-13h-44m-43s/ext2_f00000.png
TRI+52ca9b6a+2023-12-12-13h-48m-19s,ext2,b050,0,235,235,25947356,ok,1.0,auto,1.0,0.017235243055555554,False,True,0.980927552140505,0.00790798611111111,1.0,0.017235243055555554,masks/TRI+52ca9b6a+2023-12-12-13h-48m-19s/ext2_f00000.png
TRI+52ca9b6a+2023-12-12-14h-03m-06s,ext2,b050,0,163,163,25947356,ok,1.0,auto,1.0,0.019912109375,False,True,1.0,0.014541015625,1.0,0.019912109375,masks/TRI+52ca9b6a+2023-12-12-14h-03m-06s/ext2_f00000.png
TRI+52ca9b6a+2023-12-12-17h-07m-52s,ext1,b050,0,338,338,20252535,ok,1.0,auto,1.0,0.011680772569444444,False,True,1.0,0.00909396701388889,1.0,0.011680772569444444,masks/TRI+52ca9b6a+2023-12-12-17h-07m-52s/ext1_f00000.png
TRI+52ca9b6a+2023-12-13-11h-40m-04s,ext1,b050,0,140,140,20252535,ok,1.0,auto,0.9569440552909312,0.011617838541666667,False,True,0.9580069831084269,0.011498480902777778,0.9569440552909312,0.011617838541666667,masks/TRI+52ca9b6a+2023-12-13-11h-40m-04s/ext1_f00000.png
TRI+52ca9b6a+2023-12-13-11h-40m-04s,ext2,b050,0,140,140,25947356,ok,1.0,auto,1.0,0.018056640625,False,True,1.0,0.017870008680555556,1.0,0.018056640625,masks/TRI+52ca9b6a+2023-12-13-11h-40m-04s/ext2_f00000.png
TRI+52ca9b6a+2023-12-13-11h-42m-06s,ext1,b050,0,220,220,20252535,ok,1.0,auto,0.7924866310160428,0.040581597222222224,False,True,0.7771312780431321,0.03748372395833333,0.7924866310160428,0.040581597222222224,masks/TRI+52ca9b6a+2023-12-13-11h-42m-06s/ext1_f00000.png
TRI+52ca9b6a+2023-12-13-11h-42m-06s,ext2,b050,0,220,220,25947356,ok,1.0,auto,1.0,0.015150824652777778,False,True,0.7122413793103448,0.018880208333333332,1.0,0.015150824652777778,masks/TRI+52ca9b6a+2023-12-13-11h-42m-06s/ext2_f00000.png
TRI+52ca9b6a+2023-12-13-11h-50m-24s,ext1,b050,0,272,272,20252535,ok,0.9629629629629629,auto,0.9643690349946977,0.015348307291666667,False,True,0.9644316100859276,0.015405815972222223,0.9643690349946977,0.015348307291666667,masks/TRI+52ca9b6a+2023-12-13-11h-50m-24s/ext1_f00000.png
TRI+52ca9b6a+2023-12-13-11h-50m-24s,ext2,b050,0,272,272,25947356,ok,1.0,auto,1.0,0.013817274305555556,False,True,1.0,0.013075086805555556,1.0,0.013817274305555556,masks/TRI+52ca9b6a+2023-12-13-11h-50m-24s/ext2_f00000.png
TRI+52ca9b6a+2023-12-13-11h-50m-24s,ext1,b100,131,272,272,20252535,ok,1.0,auto,1.0,0.007700737847222222,False,True,1.0,0.004774305555555556,1.0,0.007700737847222222,masks/TRI+52ca9b6a+2023-12-13-11h-50m-24s/ext1_f00131.png
TRI+52ca9b6a+2023-12-13-11h-50m-24s,ext2,b100,131,272,272,25947356,ok,1.0,auto,1.0,0.005260416666666667,False,True,1.0,0.0025206163194444442,1.0,0.005260416666666667,masks/TRI+52ca9b6a+2023-12-13-11h-50m-24s/ext2_f00131.png
TRI+52ca9b6a+2023-12-13-11h-54m-21s,ext1,b050,0,412,412,20252535,ok,0.9814814814814815,auto,1.0,0.010679253472222223,False,True,1.0,0.01032986111111111,1.0,0.010679253472222223,masks/TRI+52ca9b6a+2023-12-13-11h-54m-21s/ext1_f00000.png
TRI+52ca9b6a+2023-12-13-11h-54m-21s,ext2,b050,0,412,412,25947356,ok,1.0,auto,1.0,0.005524088541666666,False,True,1.0,0.00572265625,1.0,0.005524088541666666,masks/TRI+52ca9b6a+2023-12-13-11h-54m-21s/ext2_f00000.png
TRI+52ca9b6a+2023-12-13-11h-54m-21s,ext1,b100,7,412,412,20252535,ok,1.0,auto,1.0,0.010330946180555555,False,True,1.0,0.010082465277777777,1.0,0.010330946180555555,masks/TRI+52ca9b6a+2023-12-13-11h-54m-21s/ext1_f00007.png
TRI+52ca9b6a+2023-12-13-11h-54m-21s,ext2,b100,7,412,412,25947356,ok,1.0,auto,1.0,0.015104166666666667,False,True,1.0,0.011009114583333333,1.0,0.015104166666666667,masks/TRI+52ca9b6a+2023-12-13-11h-54m-21s/ext2_f00007.png
TRI+52ca9b6a+2023-12-13-11h-57m-18s,ext1,b050,0,166,166,28451778,ok,1.0,auto,1.0,0.01562717013888889,False,True,1.0,0.014070095486111111,1.0,0.01562717013888889,masks/TRI+52ca9b6a+2023-12-13-11h-57m-18s/ext1_f00000.png
TRI+52ca9b6a+2023-12-13-11h-57m-18s,ext2,b050,0,166,166,28813166,ok,1.0,auto,1.0,0.017588975694444446,False,True,1.0,0.010823567708333334,1.0,0.017588975694444446,masks/TRI+52ca9b6a+2023-12-13-11h-57m-18s/ext2_f00000.png
TRI+52ca9b6a+2023-12-13-13h-46m-32s,ext2,b050,0,498,498,25947356,ok,1.0,auto,0.2389555105642942,0.020901692708333332,False,True,0.043854100780096994,0.015439453125,0.2389555105642942,0.020901692708333332,masks/TRI+52ca9b6a+2023-12-13-13h-46m-32s/ext2_f00000.png
TRI+52ca9b6a+2023-12-13-14h-01m-29s,ext1,b050,0,245,245,28451778,ok,0.9444444444444444,auto,0.45183925154156923,0.005103081597222222,False,True,0.2898519163763066,0.004982638888888889,0.45183925154156923,0.005103081597222222,masks/TRI+52ca9b6a+2023-12-13-14h-01m-29s/ext1_f00000.png
TRI+52ca9b6a+2023-12-13-14h-01m-29s,ext2,b050,0,245,245,28813166,ok,1.0,auto,1.0,0.001904296875,False,True,0.9703624352794143,0.006077473958333334,1.0,0.001904296875,masks/TRI+52ca9b6a+2023-12-13-14h-01m-29s/ext2_f00000.png
TRI+52ca9b6a+2023-12-13-14h-01m-29s,ext1,b100,17,245,245,28451778,ok,1.0,auto,0.9757266542980829,0.03509114583333333,False,True,0.6456692913385826,0.009095052083333333,0.9757266542980829,0.03509114583333333,masks/TRI+52ca9b6a+2023-12-13-14h-01m-29s/ext1_f00017.png
TRI+52ca9b6a+2023-12-13-14h-01m-29s,ext2,b100,17,245,245,28813166,ok,1.0,auto,1.0,0.007198350694444445,False,True,0.31712200477943553,0.016800130208333333,1.0,0.007198350694444445,masks/TRI+52ca9b6a+2023-12-13-14h-01m-29s/ext2_f00017.png
TRI+52ca9b6a+2023-12-13-14h-36m-13s,ext1,b050,0,533,533,28451778,ok,0.6666666666666666,auto,1.0,0.015767144097222224,False,True,0.1939174107142857,0.0038888888888888888,1.0,0.015767144097222224,masks/TRI+52ca9b6a+2023-12-13-14h-36m-13s/ext1_f00000.png
TRI+52ca9b6a+2023-12-13-14h-36m-13s,ext2,b050,0,533,533,28813166,ok,0.5740740740740741,auto,1.0,0.006815321180555556,False,True,1.0,0.006205512152777778,1.0,0.006815321180555556,masks/TRI+52ca9b6a+2023-12-13-14h-36m-13s/ext2_f00000.png
TRI+52ca9b6a+2023-12-13-14h-36m-13s,ext1,b100,93,533,533,28451778,ok,1.0,auto,1.0,0.008250868055555555,False,True,1.0,0.0029405381944444444,1.0,0.008250868055555555,masks/TRI+52ca9b6a+2023-12-13-14h-36m-13s/ext1_f00093.png
TRI+52ca9b6a+2023-12-13-14h-36m-13s,ext2,b100,93,533,533,28813166,ok,1.0,auto,1.0,0.011355251736111112,False,True,0.14914193609557225,0.011444227430555556,1.0,0.011355251736111112,masks/TRI+52ca9b6a+2023-12-13-14h-36m-13s/ext2_f00093.png
TRI+52ca9b6a+2023-12-13-16h-50m-17s,ext1,b050,0,126,126,20252535,ok,1.0,auto,0.2976543800861656,0.011333550347222223,False,True,0.20985442329227322,0.00968967013888889,0.2976543800861656,0.011333550347222223,masks/TRI+52ca9b6a+2023-12-13-16h-50m-17s/ext1_f00000.png
TRI+52ca9b6a+2023-12-13-17h-09m-31s,ext1,b050,0,173,173,20252535,ok,1.0,auto,0.517901748542881,0.010425347222222223,False,True,0.4818765771966047,0.009459635416666667,0.517901748542881,0.010425347222222223,masks/TRI+52ca9b6a+2023-12-13-17h-09m-31s/ext1_f00000.png
TRI+52ca9b6a+2024-01-02-10h-50m-22s,ext2,b050,10,218,218,25947356,ok,0.5,auto,0.9902536272012404,0.009797092013888889,False,True,0.10908701243034724,0.005062934027777778,0.9902536272012404,0.009797092013888889,masks/TRI+52ca9b6a+2024-01-02-10h-50m-22s/ext2_f00010.png
TRI+52ca9b6a+2024-01-02-10h-50m-22s,ext2,b100,17,218,218,25947356,ok,1.0,auto,0.9997103967564437,0.011240234375,False,True,0.603022853500865,0.023834635416666666,0.9997103967564437,0.011240234375,masks/TRI+52ca9b6a+2024-01-02-10h-50m-22s/ext2_f00017.png
TRI+52ca9b6a+2024-01-02-10h-53m-50s,ext2,b050,0,242,242,25947356,ok,1.0,auto,0.526828146558332,0.014155815972222222,False,True,0.4333581533879375,0.018944227430555554,0.526828146558332,0.014155815972222222,masks/TRI+52ca9b6a+2024-01-02-10h-53m-50s/ext2_f00000.png
TRI+52ca9b6a+2024-01-02-11h-12m-13s,ext2,b050,0,187,187,28813166,ok,1.0,auto,1.0,0.010404730902777777,False,True,0.0,0.0015874565972222223,1.0,0.010404730902777777,masks/TRI+52ca9b6a+2024-01-02-11h-12m-13s/ext2_f00000.png
TRI+52ca9b6a+2024-01-02-11h-29m-36s,ext2,b050,0,350,350,28813166,ok,1.0,auto,1.0,0.008206380208333334,False,True,0.0,0.0112890625,1.0,0.008206380208333334,masks/TRI+52ca9b6a+2024-01-02-11h-29m-36s/ext2_f00000.png
TRI+52ca9b6a+2024-01-02-11h-30m-10s,ext2,b050,0,325,325,28813166,ok,1.0,auto,1.0,0.00546875,False,True,0.0,0.0029524739583333334,1.0,0.00546875,masks/TRI+52ca9b6a+2024-01-02-11h-30m-10s/ext2_f00000.png
TRI+52ca9b6a+2024-01-02-11h-30m-10s,ext2,b100,16,325,325,28813166,ok,1.0,auto,1.0,0.005558810763888889,False,True,0.0,0.000693359375,1.0,0.005558810763888889,masks/TRI+52ca9b6a+2024-01-02-11h-30m-10s/ext2_f00016.png
TRI+52ca9b6a+2024-01-02-11h-51m-36s,ext1,b050,0,369,369,28451778,ok,1.0,auto,0.2702014611467788,0.019605034722222223,False,True,7.64818355640795e-05,0.014187282986111112,0.2702014611467788,0.019605034722222223,masks/TRI+52ca9b6a+2024-01-02-11h-51m-36s/ext1_f00000.png
TRI+52ca9b6a+2024-01-02-11h-51m-36s,ext2,b050,0,369,369,28813166,ok,1.0,auto,0.9927077842206994,0.012350260416666667,False,True,0.24086603518267935,0.0008018663194444445,0.9927077842206994,0.012350260416666667,masks/TRI+52ca9b6a+2024-01-02-11h-51m-36s/ext2_f00000.png
TRI+52ca9b6a+2024-01-02-11h-54m-36s,ext1,b050,0,149,149,28451778,ok,1.0,auto,0.9556934622600664,0.05262912326388889,False,True,0.0,0.005018446180555556,0.9556934622600664,0.05262912326388889,masks/TRI+52ca9b6a+2024-01-02-11h-54m-36s/ext1_f00000.png
TRI+52ca9b6a+2024-01-02-11h-54m-36s,ext2,b050,0,149,149,28813166,ok,1.0,auto,1.0,0.009650607638888888,False,True,0.020487664117731952,0.007520616319444445,1.0,0.009650607638888888,masks/TRI+52ca9b6a+2024-01-02-11h-54m-36s/ext2_f00000.png
TRI+52ca9b6a+2024-01-02-12h-23m-25s,ext2,b050,0,496,496,25947356,ok,0.8333333333333334,auto,0.9391047489206998,0.0191015625,False,True,0.9220232357566841,0.021387803819444443,0.9391047489206998,0.0191015625,masks/TRI+52ca9b6a+2024-01-02-12h-23m-25s/ext2_f00000.png
TRI+52ca9b6a+2024-01-02-12h-23m-25s,ext2,b100,27,496,496,25947356,ok,1.0,auto,0.8230754389349797,0.01124782986111111,False,True,0.7248684771790133,0.007631293402777778,0.8230754389349797,0.01124782986111111,masks/TRI+52ca9b6a+2024-01-02-12h-23m-25s/ext2_f00027.png
TRI+52ca9b6a+2024-01-02-12h-31m-39s,ext1,b050,0,203,203,28451778,ok,1.0,auto,1.0,0.02664822048611111,False,True,0.159761504357132,0.007097439236111111,1.0,0.02664822048611111,masks/TRI+52ca9b6a+2024-01-02-12h-31m-39s/ext1_f00000.png
TRI+52ca9b6a+2024-01-02-12h-31m-39s,ext2,b050,0,203,203,28813166,ok,1.0,auto,0.4327065144392209,0.016156684027777778,False,True,0.3764696900290121,0.014212239583333333,0.4327065144392209,0.016156684027777778,masks/TRI+52ca9b6a+2024-01-02-12h-31m-39s/ext2_f00000.png
TRI+52ca9b6a+2024-01-02-13h-16m-28s,ext2,b050,0,247,247,25947356,ok,1.0,auto,0.7223674383868559,0.017434895833333332,False,True,0.23498439937597504,0.005564236111111111,0.7223674383868559,0.017434895833333332,masks/TRI+52ca9b6a+2024-01-02-13h-16m-28s/ext2_f00000.png
TRI+52ca9b6a+2024-01-02-13h-18m-08s,ext2,b050,0,206,206,25947356,ok,0.6481481481481481,auto,0.6722031718816974,0.020251736111111113,False,True,0.6667385096179751,0.020137803819444446,0.6722031718816974,0.020251736111111113,masks/TRI+52ca9b6a+2024-01-02-13h-18m-08s/ext2_f00000.png
TRI+52ca9b6a+2024-01-02-13h-18m-08s,ext2,b100,31,206,206,25947356,ok,1.0,auto,0.47427507315775475,0.020393880208333333,False,True,0.0023742395014096918,0.007312282986111111,0.47427507315775475,0.020393880208333333,masks/TRI+52ca9b6a+2024-01-02-13h-18m-08s/ext2_f00031.png
TRI+52ca9b6a+2024-01-04-10h-29m-36s,ext1,b100,13,349,349,20252535,ok,1.0,auto,0.27268014515292893,0.018837890625,False,True,0.00011072970878089894,0.009799262152777778,0.27268014515292893,0.018837890625,masks/TRI+52ca9b6a+2024-01-04-10h-29m-36s/ext1_f00013.png
TRI+52ca9b6a+2024-01-04-10h-38m-32s,ext1,b050,0,213,213,20252535,ok,0.9629629629629629,auto,0.8225593667546174,0.018094618055555556,False,True,0.006928838951310912,0.0057942708333333336,0.8225593667546174,0.018094618055555556,masks/TRI+52ca9b6a+2024-01-04-10h-38m-32s/ext1_f00000.png
TRI+52ca9b6a+2024-01-04-10h-38m-32s,ext1,b100,20,213,213,20252535,ok,1.0,auto,0.46518861882833706,0.03558051215277778,False,True,0.005859783746075986,0.01555447048611111,0.46518861882833706,0.03558051215277778,masks/TRI+52ca9b6a+2024-01-04-10h-38m-32s/ext1_f00020.png
TRI+52ca9b6a+2024-01-04-10h-38m-32s,ext2,b100,20,213,213,25947356,ok,1.0,auto,0.2036034103705292,0.020235460069444444,False,True,0.0,0.012918836805555556,0.2036034103705292,0.020235460069444444,masks/TRI+52ca9b6a+2024-01-04-10h-38m-32s/ext2_f00020.png
TRI+52ca9b6a+2024-01-04-14h-37m-50s,ext1,b050,0,263,263,28451778,ok,1.0,auto,0.8078340275552708,0.013546006944444444,False,True,0.4892273402674592,0.0029210069444444444,0.8078340275552708,0.013546006944444444,masks/TRI+52ca9b6a+2024-01-04-14h-37m-50s/ext1_f00000.png
TRI+52ca9b6a+2024-01-04-15h-15m-18s,ext2,b050,0,244,244,25947356,ok,1.0,auto,0.25480505216913785,0.055325520833333336,False,True,0.0,0.03379665798611111,0.25480505216913785,0.055325520833333336,masks/TRI+52ca9b6a+2024-01-04-15h-15m-18s/ext2_f00000.png
TRI+52ca9b6a+2024-01-08-10h-38m-14s,ext1,b050,0,245,245,28451778,ok,1.0,auto,1.0,0.014423828125,False,True,1.0,0.017412109375,1.0,0.014423828125,masks/TRI+52ca9b6a+2024-01-08-10h-38m-14s/ext1_f00000.png
TRI+52ca9b6a+2024-01-08-10h-38m-14s,ext2,b050,0,245,245,28813166,ok,1.0,auto,1.0,0.00854709201388889,False,True,0.0,0.004146050347222222,1.0,0.00854709201388889,masks/TRI+52ca9b6a+2024-01-08-10h-38m-14s/ext2_f00000.png
TRI+52ca9b6a+2024-01-08-11h-07m-02s,ext1,b050,0,347,347,28451778,ok,1.0,auto,0.9451232139159246,0.010479600694444445,False,True,0.8422848477189435,0.008586154513888888,0.9451232139159246,0.010479600694444445,masks/TRI+52ca9b6a+2024-01-08-11h-07m-02s/ext1_f00000.png
TRI+52ca9b6a+2024-01-08-11h-07m-02s,ext2,b050,0,347,347,28813166,ok,1.0,auto,0.9943406904357668,0.0019173177083333334,False,True,0.0,0.002041015625,0.9943406904357668,0.0019173177083333334,masks/TRI+52ca9b6a+2024-01-08-11h-07m-02s/ext2_f00000.png
TRI+52ca9b6a+2024-01-08-11h-28m-38s,ext1,b050,0,420,420,28451778,ok,1.0,auto,0.9664090134940391,0.041411675347222225,False,True,0.9629909154437456,0.038818359375,0.9664090134940391,0.041411675347222225,masks/TRI+52ca9b6a+2024-01-08-11h-28m-38s/ext1_f00000.png
TRI+52ca9b6a+2024-01-08-11h-28m-38s,ext2,b050,0,420,420,28813166,ok,1.0,auto,0.8258426966292135,0.0019314236111111112,False,True,0.0744525547445255,0.005946180555555555,0.8258426966292135,0.0019314236111111112,masks/TRI+52ca9b6a+2024-01-08-11h-28m-38s/ext2_f00000.png
TRI+52ca9b6a+2024-01-08-11h-29m-23s,ext1,b050,0,233,233,28451778,ok,1.0,auto,1.0,0.014010416666666666,False,True,0.9191951453209837,0.0033973524305555554,1.0,0.014010416666666666,masks/TRI+52ca9b6a+2024-01-08-11h-29m-23s/ext1_f00000.png
TRI+52ca9b6a+2024-01-08-11h-29m-23s,ext2,b050,0,233,233,28813166,ok,1.0,auto,1.0,0.008090277777777778,False,True,1.0,3.472222222222222e-05,1.0,0.008090277777777778,masks/TRI+52ca9b6a+2024-01-08-11h-29m-23s/ext2_f00000.png
TRI+52ca9b6a+2024-01-09-10h-52m-19s,ext1,b050,0,236,236,28451778,ok,1.0,auto,1.0,0.018780381944444445,False,True,0.0,0.0009461805555555556,1.0,0.018780381944444445,masks/TRI+52ca9b6a+2024-01-09-10h-52m-19s/ext1_f00000.png
TRI+52ca9b6a+2024-01-09-10h-52m-19s,ext1,b100,34,236,236,28451778,ok,1.0,auto,1.0,0.0074555121527777775,False,True,0.028089887640449396,0.0001931423611111111,1.0,0.0074555121527777775,masks/TRI+52ca9b6a+2024-01-09-10h-52m-19s/ext1_f00034.png
TRI+52ca9b6a+2024-01-09-15h-18m-14s,ext2,b050,0,166,166,25947356,ok,0.7777777777777778,auto,1.0,0.014538845486111111,False,True,0.007042253521126751,0.0007703993055555555,1.0,0.014538845486111111,masks/TRI+52ca9b6a+2024-01-09-15h-18m-14s/ext2_f00000.png
TRI+52ca9b6a+2024-01-09-15h-18m-14s,ext2,b100,21,166,166,25947356,ok,1.0,auto,1.0,0.0072081163194444445,False,True,0.008617152236356174,0.002644314236111111,1.0,0.0072081163194444445,masks/TRI+52ca9b6a+2024-01-09-15h-18m-14s/ext2_f00021.png
TRI+52ca9b6a+2024-01-09-15h-50m-18s,ext2,b050,0,325,325,25947356,ok,0.9444444444444444,auto,1.0,0.007394748263888889,False,True,0.0,0.00012044270833333334,1.0,0.007394748263888889,masks/TRI+52ca9b6a+2024-01-09-15h-50m-18s/ext2_f00000.png
TRI+52ca9b6a+2024-01-09-15h-50m-18s,ext2,b100,18,325,325,25947356,ok,1.0,auto,1.0,0.0062163628472222225,False,True,0.7748792270531402,0.001123046875,1.0,0.0062163628472222225,masks/TRI+52ca9b6a+2024-01-09-15h-50m-18s/ext2_f00018.png
TRI+52ca9b6a+2024-01-09-15h-54m-43s,ext2,b050,0,147,147,25947356,ok,0.7777777777777778,auto,0.9999067077152719,0.02326171875,False,True,0.1673212882953653,0.0013812934027777777,0.9999067077152719,0.02326171875,masks/TRI+52ca9b6a+2024-01-09-15h-54m-43s/ext2_f00000.png
TRI+52ca9b6a+2024-01-09-15h-54m-43s,ext2,b100,17,147,147,25947356,ok,1.0,auto,1.0,0.017498914930555557,False,True,0.9968,0.004747178819444444,1.0,0.017498914930555557,masks/TRI+52ca9b6a+2024-01-09-15h-54m-43s/ext2_f00017.png
TRI+52ca9b6a+2024-01-09-15h-54m-58s,ext2,b050,0,488,488,25947356,ok,1.0,auto,1.0,0.006538628472222223,False,True,0.6398791540785498,0.0017957899305555555,1.0,0.006538628472222223,masks/TRI+52ca9b6a+2024-01-09-15h-54m-58s/ext2_f00000.png
TRI+52ca9b6a+2024-01-09-16h-04m-54s,ext2,b050,0,198,198,25947356,ok,0.6666666666666666,auto,1.0,0.014470486111111111,False,True,0.0,0.00212890625,1.0,0.014470486111111111,masks/TRI+52ca9b6a+2024-01-09-16h-04m-54s/ext2_f00000.png
TRI+52ca9b6a+2024-01-09-16h-04m-54s,ext2,b100,105,198,198,25947356,ok,1.0,auto,1.0,0.005750868055555556,False,True,0.9990768520655435,0.004701605902777778,1.0,0.005750868055555556,masks/TRI+52ca9b6a+2024-01-09-16h-04m-54s/ext2_f00105.png
TRI+52ca9b6a+2024-01-10-14h-20m-07s,ext1,b050,0,176,176,28451778,ok,0.7222222222222222,auto,0.36307576138937825,0.008621961805555555,False,True,0.36137913289592183,0.008434244791666667,0.36307576138937825,0.008621961805555555,masks/TRI+52ca9b6a+2024-01-10-14h-20m-07s/ext1_f00000.png
TRI+52ca9b6a+2024-01-10-14h-20m-07s,ext1,b100,61,176,176,28451778,ok,1.0,auto,0.3872575873781089,0.01980685763888889,False,True,0.3572846989966555,0.020763888888888887,0.3872575873781089,0.01980685763888889,masks/TRI+52ca9b6a+2024-01-10-14h-20m-07s/ext1_f00061.png
TRI+52ca9b6a+2024-01-10-14h-27m-05s,ext2,b050,0,179,179,25947356,ok,0.8333333333333334,auto,0.596723377441714,0.008610026041666666,False,True,0.0023980815347721673,0.0009049479166666666,0.596723377441714,0.008610026041666666,masks/TRI+52ca9b6a+2024-01-10-14h-27m-05s/ext2_f00000.png
TRI+52ca9b6a+2024-01-10-14h-27m-05s,ext2,b100,54,179,179,25947356,ok,1.0,auto,0.9987604586303068,0.0070030381944444445,False,True,0.0,0.00162109375,0.9987604586303068,0.0070030381944444445,masks/TRI+52ca9b6a+2024-01-10-14h-27m-05s/ext2_f00054.png
TRI+52ca9b6a+2024-01-10-15h-41m-31s,ext2,b050,0,136,136,25947356,ok,1.0,auto,0.4131039046988749,0.008197699652777777,False,True,0.3689348681334693,0.007446831597222222,0.4131039046988749,0.008197699652777777,masks/TRI+52ca9b6a+2024-01-10-15h-41m-31s/ext2_f00000.png
TRI+52ca9b6a+2024-01-10-15h-49m-23s,ext2,b050,0,398,398,25947356,ok,0.9074074074074074,auto,0.9830355123275277,0.014391276041666666,False,True,0.980057194461168,0.014418402777777778,0.9830355123275277,0.014391276041666666,masks/TRI+52ca9b6a+2024-01-10-15h-49m-23s/ext2_f00000.png
TRI+52ca9b6a+2024-01-10-15h-49m-23s,ext2,b100,19,398,398,25947356,ok,1.0,auto,0.9969855305466238,0.016197916666666666,False,True,1.0,0.0007855902777777777,0.9969855305466238,0.016197916666666666,masks/TRI+52ca9b6a+2024-01-10-15h-49m-23s/ext2_f00019.png
TRI+52ca9b6a+2024-01-10-15h-51m-54s,ext2,b050,0,136,136,25947356,ok,1.0,auto,0.6149514958279628,0.015995008680555554,False,True,0.5402955003357959,0.012925347222222222,0.6149514958279628,0.015995008680555554,masks/TRI+52ca9b6a+2024-01-10-15h-51m-54s/ext2_f00000.png
TRI+52ca9b6a+2024-01-10-15h-52m-22s,ext2,b050,0,179,179,25947356,ok,1.0,auto,0.6049262994569433,0.016783854166666667,False,True,0.5393380668804397,0.018949652777777777,0.6049262994569433,0.016783854166666667,masks/TRI+52ca9b6a+2024-01-10-15h-52m-22s/ext2_f00000.png
TRI+52ca9b6a+2024-01-10-15h-53m-24s,ext2,b050,0,124,124,25947356,ok,1.0,auto,0.6179477749172491,0.014751519097222223,False,True,0.5595559555955596,0.010849609375,0.6179477749172491,0.014751519097222223,masks/TRI+52ca9b6a+2024-01-10-15h-53m-24s/ext2_f00000.png
TRI+52ca9b6a+2024-01-10-16h-33m-13s,ext2,b050,0,204,204,25947356,ok,1.0,auto,0.7468336747997765,0.02330295138888889,False,True,0.6356979712481526,0.01615234375,0.7468336747997765,0.02330295138888889,masks/TRI+52ca9b6a+2024-01-10-16h-33m-13s/ext2_f00000.png
TRI+52ca9b6a+2024-01-11-13h-41m-23s,ext1,b050,0,204,204,28451778,ok,1.0,auto,0.45916987412878396,0.010430772569444444,False,True,0.460167714884696,0.0103515625,0.45916987412878396,0.010430772569444444,masks/TRI+52ca9b6a+2024-01-11-13h-41m-23s/ext1_f00000.png
TRI+52ca9b6a+2024-01-11-13h-41m-23s,ext2,b050,0,204,204,28813166,ok,1.0,auto,0.5293219303604154,0.007105034722222223,False,True,0.5222750222750223,0.007306857638888889,0.5293219303604154,0.007105034722222223,masks/TRI+52ca9b6a+2024-01-11-13h-41m-23s/ext2_f00000.png
TRI+52ca9b6a+2024-01-11-13h-45m-52s,ext1,b050,0,392,392,28451778,ok,1.0,auto,0.36412896234082903,0.008009982638888889,False,True,0.35533670481767365,0.008153211805555555,0.36412896234082903,0.008009982638888889,masks/TRI+52ca9b6a+2024-01-11-13h-45m-52s/ext1_f00000.png
TRI+52ca9b6a+2024-01-11-13h-45m-52s,ext2,b050,0,392,392,28813166,ok,1.0,auto,0.4867687316232384,0.010702039930555556,False,True,0.47128129602356406,0.01031467013888889,0.4867687316232384,0.010702039930555556,masks/TRI+52ca9b6a+2024-01-11-13h-45m-52s/ext2_f00000.png
TRI+52ca9b6a+2024-01-11-13h-47m-01s,ext1,b050,0,457,457,28451778,ok,0.6481481481481481,auto,0.8282369386685304,0.006209852430555556,False,True,0.6371284352215367,0.0077387152777777775,0.8282369386685304,0.006209852430555556,masks/TRI+52ca9b6a+2024-01-11-13h-47m-01s/ext1_f00000.png
TRI+52ca9b6a+2024-01-11-13h-47m-01s,ext2,b050,0,457,457,28813166,ok,0.7777777777777778,auto,0.5950029432925632,0.016589626736111113,False,True,0.5958944667412329,0.01649197048611111,0.5950029432925632,0.016589626736111113,masks/TRI+52ca9b6a+2024-01-11-13h-47m-01s/ext2_f00000.png
TRI+52ca9b6a+2024-01-11-13h-47m-01s,ext1,b100,17,457,457,28451778,ok,1.0,auto,0.7210481825866442,0.006418185763888889,False,True,0.33825878594249204,0.005434027777777778,0.7210481825866442,0.006418185763888889,masks/TRI+52ca9b6a+2024-01-11-13h-47m-01s/ext1_f00017.png
TRI+52ca9b6a+2024-01-11-13h-47m-01s,ext2,b100,17,457,457,28813166,ok,1.0,auto,0.5218821980914774,0.013190104166666666,False,True,0.5201399625681504,0.013334418402777777,0.5218821980914774,0.013190104166666666,masks/TRI+52ca9b6a+2024-01-11-13h-47m-01s/ext2_f00017.png
TRI+52ca9b6a+2024-01-16-14h-27m-38s,ext1,b050,0,427,427,28451778,ok,1.0,auto,0.5405601860825742,0.022391493055555555,False,True,0.40569895221058017,0.016983506944444445,0.5405601860825742,0.022391493055555555,masks/TRI+52ca9b6a+2024-01-16-14h-27m-38s/ext1_f00000.png
TRI+52ca9b6a+2024-01-16-15h-30m-40s,ext2,b050,0,520,520,28813166,ok,1.0,auto,0.20782154454327262,0.0307421875,False,True,0.16794826294412235,0.027516276041666666,0.20782154454327262,0.0307421875,masks/TRI+52ca9b6a+2024-01-16-15h-30m-40s/ext2_f00000.png
TRI+52ca9b6a+2024-01-16-15h-59m-36s,ext2,b050,0,512,512,25947356,ok,1.0,auto,0.20115929583512238,0.035379774305555556,False,True,0.0,0.019450954861111112,0.20115929583512238,0.035379774305555556,masks/TRI+52ca9b6a+2024-01-16-15h-59m-36s/ext2_f00000.png
TRI+52ca9b6a+2024-01-17-11h-07m-56s,ext1,b050,0,399,399,20252535,ok,1.0,auto,0.9235608681975465,0.003449435763888889,False,True,0.8304589301373867,0.0037120225694444444,0.9235608681975465,0.003449435763888889,masks/TRI+52ca9b6a+2024-01-17-11h-07m-56s/ext1_f00000.png
TRI+52ca9b6a+2024-01-17-11h-07m-56s,ext2,b050,0,399,399,25947356,ok,1.0,auto,0.9330252538401458,0.016671006944444445,False,True,0.9272921869425615,0.01520724826388889,0.9330252538401458,0.016671006944444445,masks/TRI+52ca9b6a+2024-01-17-11h-07m-56s/ext2_f00000.png
TRI+52ca9b6a+2024-01-17-11h-38m-07s,ext1,b050,0,301,301,20252535,ok,1.0,auto,0.3951123962316948,0.01163302951388889,False,True,0.04590482929418005,0.01226779513888889,0.3951123962316948,0.01163302951388889,masks/TRI+52ca9b6a+2024-01-17-11h-38m-07s/ext1_f00000.png
TRI+52ca9b6a+2024-01-17-11h-38m-07s,ext2,b050,0,301,301,25947356,ok,0.8703703703703703,auto,0.5750395585669655,0.026743706597222222,False,True,0.09524225229157568,0.012429470486111111,0.5750395585669655,0.026743706597222222,masks/TRI+52ca9b6a+2024-01-17-11h-38m-07s/ext2_f00000.png
TRI+52ca9b6a+2024-01-17-11h-38m-07s,ext1,b100,130,301,301,20252535,ok,1.0,auto,0.8408477842003854,0.005631510416666667,False,True,0.7798677139313765,0.005249565972222222,0.8408477842003854,0.005631510416666667,masks/TRI+52ca9b6a+2024-01-17-11h-38m-07s/ext1_f00130.png
TRI+52ca9b6a+2024-01-17-11h-38m-07s,ext2,b100,130,301,301,25947356,ok,1.0,auto,1.0,0.005629340277777777,False,True,1.0,0.005846354166666666,1.0,0.005629340277777777,masks/TRI+52ca9b6a+2024-01-17-11h-38m-07s/ext2_f00130.png
TRI+52ca9b6a+2024-01-17-11h-41m-13s,ext1,b050,0,251,251,20252535,ok,1.0,auto,0.45802707930367503,0.011219618055555556,False,True,0.20310986764231143,0.020167100694444443,0.45802707930367503,0.011219618055555556,masks/TRI+52ca9b6a+2024-01-17-11h-41m-13s/ext1_f00000.png
TRI+52ca9b6a+2024-01-17-11h-47m-58s,ext1,b050,0,222,222,28451778,ok,1.0,auto,0.4011632603602876,0.013432074652777778,False,True,0.04953537718592227,0.014829644097222223,0.4011632603602876,0.013432074652777778,masks/TRI+52ca9b6a+2024-01-17-11h-47m-58s/ext1_f00000.png
TRI+52ca9b6a+2024-01-17-11h-47m-58s,ext2,b050,0,222,222,28813166,ok,1.0,auto,0.5396621860629642,0.024539930555555554,False,True,0.00020721094073772317,0.005236545138888889,0.5396621860629642,0.024539930555555554,masks/TRI+52ca9b6a+2024-01-17-11h-47m-58s/ext2_f00000.png
TRI+52ca9b6a+2024-01-17-11h-53m-16s,ext1,b050,23,262,262,28451778,ok,0.5,auto,0.24019309851600212,0.03034396701388889,False,True,0.0036487102822683193,0.02141167534722222,0.24019309851600212,0.03034396701388889,masks/TRI+52ca9b6a+2024-01-17-11h-53m-16s/ext1_f00023.png
TRI+52ca9b6a+2024-01-17-11h-53m-16s,ext1,b100,29,262,262,28451778,ok,1.0,auto,0.32256112321471797,0.0179296875,False,True,0.012484394506866447,0.0104296875,0.32256112321471797,0.0179296875,masks/TRI+52ca9b6a+2024-01-17-11h-53m-16s/ext1_f00029.png
TRI+52ca9b6a+2024-01-17-11h-53m-16s,ext2,b100,29,262,262,28813166,ok,1.0,auto,0.37483302164039545,0.016245659722222222,False,True,0.13356164383561642,0.011089409722222223,0.37483302164039545,0.016245659722222222,masks/TRI+52ca9b6a+2024-01-17-11h-53m-16s/ext2_f00029.png
TRI+52ca9b6a+2024-01-17-13h-50m-29s,ext1,b050,27,286,286,28451778,ok,1.0,auto,1.0,0.008726128472222223,False,True,0.0818852654129969,0.004558376736111111,1.0,0.008726128472222223,masks/TRI+52ca9b6a+2024-01-17-13h-50m-29s/ext1_f00027.png
TRI+52ca9b6a+2024-01-17-13h-50m-29s,ext1,b100,45,286,286,28451778,ok,1.0,auto,0.8850939253476457,0.008895399305555555,False,True,0.8864634146341464,0.008897569444444444,0.8850939253476457,0.008895399305555555,masks/TRI+52ca9b6a+2024-01-17-13h-50m-29s/ext1_f00045.png
TRI+52ca9b6a+2024-01-17-13h-51m-20s,ext1,b050,0,280,280,28451778,ok,1.0,auto,1.0,0.00838107638888889,False,True,0.0,0.008897569444444444,1.0,0.00838107638888889,masks/TRI+52ca9b6a+2024-01-17-13h-51m-20s/ext1_f00000.png
TRI+52ca9b6a+2024-01-17-13h-51m-20s,ext1,b100,15,280,280,28451778,ok,1.0,auto,1.0,0.012600911458333334,False,True,0.8483443708609272,0.011469184027777777,1.0,0.012600911458333334,masks/TRI+52ca9b6a+2024-01-17-13h-51m-20s/ext1_f00015.png
TRI+52ca9b6a+2024-01-17-14h-05m-03s,ext1,b050,0,221,221,28451778,ok,1.0,auto,1.0,0.008138020833333334,False,True,0.6611771584486454,0.01113498263888889,1.0,0.008138020833333334,masks/TRI+52ca9b6a+2024-01-17-14h-05m-03s/ext1_f00000.png
TRI+52ca9b6a+2024-01-17-14h-05m-52s,ext1,b050,17,198,198,28451778,ok,1.0,auto,1.0,0.008653428819444444,False,True,0.0,0.011982421875,1.0,0.008653428819444444,masks/TRI+52ca9b6a+2024-01-17-14h-05m-52s/ext1_f00017.png
TRI+52ca9b6a+2024-01-17-14h-05m-52s,ext1,b100,22,198,198,28451778,ok,1.0,auto,1.0,0.01296875,False,True,0.7238600754620452,0.01696723090277778,1.0,0.01296875,masks/TRI+52ca9b6a+2024-01-17-14h-05m-52s/ext1_f00022.png
TRI+52ca9b6a+2024-01-17-14h-17m-02s,ext2,b050,0,250,250,25947356,ok,0.8888888888888888,auto,0.615393061045235,0.019765625,False,True,0.288883644087798,0.009194878472222221,0.615393061045235,0.019765625,masks/TRI+52ca9b6a+2024-01-17-14h-17m-02s/ext2_f00000.png
TRI+52ca9b6a+2024-01-17-14h-17m-02s,ext2,b100,48,250,250,25947356,ok,1.0,auto,0.5057329792058043,0.016750217013888888,False,True,0.0,0.004364149305555555,0.5057329792058043,0.016750217013888888,masks/TRI+52ca9b6a+2024-01-17-14h-17m-02s/ext2_f00048.png
TRI+52ca9b6a+2024-01-17-14h-23m-09s,ext1,b050,0,357,357,28451778,ok,1.0,auto,0.6007874452392835,0.019567057291666665,False,True,0.5942274085348667,0.019248046875,0.6007874452392835,0.019567057291666665,masks/TRI+52ca9b6a+2024-01-17-14h-23m-09s/ext1_f00000.png
TRI+52ca9b6a+2024-01-17-14h-23m-09s,ext2,b050,0,357,357,28813166,ok,0.7962962962962963,auto,1.0,0.009151475694444444,False,True,0.13615455381784725,0.0023589409722222223,1.0,0.009151475694444444,masks/TRI+52ca9b6a+2024-01-17-14h-23m-09s/ext2_f00000.png
TRI+52ca9b6a+2024-01-17-14h-23m-09s,ext1,b100,53,357,357,28451778,ok,1.0,auto,0.9180822352754405,0.01366970486111111,False,True,0.9169893514036787,0.013450520833333333,0.9180822352754405,0.01366970486111111,masks/TRI+52ca9b6a+2024-01-17-14h-23m-09s/ext1_f00053.png
TRI+52ca9b6a+2024-01-17-14h-23m-09s,ext2,b100,53,357,357,28813166,ok,1.0,auto,1.0,0.007082248263888889,False,True,1.0,0.004371744791666667,1.0,0.007082248263888889,masks/TRI+52ca9b6a+2024-01-17-14h-23m-09s/ext2_f00053.png
TRI+52ca9b6a+2024-01-17-14h-35m-15s,ext2,b050,39,181,181,25947356,ok,0.6111111111111112,auto,0.22691032244408382,0.01537868923611111,False,True,0.1047513905991253,0.025554470486111112,0.22691032244408382,0.01537868923611111,masks/TRI+52ca9b6a+2024-01-17-14h-35m-15s/ext2_f00039.png
TRI+52ca9b6a+2024-01-17-14h-35m-15s,ext2,b100,56,181,181,25947356,ok,1.0,auto,0.35482004397639166,0.01875217013888889,False,True,0.2722788403369165,0.023317057291666665,0.35482004397639166,0.01875217013888889,masks/TRI+52ca9b6a+2024-01-17-14h-35m-15s/ext2_f00056.png
TRI+52ca9b6a+2024-01-17-15h-06m-35s,ext1,b050,67,659,659,28451778,ok,0.5,auto,1.0,0.013758680555555555,False,True,0.9977678571428571,0.0004861111111111111,1.0,0.013758680555555555,masks/TRI+52ca9b6a+2024-01-17-15h-06m-35s/ext1_f00067.png
TRI+52ca9b6a+2024-01-17-15h-06m-35s,ext2,b050,67,659,659,28813166,ok,0.8888888888888888,auto,1.0,0.007811414930555555,False,True,0.0,3.2552083333333335e-06,1.0,0.007811414930555555,masks/TRI+52ca9b6a+2024-01-17-15h-06m-35s/ext2_f00067.png
TRI+52ca9b6a+2024-01-17-15h-22m-43s,ext1,b050,49,372,372,28451778,ok,0.5,auto,1.0,0.017391493055555554,False,True,0.0390625,0.0015277777777777779,1.0,0.017391493055555554,masks/TRI+52ca9b6a+2024-01-17-15h-22m-43s/ext1_f00049.png
TRI+52ca9b6a+2024-01-17-15h-22m-43s,ext2,b050,49,372,372,28813166,ok,0.9074074074074074,auto,1.0,0.013999565972222221,False,True,0.9995421769486094,0.009480251736111112,1.0,0.013999565972222221,masks/TRI+52ca9b6a+2024-01-17-15h-22m-43s/ext2_f00049.png
TRI+52ca9b6a+2024-01-18-10h-37m-16s,ext1,b050,0,277,277,28451778,ok,1.0,auto,1.0,0.00080078125,False,True,0.04203670811130844,0.0018326822916666667,1.0,0.00080078125,masks/TRI+52ca9b6a+2024-01-18-10h-37m-16s/ext1_f00000.png
TRI+52ca9b6a+2024-01-18-10h-46m-05s,ext1,b050,0,221,221,28451778,ok,1.0,auto,0.33293392673741873,0.006338975694444445,False,True,0.0,0.00845703125,0.33293392673741873,0.006338975694444445,masks/TRI+52ca9b6a+2024-01-18-10h-46m-05s/ext1_f00000.png
TRI+52ca9b6a+2024-01-18-10h-49m-12s,ext1,b050,0,149,149,28451778,ok,1.0,auto,0.9297183469334035,0.008244357638888889,False,True,1.0,0.001987847222222222,0.9297183469334035,0.008244357638888889,masks/TRI+52ca9b6a+2024-01-18-10h-49m-12s/ext1_f00000.png
TRI+52ca9b6a+2024-01-18-10h-50m-04s,ext1,b050,0,205,205,28451778,ok,0.9814814814814815,auto,0.8651188811188811,0.03879123263888889,False,True,0.499840068237552,0.010176866319444445,0.8651188811188811,0.03879123263888889,masks/TRI+52ca9b6a+2024-01-18-10h-50m-04s/ext1_f00000.png
TRI+52ca9b6a+2024-01-18-10h-50m-04s,ext1,b100,18,205,205,28451778,ok,1.0,auto,0.8915642076502732,0.038125,False,True,0.8894976104441077,0.037235243055555554,0.8915642076502732,0.038125,masks/TRI+52ca9b6a+2024-01-18-10h-50m-04s/ext1_f00018.png
TRI+52ca9b6a+2024-01-18-11h-16m-33s,ext1,b050,0,149,149,28451778,ok,1.0,auto,1.0,0.004542100694444444,False,True,1.0,0.00146484375,1.0,0.004542100694444444,masks/TRI+52ca9b6a+2024-01-18-11h-16m-33s/ext1_f00000.png
TRI+52ca9b6a+2024-01-18-11h-16m-33s,ext2,b050,0,149,149,28813166,ok,1.0,auto,0.8248959018189788,0.00990234375,False,True,0.4924001092199872,0.011921657986111112,0.8248959018189788,0.00990234375,masks/TRI+52ca9b6a+2024-01-18-11h-16m-33s/ext2_f00000.png
TRI+52ca9b6a+2024-01-22-11h-02m-18s,ext1,b050,0,279,279,20252535,ok,0.7777777777777778,auto,1.0,0.016439887152777777,False,True,0.02212389380530977,0.005149739583333333,1.0,0.016439887152777777,masks/TRI+52ca9b6a+2024-01-22-11h-02m-18s/ext1_f00000.png
TRI+52ca9b6a+2024-01-22-11h-02m-18s,ext2,b050,0,279,279,25947356,ok,1.0,auto,1.0,0.030041232638888887,False,True,0.0,0.008412543402777778,1.0,0.030041232638888887,masks/TRI+52ca9b6a+2024-01-22-11h-02m-18s/ext2_f00000.png
TRI+52ca9b6a+2024-01-22-11h-02m-18s,ext1,b100,21,279,279,20252535,ok,1.0,auto,1.0,0.012290581597222221,False,True,0.01623237932507471,0.0025401475694444443,1.0,0.012290581597222221,masks/TRI+52ca9b6a+2024-01-22-11h-02m-18s/ext1_f00021.png
TRI+52ca9b6a+2024-01-22-11h-02m-18s,ext2,b100,21,279,279,25947356,ok,1.0,auto,1.0,0.014886067708333334,False,True,0.10198789974070877,0.0037662760416666665,1.0,0.014886067708333334,masks/TRI+52ca9b6a+2024-01-22-11h-02m-18s/ext2_f00021.png
TRI+52ca9b6a+2024-01-22-11h-08m-06s,ext1,b050,0,257,257,20252535,ok,0.8703703703703703,auto,1.0,0.024768880208333333,False,True,0.0,0.0030186631944444445,1.0,0.024768880208333333,masks/TRI+52ca9b6a+2024-01-22-11h-08m-06s/ext1_f00000.png
TRI+52ca9b6a+2024-01-22-11h-08m-06s,ext2,b050,0,257,257,25947356,ok,0.9444444444444444,auto,1.0,0.01970269097222222,False,True,0.02323905602594123,0.006023220486111111,1.0,0.01970269097222222,masks/TRI+52ca9b6a+2024-01-22-11h-08m-06s/ext2_f00000.png
TRI+52ca9b6a+2024-01-22-11h-08m-06s,ext1,b100,34,257,257,20252535,ok,1.0,auto,1.0,0.011652560763888889,False,True,0.0003382949932341228,0.003207465277777778,1.0,0.011652560763888889,masks/TRI+52ca9b6a+2024-01-22-11h-08m-06s/ext1_f00034.png
TRI+52ca9b6a+2024-01-22-11h-08m-06s,ext2,b100,34,257,257,25947356,ok,1.0,auto,1.0,0.010531684027777778,False,True,0.0,0.0019184027777777778,1.0,0.010531684027777778,masks/TRI+52ca9b6a+2024-01-22-11h-08m-06s/ext2_f00034.png
TRI+52ca9b6a+2024-01-22-11h-09m-21s,ext1,b050,21,296,296,20252535,ok,0.5555555555555556,auto,1.0,0.016030815972222223,False,True,0.9229781771501926,0.0008452690972222222,1.0,0.016030815972222223,masks/TRI+52ca9b6a+2024-01-22-11h-09m-21s/ext1_f00021.png
TRI+52ca9b6a+2024-01-22-11h-09m-21s,ext2,b050,21,296,296,25947356,ok,1.0,auto,1.0,0.03499240451388889,False,True,0.0,0.004011501736111111,1.0,0.03499240451388889,masks/TRI+52ca9b6a+2024-01-22-11h-09m-21s/ext2_f00021.png
TRI+52ca9b6a+2024-01-22-11h-09m-21s,ext1,b100,35,296,296,20252535,ok,1.0,auto,1.0,0.011016710069444444,False,True,0.008620689655172376,0.0016362847222222221,1.0,0.011016710069444444,masks/TRI+52ca9b6a+2024-01-22-11h-09m-21s/ext1_f00035.png
TRI+52ca9b6a+2024-01-22-11h-09m-21s,ext2,b100,35,296,296,25947356,ok,1.0,auto,1.0,0.014002821180555555,False,True,0.0014705882352941124,0.003689236111111111,1.0,0.014002821180555555,masks/TRI+52ca9b6a+2024-01-22-11h-09m-21s/ext2_f00035.png
TRI+52ca9b6a+2024-01-22-13h-55m-33s,ext1,b050,25,192,192,20252535,ok,0.5185185185185185,auto,0.13966480446927376,0.00019422743055555556,True,False,0.0,0.0001638454861111111,0.13966480446927376,0.00019422743055555556,masks/TRI+52ca9b6a+2024-01-22-13h-55m-33s/ext1_f00025.png
TRI+52ca9b6a+2024-01-22-14h-05m-58s,ext1,b050,18,273,273,20252535,ok,0.5,auto,1.0,0.01464626736111111,False,True,0.10906515580736542,0.0007660590277777778,1.0,0.01464626736111111,masks/TRI+52ca9b6a+2024-01-22-14h-05m-58s/ext1_f00018.png
TRI+52ca9b6a+2024-01-22-14h-30m-54s,ext2,b050,24,278,278,28813166,ok,1.0,auto,0.44867084503998267,0.020082465277777777,False,True,0.3244154202654308,0.015452473958333334,0.44867084503998267,0.020082465277777777,masks/TRI+52ca9b6a+2024-01-22-14h-30m-54s/ext2_f00024.png
TRI+52ca9b6a+2024-01-22-14h-30m-54s,ext2,b100,33,278,278,28813166,ok,1.0,auto,0.5117471166168304,0.010160590277777777,False,True,0.07247557003257332,0.005329861111111111,0.5117471166168304,0.010160590277777777,masks/TRI+52ca9b6a+2024-01-22-14h-30m-54s/ext2_f00033.png
TRI+52ca9b6a+2024-01-22-17h-15m-52s,ext2,b050,0,254,254,28813166,ok,1.0,auto,0.3529151552685128,0.012264539930555556,False,True,0.3797689544704398,0.011177300347222223,0.3529151552685128,0.012264539930555556,masks/TRI+52ca9b6a+2024-01-22-17h-15m-52s/ext2_f00000.png
TRI+52ca9b6a+2024-01-23-10h-39m-36s,ext1,b050,21,224,224,20252535,ok,0.8333333333333334,auto,1.0,0.0004220920138888889,True,True,nan,0.0,1.0,0.0004220920138888889,masks/TRI+52ca9b6a+2024-01-23-10h-39m-36s/ext1_f00021.png
TRI+52ca9b6a+2024-01-23-10h-39m-36s,ext2,b050,21,224,224,25947356,ok,0.5,auto,1.0,0.002394748263888889,False,True,0.0,0.007331814236111111,1.0,0.002394748263888889,masks/TRI+52ca9b6a+2024-01-23-10h-39m-36s/ext2_f00021.png
TRI+52ca9b6a+2024-01-23-10h-39m-36s,ext1,b100,28,224,224,20252535,ok,1.0,auto,1.0,0.0022276475694444444,False,True,1.0,4.340277777777778e-06,1.0,0.0022276475694444444,masks/TRI+52ca9b6a+2024-01-23-10h-39m-36s/ext1_f00028.png
TRI+52ca9b6a+2024-01-23-10h-39m-36s,ext2,b100,28,224,224,25947356,ok,1.0,auto,1.0,0.009143880208333333,False,True,0.018112889637742158,0.005151909722222223,1.0,0.009143880208333333,masks/TRI+52ca9b6a+2024-01-23-10h-39m-36s/ext2_f00028.png
TRI+52ca9b6a+2024-01-23-10h-40m-00s,ext1,b050,18,379,379,20252535,ok,0.8148148148148148,auto,1.0,0.0358984375,False,True,1.0,0.033047960069444444,1.0,0.0358984375,masks/TRI+52ca9b6a+2024-01-23-10h-40m-00s/ext1_f00018.png
TRI+52ca9b6a+2024-01-23-10h-40m-00s,ext2,b050,18,379,379,25947356,ok,0.5,auto,1.0,0.0006521267361111111,False,True,0.0,0.004964192708333333,1.0,0.0006521267361111111,masks/TRI+52ca9b6a+2024-01-23-10h-40m-00s/ext2_f00018.png
TRI+52ca9b6a+2024-01-23-10h-40m-00s,ext1,b100,24,379,379,20252535,ok,1.0,auto,1.0,0.0013780381944444445,False,True,1.0,1.5190972222222222e-05,1.0,0.0013780381944444445,masks/TRI+52ca9b6a+2024-01-23-10h-40m-00s/ext1_f00024.png
TRI+52ca9b6a+2024-01-23-10h-40m-00s,ext2,b100,24,379,379,25947356,ok,1.0,auto,1.0,0.01798828125,False,True,0.0023837902264600697,0.0018207465277777777,1.0,0.01798828125,masks/TRI+52ca9b6a+2024-01-23-10h-40m-00s/ext2_f00024.png
TRI+52ca9b6a+2024-01-23-10h-55m-11s,ext1,b050,0,190,190,28451778,ok,1.0,auto,1.0,0.014529079861111112,False,True,0.10918462980318655,0.0023155381944444443,1.0,0.014529079861111112,masks/TRI+52ca9b6a+2024-01-23-10h-55m-11s/ext1_f00000.png
TRI+52ca9b6a+2024-01-23-10h-55m-11s,ext1,b100,26,190,190,28451778,ok,1.0,auto,1.0,0.008712022569444445,False,True,0.06697021438057293,0.0057194010416666665,1.0,0.008712022569444445,masks/TRI+52ca9b6a+2024-01-23-10h-55m-11s/ext1_f00026.png
TRI+52ca9b6a+2024-01-23-10h-56m-22s,ext1,b050,0,291,291,20252535,ok,1.0,auto,1.0,0.04181423611111111,False,True,nan,0.0,1.0,0.04181423611111111,masks/TRI+52ca9b6a+2024-01-23-10h-56m-22s/ext1_f00000.png
TRI+52ca9b6a+2024-01-23-10h-56m-22s,ext2,b050,0,291,291,25947356,ok,1.0,auto,0.9994919068011904,0.014949001736111111,False,True,0.0012487859025946957,0.00782009548611111,0.9994919068011904,0.014949001736111111,masks/TRI+52ca9b6a+2024-01-23-10h-56m-22s/ext2_f00000.png
TRI+52ca9b6a+2024-01-23-10h-56m-45s,ext1,b050,13,148,148,28451778,ok,1.0,auto,1.0,0.013812934027777777,False,True,0.0,0.002785373263888889,1.0,0.013812934027777777,masks/TRI+52ca9b6a+2024-01-23-10h-56m-45s/ext1_f00013.png
TRI+52ca9b6a+2024-01-23-10h-56m-45s,ext1,b100,21,148,148,28451778,ok,1.0,auto,1.0,0.01115017361111111,False,True,0.03249581239530985,0.003238932291666667,1.0,0.01115017361111111,masks/TRI+52ca9b6a+2024-01-23-10h-56m-45s/ext1_f00021.png
TRI+52ca9b6a+2024-01-23-10h-58m-36s,ext1,b050,35,157,157,28451778,ok,1.0,auto,0.9936340990866316,0.023522135416666666,False,True,0.0,0.009039713541666666,0.9936340990866316,0.023522135416666666,masks/TRI+52ca9b6a+2024-01-23-10h-58m-36s/ext1_f00035.png
TRI+52ca9b6a+2024-01-23-10h-58m-36s,ext2,b050,35,157,157,28813166,ok,0.5,box(auto empty),1.0,0.00021918402777777778,True,True,0.0,0.006629774305555555,0.0,0.006629774305555555,masks/TRI+52ca9b6a+2024-01-23-10h-58m-36s/ext2_f00035.png
TRI+52ca9b6a+2024-01-23-10h-58m-36s,ext1,b100,44,157,157,28451778,ok,1.0,auto,0.9834911808150143,0.012488064236111112,False,True,0.36032774390243905,0.005694444444444445,0.9834911808150143,0.012488064236111112,masks/TRI+52ca9b6a+2024-01-23-10h-58m-36s/ext1_f00044.png
TRI+52ca9b6a+2024-01-23-11h-03m-50s,ext1,b050,41,293,293,28451778,ok,1.0,auto,1.0,0.021360677083333335,False,True,0.6395625479662318,0.028276909722222222,1.0,0.021360677083333335,masks/TRI+52ca9b6a+2024-01-23-11h-03m-50s/ext1_f00041.png
TRI+52ca9b6a+2024-01-23-11h-03m-50s,ext1,b100,129,293,293,28451778,ok,1.0,auto,1.0,0.01108181423611111,False,True,0.0,0.0037641059027777777,1.0,0.01108181423611111,masks/TRI+52ca9b6a+2024-01-23-11h-03m-50s/ext1_f00129.png
TRI+52ca9b6a+2024-01-23-11h-13m-29s,ext1,b050,16,181,181,20252535,ok,0.8333333333333334,auto,1.0,0.013257378472222222,False,True,0.0,2.170138888888889e-06,1.0,0.013257378472222222,masks/TRI+52ca9b6a+2024-01-23-11h-13m-29s/ext1_f00016.png
TRI+52ca9b6a+2024-01-23-11h-13m-29s,ext2,b050,16,181,181,25947356,ok,0.5555555555555556,auto,1.0,0.0011490885416666667,False,True,0.009108653220559537,0.0033355034722222223,1.0,0.0011490885416666667,masks/TRI+52ca9b6a+2024-01-23-11h-13m-29s/ext2_f00016.png
TRI+52ca9b6a+2024-01-23-11h-13m-29s,ext1,b100,24,181,181,20252535,ok,1.0,auto,1.0,0.013619791666666667,False,True,0.9309593023255814,0.0059722222222222225,1.0,0.013619791666666667,masks/TRI+52ca9b6a+2024-01-23-11h-13m-29s/ext1_f00024.png
TRI+52ca9b6a+2024-01-23-11h-13m-29s,ext2,b100,24,181,181,25947356,ok,1.0,auto,1.0,0.018408203125,False,True,1.0,0.018649088541666668,1.0,0.018408203125,masks/TRI+52ca9b6a+2024-01-23-11h-13m-29s/ext2_f00024.png
TRI+52ca9b6a+2024-01-23-11h-16m-17s,ext1,b050,0,224,224,20252535,ok,1.0,auto,1.0,0.010056423611111111,False,True,0.0,0.0015885416666666667,1.0,0.010056423611111111,masks/TRI+52ca9b6a+2024-01-23-11h-16m-17s/ext1_f00000.png
TRI+52ca9b6a+2024-01-23-11h-16m-17s,ext2,b050,0,224,224,25947356,ok,0.6666666666666666,auto,1.0,0.008878038194444444,False,True,0.9942965779467681,0.008561197916666667,1.0,0.008878038194444444,masks/TRI+52ca9b6a+2024-01-23-11h-16m-17s/ext2_f00000.png
TRI+52ca9b6a+2024-01-23-11h-16m-17s,ext1,b100,39,224,224,20252535,ok,1.0,auto,0.951834619858306,0.02052300347222222,False,True,0.9309914129586261,0.020849609375,0.951834619858306,0.02052300347222222,masks/TRI+52ca9b6a+2024-01-23-11h-16m-17s/ext1_f00039.png
TRI+52ca9b6a+2024-01-23-11h-16m-17s,ext2,b100,39,224,224,25947356,ok,1.0,auto,1.0,0.009383680555555555,False,True,0.015138772077375906,0.0012901475694444445,1.0,0.009383680555555555,masks/TRI+52ca9b6a+2024-01-23-11h-16m-17s/ext2_f00039.png
TRI+52ca9b6a+2024-01-23-13h-48m-01s,ext1,b050,88,226,226,20252535,ok,0.5,auto,0.7050147492625369,0.0018391927083333333,False,True,0.005015775422700375,0.013412543402777777,0.7050147492625369,0.0018391927083333333,masks/TRI+52ca9b6a+2024-01-23-13h-48m-01s/ext1_f00088.png
TRI+52ca9b6a+2024-01-23-16h-17m-19s,ext2,b050,0,423,423,28813166,ok,0.8333333333333334,auto,0.6704496480390749,0.015106336805555556,False,True,0.6507794794313577,0.015799696180555555,0.6704496480390749,0.015106336805555556,masks/TRI+52ca9b6a+2024-01-23-16h-17m-19s/ext2_f00000.png
TRI+52ca9b6a+2024-01-23-16h-17m-19s,ext2,b100,18,423,423,28813166,ok,1.0,auto,0.7973404255319149,0.010199652777777778,False,True,0.7212680638571536,0.014341362847222223,0.7973404255319149,0.010199652777777778,masks/TRI+52ca9b6a+2024-01-23-16h-17m-19s/ext2_f00018.png
TRI+52ca9b6a+2024-01-23-16h-25m-29s,ext2,b050,0,308,308,28813166,ok,0.6296296296296297,auto,0.9079883570504528,0.01342013888888889,False,True,0.9063268316669398,0.013240017361111111,0.9079883570504528,0.01342013888888889,masks/TRI+52ca9b6a+2024-01-23-16h-25m-29s/ext2_f00000.png
TRI+52ca9b6a+2024-01-23-16h-25m-29s,ext2,b100,28,308,308,28813166,ok,1.0,auto,1.0,0.007035590277777778,False,True,1.0,0.009455295138888889,1.0,0.007035590277777778,masks/TRI+52ca9b6a+2024-01-23-16h-25m-29s/ext2_f00028.png
TRI+52ca9b6a+2024-01-23-16h-33m-34s,ext2,b050,50,204,204,28813166,ok,0.5370370370370371,auto,1.0,0.0067111545138888885,False,True,1.0,0.00010850694444444444,1.0,0.0067111545138888885,masks/TRI+52ca9b6a+2024-01-23-16h-33m-34s/ext2_f00050.png
TRI+52ca9b6a+2024-01-24-11h-04m-00s,ext1,b050,0,282,282,28451778,ok,1.0,auto,0.2502261239691407,0.020393880208333333,False,True,0.000544128849711667,0.009970703125,0.2502261239691407,0.020393880208333333,masks/TRI+52ca9b6a+2024-01-24-11h-04m-00s/ext1_f00000.png
TRI+52ca9b6a+2024-01-24-11h-04m-00s,ext2,b050,0,282,282,28813166,ok,1.0,auto,0.39295826665025235,0.008814019097222223,False,True,0.1747001332741004,0.009769965277777778,0.39295826665025235,0.008814019097222223,masks/TRI+52ca9b6a+2024-01-24-11h-04m-00s/ext2_f00000.png
TRI+52ca9b6a+2024-01-24-12h-50m-26s,ext2,b050,16,249,249,28813166,ok,1.0,auto,1.0,0.012939453125,False,True,1.0,0.01221462673611111,1.0,0.012939453125,masks/TRI+52ca9b6a+2024-01-24-12h-50m-26s/ext2_f00016.png
TRI+52ca9b6a+2024-01-24-13h-16m-47s,ext1,b050,0,170,170,20252535,ok,1.0,auto,0.531076155764435,0.011312934027777779,False,True,0.0,0.0030696614583333335,0.531076155764435,0.011312934027777779,masks/TRI+52ca9b6a+2024-01-24-13h-16m-47s/ext1_f00000.png
TRI+52ca9b6a+2024-01-24-13h-20m-19s,ext1,b050,0,203,203,20252535,ok,1.0,auto,0.20975918884664135,0.006848958333333334,False,True,0.062829525483304,0.004939236111111111,0.20975918884664135,0.006848958333333334,masks/TRI+52ca9b6a+2024-01-24-13h-20m-19s/ext1_f00000.png
TRI+52ca9b6a+2024-01-24-13h-20m-19s,ext1,b100,23,203,203,20252535,ok,1.0,auto,0.4050654142905066,0.006469184027777778,False,True,0.3369671014210629,0.005574001736111111,0.4050654142905066,0.006469184027777778,masks/TRI+52ca9b6a+2024-01-24-13h-20m-19s/ext1_f00023.png
TRI+52ca9b6a+2024-01-24-13h-42m-48s,ext2,b050,0,291,291,28813166,ok,1.0,auto,1.0,0.009790581597222223,False,True,1.0,0.009141710069444444,1.0,0.009790581597222223,masks/TRI+52ca9b6a+2024-01-24-13h-42m-48s/ext2_f00000.png
TRI+52ca9b6a+2024-01-24-13h-42m-48s,ext1,b100,21,291,291,28451778,ok,1.0,auto,0.2667953460940432,0.020237630208333333,False,True,0.2660132819194516,0.020260416666666666,0.2667953460940432,0.020237630208333333,masks/TRI+52ca9b6a+2024-01-24-13h-42m-48s/ext1_f00021.png
TRI+52ca9b6a+2024-01-24-13h-42m-48s,ext2,b100,21,291,291,28813166,ok,1.0,auto,1.0,0.006271701388888889,False,True,1.0,0.004463975694444444,1.0,0.006271701388888889,masks/TRI+52ca9b6a+2024-01-24-13h-42m-48s/ext2_f00021.png
TRI+52ca9b6a+2024-01-24-14h-03m-35s,ext1,b050,0,371,371,28451778,ok,0.6666666666666666,auto,1.0,0.010998263888888889,False,True,0.0018374846876275663,0.005314670138888889,1.0,0.010998263888888889,masks/TRI+52ca9b6a+2024-01-24-14h-03m-35s/ext1_f00000.png
TRI+52ca9b6a+2024-01-24-14h-03m-35s,ext2,b050,0,371,371,28813166,ok,1.0,auto,1.0,0.027977430555555554,False,True,1.0,0.02764105902777778,1.0,0.027977430555555554,masks/TRI+52ca9b6a+2024-01-24-14h-03m-35s/ext2_f00000.png
TRI+52ca9b6a+2024-01-24-14h-03m-35s,ext1,b100,15,371,371,28451778,ok,1.0,auto,1.0,0.010210503472222222,False,True,0.6440024355591638,0.005346137152777777,1.0,0.010210503472222222,masks/TRI+52ca9b6a+2024-01-24-14h-03m-35s/ext1_f00015.png
TRI+52ca9b6a+2024-01-24-14h-03m-35s,ext2,b100,15,371,371,28813166,ok,1.0,auto,1.0,0.026273871527777777,False,True,1.0,0.02633246527777778,1.0,0.026273871527777777,masks/TRI+52ca9b6a+2024-01-24-14h-03m-35s/ext2_f00015.png
TRI+52ca9b6a+2024-01-24-14h-37m-55s,ext2,b050,0,190,190,25947356,ok,0.7592592592592593,auto,0.5077597840755735,0.006432291666666667,False,True,0.41392151246061304,0.007575954861111111,0.5077597840755735,0.006432291666666667,masks/TRI+52ca9b6a+2024-01-24-14h-37m-55s/ext2_f00000.png
TRI+52ca9b6a+2024-01-24-14h-37m-55s,ext2,b100,27,190,190,25947356,ok,1.0,auto,0.7822895702616314,0.009165581597222222,False,True,0.7645115620575743,0.00919704861111111,0.7822895702616314,0.009165581597222222,masks/TRI+52ca9b6a+2024-01-24-14h-37m-55s/ext2_f00027.png
TRI+52ca9b6a+2024-01-25-10h-40m-10s,ext1,b050,46,261,261,28451778,ok,1.0,auto,0.9781357882623706,0.0018858506944444443,False,True,0.0,0.003899739583333333,0.9781357882623706,0.0018858506944444443,masks/TRI+52ca9b6a+2024-01-25-10h-40m-10s/ext1_f00046.png
TRI+52ca9b6a+2024-01-25-10h-40m-10s,ext2,b050,46,261,261,28813166,ok,0.5740740740740741,auto,0.6947941253606085,0.03309895833333333,False,True,0.018508535489667577,0.024153645833333334,0.6947941253606085,0.03309895833333333,masks/TRI+52ca9b6a+2024-01-25-10h-40m-10s/ext2_f00046.png
TRI+52ca9b6a+2024-01-25-10h-40m-10s,ext1,b100,125,261,261,28451778,ok,1.0,auto,0.8524038461538461,0.0022569444444444442,False,True,0.002044989775051076,0.0026529947916666668,0.8524038461538461,0.0022569444444444442,masks/TRI+52ca9b6a+2024-01-25-10h-40m-10s/ext1_f00125.png
TRI+52ca9b6a+2024-01-25-10h-40m-10s,ext2,b100,125,261,261,28813166,ok,1.0,auto,0.5671328671328671,0.0279296875,False,True,0.0001566416040100771,0.006927083333333334,0.5671328671328671,0.0279296875,masks/TRI+52ca9b6a+2024-01-25-10h-40m-10s/ext2_f00125.png
TRI+52ca9b6a+2024-01-25-10h-43m-40s,ext2,b050,19,438,438,25947356,ok,0.5,auto,1.0,0.006812065972222222,False,True,0.09946075494307971,0.010865885416666667,1.0,0.006812065972222222,masks/TRI+52ca9b6a+2024-01-25-10h-43m-40s/ext2_f00019.png
TRI+52ca9b6a+2024-01-25-10h-58m-21s,ext1,b050,0,253,253,28451778,ok,1.0,auto,1.0,0.013194444444444444,False,True,0.0,0.003451605902777778,1.0,0.013194444444444444,masks/TRI+52ca9b6a+2024-01-25-10h-58m-21s/ext1_f00000.png
TRI+52ca9b6a+2024-01-25-10h-58m-21s,ext2,b050,0,253,253,28813166,ok,1.0,auto,1.0,0.010936414930555555,False,True,0.0,0.012268880208333333,1.0,0.010936414930555555,masks/TRI+52ca9b6a+2024-01-25-10h-58m-21s/ext2_f00000.png
TRI+52ca9b6a+2024-01-25-14h-17m-38s,ext1,b050,0,374,374,28451778,ok,0.5185185185185185,auto,1.0,0.0010579427083333333,False,True,1.0,0.00080078125,1.0,0.0010579427083333333,masks/TRI+52ca9b6a+2024-01-25-14h-17m-38s/ext1_f00000.png
TRI+52ca9b6a+2024-01-25-14h-17m-38s,ext2,b050,0,374,374,28813166,ok,1.0,auto,1.0,0.025528428819444445,False,True,0.03341787259436069,0.007273220486111111,1.0,0.025528428819444445,masks/TRI+52ca9b6a+2024-01-25-14h-17m-38s/ext2_f00000.png
TRI+52ca9b6a+2024-01-25-14h-17m-38s,ext2,b100,15,374,374,28813166,ok,1.0,auto,1.0,0.007353515625,False,True,0.0,0.002495659722222222,1.0,0.007353515625,masks/TRI+52ca9b6a+2024-01-25-14h-17m-38s/ext2_f00015.png
TRI+52ca9b6a+2024-01-25-14h-50m-29s,ext2,b100,37,266,266,25947356,ok,1.0,auto,0.35782082495324796,0.030751953125,False,True,0.0009489595336541479,0.01600802951388889,0.35782082495324796,0.030751953125,masks/TRI+52ca9b6a+2024-01-25-14h-50m-29s/ext2_f00037.png
TRI+52ca9b6a+2024-01-25-14h-59m-01s,ext1,b050,13,191,191,28451778,ok,0.5555555555555556,auto,1.0,0.0011870659722222222,False,True,0.0,0.0006141493055555556,1.0,0.0011870659722222222,masks/TRI+52ca9b6a+2024-01-25-14h-59m-01s/ext1_f00013.png
TRI+52ca9b6a+2024-01-25-14h-59m-01s,ext1,b100,18,191,191,28451778,ok,1.0,auto,1.0,0.001144748263888889,False,True,0.0,0.011277126736111111,1.0,0.001144748263888889,masks/TRI+52ca9b6a+2024-01-25-14h-59m-01s/ext1_f00018.png
TRI+52ca9b6a+2024-01-25-15h-00m-44s,ext1,b050,0,177,177,28451778,ok,1.0,auto,0.44637681159420295,0.04754231770833333,False,True,0.0004455087152642756,0.01948459201388889,0.44637681159420295,0.04754231770833333,masks/TRI+52ca9b6a+2024-01-25-15h-00m-44s/ext1_f00000.png
TRI+52ca9b6a+2024-01-25-15h-03m-01s,ext2,b050,44,454,454,25947356,ok,0.5,auto,0.23260359655981233,0.005551215277777778,False,True,0.08664772727272729,0.0030555555555555557,0.23260359655981233,0.005551215277777778,masks/TRI+52ca9b6a+2024-01-25-15h-03m-01s/ext2_f00044.png
TRI+52ca9b6a+2024-01-25-15h-18m-14s,ext1,b050,0,235,235,28451778,ok,0.8518518518518519,auto,1.0,0.0021137152777777777,False,True,0.0,0.014614800347222222,1.0,0.0021137152777777777,masks/TRI+52ca9b6a+2024-01-25-15h-18m-14s/ext1_f00000.png
TRI+52ca9b6a+2024-01-25-15h-18m-59s,ext1,b050,22,177,177,28451778,ok,0.5185185185185185,auto,1.0,0.007722439236111111,False,True,0.6268406961178046,0.0032421875,1.0,0.007722439236111111,masks/TRI+52ca9b6a+2024-01-25-15h-18m-59s/ext1_f00022.png
TRI+52ca9b6a+2024-01-25-15h-18m-59s,ext1,b100,44,177,177,28451778,ok,1.0,auto,0.8840155453490133,0.021498480902777777,False,True,0.8784744667097608,0.021821831597222223,0.8840155453490133,0.021498480902777777,masks/TRI+52ca9b6a+2024-01-25-15h-18m-59s/ext1_f00044.png
TRI+52ca9b6a+2024-01-25-15h-20m-34s,ext1,b050,0,160,160,28451778,ok,0.6851851851851852,auto,0.5825128714659922,0.012012803819444445,False,True,0.5701795619065526,0.011541883680555556,0.5825128714659922,0.012012803819444445,masks/TRI+52ca9b6a+2024-01-25-15h-20m-34s/ext1_f00000.png
TRI+52ca9b6a+2024-01-25-15h-20m-34s,ext1,b100,28,160,160,28451778,ok,1.0,auto,0.859562311891037,0.021270616319444446,False,True,0.8523427107454303,0.02202365451388889,0.859562311891037,0.021270616319444446,masks/TRI+52ca9b6a+2024-01-25-15h-20m-34s/ext1_f00028.png
TRI+52ca9b6a+2024-01-25-16h-01m-49s,ext1,b050,0,226,226,28451778,ok,1.0,auto,0.8978276686415133,0.010439453125,False,True,0.47146034099332834,0.0014637586805555556,0.8978276686415133,0.010439453125,masks/TRI+52ca9b6a+2024-01-25-16h-01m-49s/ext1_f00000.png
TRI+52ca9b6a+2024-01-25-16h-01m-49s,ext2,b050,0,226,226,28813166,ok,1.0,auto,0.6125668816024146,0.007909071180555555,False,True,0.5378284267173157,0.00685546875,0.6125668816024146,0.007909071180555555,masks/TRI+52ca9b6a+2024-01-25-16h-01m-49s/ext2_f00000.png
TRI+52ca9b6a+2024-01-25-16h-02m-47s,ext1,b050,0,191,191,28451778,ok,0.6111111111111112,auto,1.0,0.008861762152777777,False,True,0.0,0.012151692708333333,1.0,0.008861762152777777,masks/TRI+52ca9b6a+2024-01-25-16h-02m-47s/ext1_f00000.png
TRI+52ca9b6a+2024-01-25-16h-02m-47s,ext2,b050,0,191,191,28813166,ok,1.0,auto,0.6298747647784051,0.016722005208333335,False,True,0.41319727891156466,0.007975260416666666,0.6298747647784051,0.016722005208333335,masks/TRI+52ca9b6a+2024-01-25-16h-02m-47s/ext2_f00000.png
TRI+52ca9b6a+2024-01-25-16h-11m-19s,ext1,b050,0,178,178,28451778,ok,1.0,auto,0.9537948290241868,0.01300998263888889,False,True,0.8998193315266486,0.01201171875,0.9537948290241868,0.01300998263888889,masks/TRI+52ca9b6a+2024-01-25-16h-11m-19s/ext1_f00000.png
TRI+52ca9b6a+2024-01-25-16h-11m-19s,ext2,b050,0,178,178,28813166,ok,1.0,auto,0.7691850089232599,0.007296006944444444,False,True,0.6895734597156398,0.005036892361111111,0.7691850089232599,0.007296006944444444,masks/TRI+52ca9b6a+2024-01-25-16h-11m-19s/ext2_f00000.png
TRI+52ca9b6a+2024-01-25-16h-18m-43s,ext1,b050,15,318,318,28451778,ok,0.5370370370370371,auto,1.0,0.014110243055555555,False,True,0.5868055555555556,0.003125,1.0,0.014110243055555555,masks/TRI+52ca9b6a+2024-01-25-16h-18m-43s/ext1_f00015.png
TRI+52ca9b6a+2024-01-25-16h-18m-43s,ext2,b050,15,318,318,28813166,ok,1.0,auto,0.24138894060696336,0.011655815972222223,False,True,0.2299250535331906,0.008107638888888888,0.24138894060696336,0.011655815972222223,masks/TRI+52ca9b6a+2024-01-25-16h-18m-43s/ext2_f00015.png
TRI+52ca9b6a+2024-01-25-16h-20m-36s,ext1,b050,0,259,259,28451778,ok,0.9444444444444444,auto,1.0,0.008328993055555555,False,True,0.03644158628081462,0.0010123697916666666,1.0,0.008328993055555555,masks/TRI+52ca9b6a+2024-01-25-16h-20m-36s/ext1_f00000.png
TRI+52ca9b6a+2024-01-25-16h-20m-36s,ext2,b050,0,259,259,28813166,ok,1.0,auto,0.3165184429217087,0.007442491319444445,False,True,0.30267716535433076,0.006890190972222222,0.3165184429217087,0.007442491319444445,masks/TRI+52ca9b6a+2024-01-25-16h-20m-36s/ext2_f00000.png
TRI+52ca9b6a+2024-01-25-16h-20m-36s,ext1,b100,135,259,259,28451778,ok,1.0,auto,1.0,0.006535373263888889,False,True,0.04837117472852914,0.028578559027777777,1.0,0.006535373263888889,masks/TRI+52ca9b6a+2024-01-25-16h-20m-36s/ext1_f00135.png
TRI+52ca9b6a+2024-01-25-16h-20m-36s,ext2,b100,135,259,259,28813166,ok,1.0,auto,0.5802316329237026,0.012273220486111111,False,True,0.3540799333888426,0.0052126736111111115,0.5802316329237026,0.012273220486111111,masks/TRI+52ca9b6a+2024-01-25-16h-20m-36s/ext2_f00135.png
TRI+52ca9b6a+2024-01-25-16h-33m-03s,ext1,b050,27,392,392,28451778,ok,0.6111111111111112,auto,1.0,0.00999240451388889,False,True,0.018676677616142667,0.02312282986111111,1.0,0.00999240451388889,masks/TRI+52ca9b6a+2024-01-25-16h-33m-03s/ext1_f00027.png
TRI+52ca9b6a+2024-01-25-16h-33m-03s,ext2,b050,27,392,392,28813166,ok,1.0,auto,0.5704443118320404,0.020001085069444445,False,True,0.02012265235722499,0.0056618923611111115,0.5704443118320404,0.020001085069444445,masks/TRI+52ca9b6a+2024-01-25-16h-33m-03s/ext2_f00027.png
TRI+52ca9b6a+2024-01-25-16h-33m-03s,ext1,b100,32,392,392,28451778,ok,1.0,auto,1.0,0.007796223958333333,False,True,0.4482545354590435,0.015789930555555557,1.0,0.007796223958333333,masks/TRI+52ca9b6a+2024-01-25-16h-33m-03s/ext1_f00032.png
TRI+52ca9b6a+2024-01-25-16h-33m-03s,ext2,b100,32,392,392,28813166,ok,1.0,auto,0.7399860344061449,0.017093098958333334,False,True,0.138749582079572,0.0032454427083333333,0.7399860344061449,0.017093098958333334,masks/TRI+52ca9b6a+2024-01-25-16h-33m-03s/ext2_f00032.png
TRI+52ca9b6a+2024-01-25-16h-37m-15s,ext1,b050,0,159,159,28451778,ok,0.8888888888888888,auto,1.0,0.011656901041666667,False,True,0.003367244590915641,0.015145399305555555,1.0,0.011656901041666667,masks/TRI+52ca9b6a+2024-01-25-16h-37m-15s/ext1_f00000.png
TRI+52ca9b6a+2024-01-25-16h-37m-15s,ext2,b050,0,159,159,28813166,ok,1.0,auto,0.6928727189257431,0.009454210069444444,False,True,0.6947814145113298,0.009481336805555556,0.6928727189257431,0.009454210069444444,masks/TRI+52ca9b6a+2024-01-25-16h-37m-15s/ext2_f00000.png
TRI+52ca9b6a+2024-01-25-16h-41m-41s,ext1,b050,15,227,227,28451778,ok,0.5370370370370371,auto,1.0,0.009360894097222221,False,True,0.0,0.006446397569444444,1.0,0.009360894097222221,masks/TRI+52ca9b6a+2024-01-25-16h-41m-41s/ext1_f00015.png
TRI+52ca9b6a+2024-01-25-16h-41m-41s,ext2,b050,15,227,227,28813166,ok,1.0,auto,0.43907035175879394,0.017274305555555557,False,True,0.013915060153645409,0.007485894097222222,0.43907035175879394,0.017274305555555557,masks/TRI+52ca9b6a+2024-01-25-16h-41m-41s/ext2_f00015.png
TRI+52ca9b6a+2024-01-25-16h-41m-41s,ext1,b100,32,227,227,28451778,ok,1.0,auto,1.0,0.005054253472222222,False,True,0.5571271628673442,0.007901475694444444,1.0,0.005054253472222222,masks/TRI+52ca9b6a+2024-01-25-16h-41m-41s/ext1_f00032.png
TRI+52ca9b6a+2024-01-25-16h-41m-41s,ext2,b100,32,227,227,28813166,ok,1.0,auto,0.6278449866721345,0.01058376736111111,False,True,0.3452205106562566,0.005142144097222222,0.6278449866721345,0.01058376736111111,masks/TRI+52ca9b6a+2024-01-25-16h-41m-41s/ext2_f00032.png
TRI+52ca9b6a+2024-01-25-16h-45m-03s,ext1,b050,0,247,247,28451778,ok,1.0,auto,0.9827224608009587,0.010864800347222222,False,True,0.14605335963624988,0.04510308159722222,0.9827224608009587,0.010864800347222222,masks/TRI+52ca9b6a+2024-01-25-16h-45m-03s/ext1_f00000.png
TRI+52ca9b6a+2024-01-25-16h-45m-03s,ext2,b050,0,247,247,28813166,ok,1.0,auto,0.2643712132407271,0.007342664930555556,False,True,0.2606007067137809,0.007369791666666667,0.2643712132407271,0.007342664930555556,masks/TRI+52ca9b6a+2024-01-25-16h-45m-03s/ext2_f00000.png
TRI+52ca9b6a+2024-01-25-17h-09m-09s,ext2,b050,0,177,177,28813166,ok,1.0,auto,0.39822606322492604,0.004771050347222222,False,True,0.3782977747189722,0.004729817708333334,0.39822606322492604,0.004771050347222222,masks/TRI+52ca9b6a+2024-01-25-17h-09m-09s/ext2_f00000.png
TRI+52ca9b6a+2024-01-25-17h-14m-49s,ext2,b050,0,150,150,28813166,ok,1.0,auto,0.7375103050288541,0.006580946180555556,False,True,0.4928012124273806,0.004295789930555556,0.7375103050288541,0.006580946180555556,masks/TRI+52ca9b6a+2024-01-25-17h-14m-49s/ext2_f00000.png
TRI+52ca9b6a+2024-01-25-17h-16m-01s,ext1,b050,140,165,165,20252535,ok,1.0,auto,0.45764576457645767,0.018740234375,False,True,0.0,0.006575520833333333,0.45764576457645767,0.018740234375,masks/TRI+52ca9b6a+2024-01-25-17h-16m-01s/ext1_f00140.png
TRI+52ca9b6a+2024-01-25-17h-22m-53s,ext2,b050,0,113,113,28813166,ok,1.0,auto,0.7174447174447174,0.004857855902777777,False,True,0.6361264134531748,0.003742404513888889,0.7174447174447174,0.004857855902777777,masks/TRI+52ca9b6a+2024-01-25-17h-22m-53s/ext2_f00000.png
TRI+52ca9b6a+2024-01-25-17h-25m-34s,ext2,b050,0,316,316,28813166,ok,1.0,auto,0.7415750585691115,0.006021050347222222,False,True,0.7123540258143823,0.005296223958333333,0.7415750585691115,0.006021050347222222,masks/TRI+52ca9b6a+2024-01-25-17h-25m-34s/ext2_f00000.png
TRI+52ca9b6a+2024-01-29-10h-10m-38s,ext2,b050,26,514,514,25947356,ok,0.5,auto,0.9773795300677021,0.02724609375,False,True,0.868461037551552,0.0049989149305555555,0.9773795300677021,0.02724609375,masks/TRI+52ca9b6a+2024-01-29-10h-10m-38s/ext2_f00026.png
TRI+52ca9b6a+2024-01-29-10h-10m-38s,ext2,b100,50,514,514,25947356,ok,1.0,auto,0.9885407341092212,0.018180338541666667,False,True,0.0,0.0012858072916666667,0.9885407341092212,0.018180338541666667,masks/TRI+52ca9b6a+2024-01-29-10h-10m-38s/ext2_f00050.png
TRI+52ca9b6a+2024-01-29-10h-14m-07s,ext1,b050,46,363,363,20252535,ok,1.0,auto,0.532496205326342,0.015726996527777776,False,True,0.15123726346433775,0.007454427083333334,0.532496205326342,0.015726996527777776,masks/TRI+52ca9b6a+2024-01-29-10h-14m-07s/ext1_f00046.png
TRI+52ca9b6a+2024-01-29-10h-14m-07s,ext2,b050,46,363,363,25947356,ok,0.5,auto,1.0,0.014146050347222222,False,True,0.0,0.0013606770833333333,1.0,0.014146050347222222,masks/TRI+52ca9b6a+2024-01-29-10h-14m-07s/ext2_f00046.png
TRI+52ca9b6a+2024-01-29-10h-14m-07s,ext1,b100,60,363,363,20252535,ok,1.0,auto,0.7069408740359897,0.0012662760416666666,False,True,0.14360878984834413,0.010517578125,0.7069408740359897,0.0012662760416666666,masks/TRI+52ca9b6a+2024-01-29-10h-14m-07s/ext1_f00060.png
TRI+52ca9b6a+2024-01-29-10h-14m-07s,ext2,b100,60,363,363,25947356,ok,1.0,auto,1.0,0.005508897569444444,False,True,0.0,0.0024034288194444446,1.0,0.005508897569444444,masks/TRI+52ca9b6a+2024-01-29-10h-14m-07s/ext2_f00060.png
TRI+52ca9b6a+2024-01-29-10h-28m-00s,ext1,b050,24,633,633,20252535,ok,1.0,auto,0.3054512689593032,0.007225477430555556,False,True,0.187144291931704,0.006482204861111111,0.3054512689593032,0.007225477430555556,masks/TRI+52ca9b6a+2024-01-29-10h-28m-00s/ext1_f00024.png
TRI+52ca9b6a+2024-01-29-10h-28m-00s,ext2,b050,24,633,633,25947356,ok,0.5370370370370371,auto,1.0,0.010330946180555555,False,True,0.004347826086956497,0.0017469618055555556,1.0,0.010330946180555555,masks/TRI+52ca9b6a+2024-01-29-10h-28m-00s/ext2_f00024.png
TRI+52ca9b6a+2024-01-29-10h-28m-00s,ext2,b100,44,633,633,25947356,ok,1.0,auto,1.0,0.005099826388888889,False,True,0.0,0.0009733072916666667,1.0,0.005099826388888889,masks/TRI+52ca9b6a+2024-01-29-10h-28m-00s/ext2_f00044.png
TRI+52ca9b6a+2024-01-29-13h-37m-00s,ext1,b050,0,191,191,28451778,ok,1.0,auto,0.4055974298776721,0.01756293402777778,False,True,0.3599198396793587,0.016243489583333333,0.4055974298776721,0.01756293402777778,masks/TRI+52ca9b6a+2024-01-29-13h-37m-00s/ext1_f00000.png
TRI+52ca9b6a+2024-01-29-14h-17m-15s,ext1,b050,24,224,224,20252535,ok,1.0,auto,0.2973156182212582,0.008003472222222223,False,True,0.22630968694002318,0.010294053819444444,0.2973156182212582,0.008003472222222223,masks/TRI+52ca9b6a+2024-01-29-14h-17m-15s/ext1_f00024.png
TRI+52ca9b6a+2024-01-29-14h-17m-15s,ext2,b050,24,224,224,25947356,ok,0.5555555555555556,auto,0.7689087759815243,0.007517361111111111,False,True,0.7572364827962862,0.007947048611111111,0.7689087759815243,0.007517361111111111,masks/TRI+52ca9b6a+2024-01-29-14h-17m-15s/ext2_f00024.png
TRI+52ca9b6a+2024-01-29-14h-17m-15s,ext1,b100,31,224,224,20252535,ok,1.0,auto,0.3836722919371124,0.007522786458333333,False,True,0.2603285216525635,0.010899522569444445,0.3836722919371124,0.007522786458333333,masks/TRI+52ca9b6a+2024-01-29-14h-17m-15s/ext1_f00031.png
TRI+52ca9b6a+2024-01-29-14h-20m-47s,ext2,b050,0,158,158,25947356,ok,0.8888888888888888,auto,1.0,0.009111328125,False,True,nan,0.0,1.0,0.009111328125,masks/TRI+52ca9b6a+2024-01-29-14h-20m-47s/ext2_f00000.png
TRI+52ca9b6a+2024-01-29-14h-20m-47s,ext2,b100,26,158,158,25947356,ok,1.0,auto,0.75221027479092,0.00908203125,False,True,0.6265685850281264,0.007522786458333333,0.75221027479092,0.00908203125,masks/TRI+52ca9b6a+2024-01-29-14h-20m-47s/ext2_f00026.png
TRI+52ca9b6a+2024-01-29-16h-46m-53s,ext2,b050,0,198,198,25947356,ok,1.0,auto,1.0,0.0033018663194444445,False,True,0.010123734533183382,0.005787760416666667,1.0,0.0033018663194444445,masks/TRI+52ca9b6a+2024-01-29-16h-46m-53s/ext2_f00000.png
TRI+52ca9b6a+2024-01-29-17h-10m-50s,ext1,b050,0,178,178,28451778,ok,1.0,auto,1.0,0.007560763888888889,False,True,0.9359908010732081,0.0028309461805555557,1.0,0.007560763888888889,masks/TRI+52ca9b6a+2024-01-29-17h-10m-50s/ext1_f00000.png
TRI+52ca9b6a+2024-01-30-10h-14m-50s,ext2,b050,0,377,377,25947356,ok,1.0,auto,0.32269176653243414,0.022364366319444443,False,True,0.0052270499836655215,0.009964192708333333,0.32269176653243414,0.022364366319444443,masks/TRI+52ca9b6a+2024-01-30-10h-14m-50s/ext2_f00000.png
TRI+52ca9b6a+2024-01-30-11h-48m-08s,ext2,b050,0,381,381,25947356,ok,1.0,auto,0.9498395423468676,0.015553385416666666,False,True,0.9126517331998498,0.008670789930555556,0.9498395423468676,0.015553385416666666,masks/TRI+52ca9b6a+2024-01-30-11h-48m-08s/ext2_f00000.png
TRI+52ca9b6a+2024-01-30-14h-20m-02s,ext2,b050,0,175,175,25947356,ok,1.0,auto,0.9996702571993845,0.01974392361111111,False,True,0.9972680466533571,0.010326605902777777,0.9996702571993845,0.01974392361111111,masks/TRI+52ca9b6a+2024-01-30-14h-20m-02s/ext2_f00000.png
TRI+52ca9b6a+2024-01-30-14h-24m-37s,ext2,b050,0,222,222,25947356,ok,1.0,auto,0.9215403008867191,0.02178168402777778,False,True,0.785946080878682,0.00869357638888889,0.9215403008867191,0.02178168402777778,masks/TRI+52ca9b6a+2024-01-30-14h-24m-37s/ext2_f00000.png
TRI+52ca9b6a+2024-01-30-14h-38m-18s,ext2,b050,0,130,130,25947356,ok,1.0,auto,0.812272275587943,0.02620659722222222,False,True,0.42752127933969564,0.008413628472222223,0.812272275587943,0.02620659722222222,masks/TRI+52ca9b6a+2024-01-30-14h-38m-18s/ext2_f00000.png
TRI+52ca9b6a+2024-01-30-14h-45m-28s,ext2,b050,0,337,337,25947356,ok,1.0,auto,0.6500184128153195,0.02357204861111111,False,True,0.18910838227442606,0.010161675347222222,0.6500184128153195,0.02357204861111111,masks/TRI+52ca9b6a+2024-01-30-14h-45m-28s/ext2_f00000.png
TRI+52ca9b6a+2024-01-30-17h-07m-22s,ext1,b050,0,219,219,20252535,ok,1.0,auto,0.35738550849279727,0.025233289930555555,False,True,0.335155649934487,0.02401584201388889,0.35738550849279727,0.025233289930555555,masks/TRI+52ca9b6a+2024-01-30-17h-07m-22s/ext1_f00000.png
TRI+52ca9b6a+2024-01-31-11h-15m-13s,ext2,b050,0,189,189,28813166,ok,1.0,auto,0.9495798319327731,0.01032986111111111,False,True,0.6994100068960233,0.014161241319444445,0.9495798319327731,0.01032986111111111,masks/TRI+52ca9b6a+2024-01-31-11h-15m-13s/ext2_f00000.png
TRI+52ca9b6a+2024-01-31-11h-15m-13s,ext2,b100,40,189,189,28813166,ok,1.0,auto,1.0,0.01230251736111111,False,True,0.0011326860841424091,0.006705729166666666,1.0,0.01230251736111111,masks/TRI+52ca9b6a+2024-01-31-11h-15m-13s/ext2_f00040.png
TRI+52ca9b6a+2024-01-31-15h-41m-05s,ext1,b050,0,163,163,28451778,ok,1.0,auto,1.0,0.013292100694444444,False,True,1.0,0.011123046875,1.0,0.013292100694444444,masks/TRI+52ca9b6a+2024-01-31-15h-41m-05s/ext1_f00000.png
TRI+52ca9b6a+2024-01-31-15h-41m-05s,ext2,b050,0,163,163,28813166,ok,1.0,auto,0.9423837413024979,0.021676432291666665,False,True,0.030684104627766606,0.006471354166666667,0.9423837413024979,0.021676432291666665,masks/TRI+52ca9b6a+2024-01-31-15h-41m-05s/ext2_f00000.png
TRI+52ca9b6a+2024-01-31-15h-46m-35s,ext1,b050,0,281,281,28451778,ok,0.8333333333333334,auto,1.0,0.004811197916666667,False,True,0.411828793774319,0.006971571180555556,1.0,0.004811197916666667,masks/TRI+52ca9b6a+2024-01-31-15h-46m-35s/ext1_f00000.png
TRI+52ca9b6a+2024-01-31-15h-46m-35s,ext2,b050,0,281,281,28813166,ok,0.6481481481481481,auto,0.7706770040149522,0.03918728298611111,False,True,0.43391951442587506,0.05220052083333333,0.7706770040149522,0.03918728298611111,masks/TRI+52ca9b6a+2024-01-31-15h-46m-35s/ext2_f00000.png
TRI+52ca9b6a+2024-01-31-15h-46m-35s,ext1,b100,31,281,281,28451778,ok,1.0,auto,1.0,0.021231553819444443,False,True,0.6888426888426888,0.0031315104166666666,1.0,0.021231553819444443,masks/TRI+52ca9b6a+2024-01-31-15h-46m-35s/ext1_f00031.png
TRI+52ca9b6a+2024-01-31-15h-46m-35s,ext2,b100,31,281,281,28813166,ok,1.0,auto,0.6699504647409139,0.019495442708333335,False,True,0.2080377678247186,0.04481879340277778,0.6699504647409139,0.019495442708333335,masks/TRI+52ca9b6a+2024-01-31-15h-46m-35s/ext2_f00031.png
TRI+52ca9b6a+2024-01-31-15h-51m-47s,ext1,b050,0,250,250,28451778,ok,0.8333333333333334,auto,1.0,0.009039713541666666,False,True,1.0,0.004481336805555555,1.0,0.009039713541666666,masks/TRI+52ca9b6a+2024-01-31-15h-51m-47s/ext1_f00000.png
TRI+52ca9b6a+2024-01-31-15h-51m-47s,ext2,b050,0,250,250,28813166,ok,0.6666666666666666,auto,0.958874869556968,0.022875434027777777,False,True,0.0,0.005533854166666667,0.958874869556968,0.022875434027777777,masks/TRI+52ca9b6a+2024-01-31-15h-51m-47s/ext2_f00000.png
TRI+52ca9b6a+2024-01-31-15h-51m-47s,ext1,b100,24,250,250,28451778,ok,1.0,auto,1.0,0.012376302083333334,False,True,1.0,0.00771484375,1.0,0.012376302083333334,masks/TRI+52ca9b6a+2024-01-31-15h-51m-47s/ext1_f00024.png
TRI+52ca9b6a+2024-01-31-15h-51m-47s,ext2,b100,24,250,250,28813166,ok,1.0,auto,0.8069589308996089,0.013315972222222222,False,True,6.0923601803319904e-05,0.017810329861111113,0.8069589308996089,0.013315972222222222,masks/TRI+52ca9b6a+2024-01-31-15h-51m-47s/ext2_f00024.png
TRI+52ca9b6a+2024-01-31-15h-59m-07s,ext1,b050,0,395,395,28451778,ok,0.8888888888888888,auto,1.0,0.02583224826388889,False,True,1.0,0.013511284722222221,1.0,0.02583224826388889,masks/TRI+52ca9b6a+2024-01-31-15h-59m-07s/ext1_f00000.png
TRI+52ca9b6a+2024-01-31-15h-59m-07s,ext2,b050,0,395,395,28813166,ok,0.6666666666666666,auto,0.4776641871196149,0.02727756076388889,False,True,0.22662242866622428,0.04087999131944445,0.4776641871196149,0.02727756076388889,masks/TRI+52ca9b6a+2024-01-31-15h-59m-07s/ext2_f00000.png
TRI+52ca9b6a+2024-01-31-15h-59m-07s,ext1,b100,76,395,395,28451778,ok,1.0,auto,1.0,0.008168402777777778,False,True,1.0,0.012003038194444444,1.0,0.008168402777777778,masks/TRI+52ca9b6a+2024-01-31-15h-59m-07s/ext1_f00076.png
TRI+52ca9b6a+2024-01-31-15h-59m-07s,ext2,b100,76,395,395,28813166,ok,1.0,auto,0.8725043232196196,0.006902126736111111,False,True,0.19826478149100257,0.003376736111111111,0.8725043232196196,0.006902126736111111,masks/TRI+52ca9b6a+2024-01-31-15h-59m-07s/ext2_f00076.png
TRI+52ca9b6a+2024-01-31-16h-07m-13s,ext1,b050,0,351,351,20252535,ok,1.0,auto,0.24013114754098364,0.016547309027777776,False,True,0.061423650975889754,0.013231336805555556,0.24013114754098364,0.016547309027777776,masks/TRI+52ca9b6a+2024-01-31-16h-07m-13s/ext1_f00000.png
TRI+52ca9b6a+2024-01-31-16h-07m-13s,ext2,b050,0,351,351,25947356,ok,1.0,auto,0.21453982985305486,0.0070149739583333336,False,True,0.10830399668668467,0.0052398003472222225,0.21453982985305486,0.0070149739583333336,masks/TRI+52ca9b6a+2024-01-31-16h-07m-13s/ext2_f00000.png
TRI+52ca9b6a+2024-01-31-16h-33m-21s,ext2,b050,0,166,166,25947356,ok,1.0,auto,0.9931192660550459,0.02507378472222222,False,True,0.0,0.011059027777777777,0.9931192660550459,0.02507378472222222,masks/TRI+52ca9b6a+2024-01-31-16h-33m-21s/ext2_f00000.png
TRI+52ca9b6a+2024-01-31-16h-37m-44s,ext2,b050,0,234,234,25947356,ok,1.0,auto,0.47770999530736746,0.0023122829861111113,False,True,0.0,0.0053515625,0.47770999530736746,0.0023122829861111113,masks/TRI+52ca9b6a+2024-01-31-16h-37m-44s/ext2_f00000.png
TRI+52ca9b6a+2024-02-01-14h-22m-51s,ext2,b050,0,203,203,25947356,ok,1.0,auto,0.2348906986712388,0.005062934027777778,False,True,0.0,0.0021820746527777776,0.2348906986712388,0.005062934027777778,masks/TRI+52ca9b6a+2024-02-01-14h-22m-51s/ext2_f00000.png
TRI+52ca9b6a+2024-02-01-15h-06m-39s,ext1,b050,0,198,198,20252535,ok,1.0,auto,0.6113505747126438,0.01359375,False,True,0.0,0.008717447916666666,0.6113505747126438,0.01359375,masks/TRI+52ca9b6a+2024-02-01-15h-06m-39s/ext1_f00000.png
TRI+52ca9b6a+2024-02-05-10h-24m-08s,ext1,b050,0,259,259,20252535,ok,1.0,auto,0.37190048086974703,0.02594943576388889,False,True,0.09178128714552558,0.012779947916666666,0.37190048086974703,0.02594943576388889,masks/TRI+52ca9b6a+2024-02-05-10h-24m-08s/ext1_f00000.png
TRI+52ca9b6a+2024-02-05-10h-34m-51s,ext1,b050,0,611,611,20252535,ok,1.0,auto,1.0,0.01817599826388889,False,True,0.8357843137254902,0.003984375,1.0,0.01817599826388889,masks/TRI+52ca9b6a+2024-02-05-10h-34m-51s/ext1_f00000.png
TRI+52ca9b6a+2024-02-05-13h-28m-34s,ext1,b050,0,177,177,28451778,ok,1.0,auto,1.0,0.01458984375,False,True,0.7729357798165137,0.0004730902777777778,1.0,0.01458984375,masks/TRI+52ca9b6a+2024-02-05-13h-28m-34s/ext1_f00000.png
TRI+52ca9b6a+2024-02-05-13h-28m-34s,ext2,b050,0,177,178,28813166,ok,1.0,auto,1.0,0.005966796875,False,True,0.003618817852834688,0.0017990451388888889,1.0,0.005966796875,masks/TRI+52ca9b6a+2024-02-05-13h-28m-34s/ext2_f00000.png
TRI+52ca9b6a+2024-02-05-13h-31m-19s,ext1,b050,0,172,172,28451778,ok,1.0,auto,1.0,0.006193576388888889,False,True,1.0,0.006196831597222222,1.0,0.006193576388888889,masks/TRI+52ca9b6a+2024-02-05-13h-31m-19s/ext1_f00000.png
TRI+52ca9b6a+2024-02-05-13h-31m-19s,ext2,b050,0,172,172,28813166,ok,1.0,auto,0.22080679405520165,0.00306640625,False,True,0.013934426229508245,0.005295138888888889,0.22080679405520165,0.00306640625,masks/TRI+52ca9b6a+2024-02-05-13h-31m-19s/ext2_f00000.png
TRI+52ca9b6a+2024-02-05-13h-44m-47s,ext1,b050,0,163,163,28451778,ok,1.0,auto,1.0,0.019105902777777777,False,True,0.0,0.0024837239583333334,1.0,0.019105902777777777,masks/TRI+52ca9b6a+2024-02-05-13h-44m-47s/ext1_f00000.png
TRI+52ca9b6a+2024-02-05-13h-44m-47s,ext2,b050,0,163,163,28813166,ok,1.0,auto,0.9823238755030309,0.021300998263888888,False,True,0.01909830932999379,0.0034657118055555556,0.9823238755030309,0.021300998263888888,masks/TRI+52ca9b6a+2024-02-05-13h-44m-47s/ext2_f00000.png
TRI+52ca9b6a+2024-02-05-14h-04m-01s,ext2,b050,0,151,151,25947356,ok,1.0,auto,1.0,0.0064637586805555555,False,True,0.0,0.0005197482638888889,1.0,0.0064637586805555555,masks/TRI+52ca9b6a+2024-02-05-14h-04m-01s/ext2_f00000.png
TRI+52ca9b6a+2024-02-05-14h-31m-22s,ext1,b050,0,218,218,20252535,ok,0.9814814814814815,auto,0.9559564871318652,0.012268880208333333,False,True,0.9569269521410579,0.00861545138888889,0.9559564871318652,0.012268880208333333,masks/TRI+52ca9b6a+2024-02-05-14h-31m-22s/ext1_f00000.png
TRI+52ca9b6a+2024-02-05-14h-31m-22s,ext2,b050,0,218,218,25947356,ok,1.0,auto,0.8594334580438269,0.006090494791666666,False,True,0.0,0.0005436197916666666,0.8594334580438269,0.006090494791666666,masks/TRI+52ca9b6a+2024-02-05-14h-31m-22s/ext2_f00000.png
TRI+52ca9b6a+2024-02-05-14h-31m-22s,ext1,b100,12,218,218,20252535,ok,1.0,auto,0.9607064017660044,0.012288411458333334,False,True,0.9636550912301354,0.0073741319444444444,0.9607064017660044,0.012288411458333334,masks/TRI+52ca9b6a+2024-02-05-14h-31m-22s/ext1_f00012.png
TRI+52ca9b6a+2024-02-05-14h-31m-22s,ext2,b100,12,218,218,25947356,ok,1.0,auto,0.8959145965920755,0.0052853732638888885,False,True,0.004825090470446325,0.0008995225694444444,0.8959145965920755,0.0052853732638888885,masks/TRI+52ca9b6a+2024-02-05-14h-31m-22s/ext2_f00012.png
TRI+52ca9b6a+2024-02-05-14h-58m-31s,ext2,b050,12,370,370,28813166,ok,0.5,auto,0.2879215816580828,0.006531032986111111,False,True,0.0,0.004692925347222222,0.2879215816580828,0.006531032986111111,masks/TRI+52ca9b6a+2024-02-05-14h-58m-31s/ext2_f00012.png
TRI+52ca9b6a+2024-02-06-10h-17m-51s,ext1,b050,0,343,343,28451778,ok,1.0,auto,1.0,0.004220920138888889,False,True,0.0,0.002224392361111111,1.0,0.004220920138888889,masks/TRI+52ca9b6a+2024-02-06-10h-17m-51s/ext1_f00000.png
TRI+52ca9b6a+2024-02-06-10h-17m-51s,ext2,b050,0,343,343,28813166,ok,0.5740740740740741,auto,1.0,0.005057508680555556,False,True,nan,0.0,1.0,0.005057508680555556,masks/TRI+52ca9b6a+2024-02-06-10h-17m-51s/ext2_f00000.png
TRI+52ca9b6a+2024-02-06-12h-03m-18s,ext1,b050,0,209,209,28451778,ok,1.0,auto,1.0,0.0038758680555555556,False,True,0.8454641350210971,0.0020572916666666665,1.0,0.0038758680555555556,masks/TRI+52ca9b6a+2024-02-06-12h-03m-18s/ext1_f00000.png
TRI+52ca9b6a+2024-02-06-12h-16m-44s,ext1,b050,0,293,293,28451778,ok,1.0,auto,1.0,0.009071180555555556,False,True,0.0806968105546304,0.008471137152777778,1.0,0.009071180555555556,masks/TRI+52ca9b6a+2024-02-06-12h-16m-44s/ext1_f00000.png
TRI+52ca9b6a+2024-02-06-12h-16m-44s,ext2,b050,0,293,293,28813166,ok,1.0,auto,1.0,0.004767795138888889,False,True,0.5214395099540582,0.0028342013888888887,1.0,0.004767795138888889,masks/TRI+52ca9b6a+2024-02-06-12h-16m-44s/ext2_f00000.png
TRI+52ca9b6a+2024-02-06-13h-48m-06s,ext1,b050,0,150,150,28451778,ok,1.0,auto,1.0,0.007224392361111111,False,True,0.2240168539325843,0.0030902777777777777,1.0,0.007224392361111111,masks/TRI+52ca9b6a+2024-02-06-13h-48m-06s/ext1_f00000.png
TRI+52ca9b6a+2024-02-06-13h-48m-06s,ext2,b050,0,150,150,28813166,ok,1.0,auto,1.0,0.007188585069444444,False,True,0.9972153465346535,0.007013888888888889,1.0,0.007188585069444444,masks/TRI+52ca9b6a+2024-02-06-13h-48m-06s/ext2_f00000.png
TRI+52ca9b6a+2024-02-06-14h-04m-18s,ext1,b050,0,255,255,20252535,ok,1.0,auto,0.9445798797334634,0.006676432291666667,False,True,0.8894577612287643,0.004662543402777778,0.9445798797334634,0.006676432291666667,masks/TRI+52ca9b6a+2024-02-06-14h-04m-18s/ext1_f00000.png
TRI+52ca9b6a+2024-02-06-14h-16m-57s,ext1,b050,0,273,273,20252535,ok,1.0,auto,0.9273291925465839,0.010481770833333333,False,True,0.12026681378203519,0.021635199652777777,0.9273291925465839,0.010481770833333333,masks/TRI+52ca9b6a+2024-02-06-14h-16m-57s/ext1_f00000.png
TRI+52ca9b6a+2024-02-06-14h-17m-26s,ext1,b050,0,392,392,20252535,ok,1.0,auto,0.5787321063394684,0.007958984375,False,True,0.003532608695652195,0.011979166666666667,0.5787321063394684,0.007958984375,masks/TRI+52ca9b6a+2024-02-06-14h-17m-26s/ext1_f00000.png
TRI+52ca9b6a+2024-02-06-15h-12m-51s,ext1,b050,0,276,276,28451778,ok,1.0,auto,1.0,0.006155598958333334,False,True,0.9081176094598913,0.006790364583333333,1.0,0.006155598958333334,masks/TRI+52ca9b6a+2024-02-06-15h-12m-51s/ext1_f00000.png
TRI+52ca9b6a+2024-02-06-15h-12m-51s,ext2,b050,0,276,276,28813166,ok,1.0,auto,1.0,0.009267578125,False,True,1.0,0.009361979166666666,1.0,0.009267578125,masks/TRI+52ca9b6a+2024-02-06-15h-12m-51s/ext2_f00000.png
TRI+52ca9b6a+2024-02-06-15h-20m-34s,ext1,b050,0,192,192,28451778,ok,1.0,auto,1.0,0.008375651041666666,False,True,0.9030556848146425,0.006995442708333333,1.0,0.008375651041666666,masks/TRI+52ca9b6a+2024-02-06-15h-20m-34s/ext1_f00000.png
TRI+52ca9b6a+2024-02-06-15h-20m-34s,ext2,b050,0,192,192,28813166,ok,1.0,auto,1.0,0.006821831597222223,False,True,1.0,0.007516276041666666,1.0,0.006821831597222223,masks/TRI+52ca9b6a+2024-02-06-15h-20m-34s/ext2_f00000.png
TRI+52ca9b6a+2024-02-06-15h-50m-59s,ext1,b050,0,136,136,20252535,ok,1.0,auto,1.0,0.020277777777777777,False,True,1.0,0.013158637152777777,1.0,0.020277777777777777,masks/TRI+52ca9b6a+2024-02-06-15h-50m-59s/ext1_f00000.png
TRI+52ca9b6a+2024-02-06-15h-52m-45s,ext1,b050,0,253,253,20252535,ok,1.0,auto,1.0,0.0048361545138888885,False,True,0.00030759766225774143,0.0035275607638888887,1.0,0.0048361545138888885,masks/TRI+52ca9b6a+2024-02-06-15h-52m-45s/ext1_f00000.png
TRI+52ca9b6a+2024-02-06-15h-52m-45s,ext1,b100,18,253,253,20252535,ok,1.0,auto,1.0,0.0032552083333333335,False,True,0.6686046511627908,0.0005598958333333334,1.0,0.0032552083333333335,masks/TRI+52ca9b6a+2024-02-06-15h-52m-45s/ext1_f00018.png
TRI+52ca9b6a+2024-02-06-16h-28m-27s,ext1,b050,0,203,203,20252535,ok,1.0,auto,1.0,0.002242838541666667,False,True,1.0,0.0007042100694444445,1.0,0.002242838541666667,masks/TRI+52ca9b6a+2024-02-06-16h-28m-27s/ext1_f00000.png
TRI+52ca9b6a+2024-02-06-16h-28m-27s,ext1,b100,23,203,203,20252535,ok,1.0,auto,1.0,0.0043598090277777776,False,True,0.002579535683576939,0.0012619357638888888,1.0,0.0043598090277777776,masks/TRI+52ca9b6a+2024-02-06-16h-28m-27s/ext1_f00023.png
TRI+52ca9b6a+2024-02-07-15h-36m-24s,ext2,b050,0,380,380,25947356,ok,1.0,auto,0.7624391451439888,0.013149956597222222,False,True,0.0,0.0007823350694444444,0.7624391451439888,0.013149956597222222,masks/TRI+52ca9b6a+2024-02-07-15h-36m-24s/ext2_f00000.png
TRI+52ca9b6a+2024-02-08-11h-22m-32s,ext1,b050,0,354,354,20252535,ok,1.0,auto,0.9470260223048327,0.0105078125,False,True,0.948401921871736,0.010388454861111111,0.9470260223048327,0.0105078125,masks/TRI+52ca9b6a+2024-02-08-11h-22m-32s/ext1_f00000.png
TRI+52ca9b6a+2024-02-08-11h-22m-32s,ext2,b050,0,354,354,25947356,ok,1.0,auto,1.0,0.009376085069444444,False,True,0.008756254467476743,0.006072048611111111,1.0,0.009376085069444444,masks/TRI+52ca9b6a+2024-02-08-11h-22m-32s/ext2_f00000.png
TRI+52ca9b6a+2024-02-08-11h-23m-53s,ext1,b050,0,165,165,20252535,ok,1.0,auto,1.0,0.010052083333333333,False,True,1.0,0.009946831597222223,1.0,0.010052083333333333,masks/TRI+52ca9b6a+2024-02-08-11h-23m-53s/ext1_f00000.png
TRI+52ca9b6a+2024-02-08-11h-23m-53s,ext2,b050,0,165,165,25947356,ok,1.0,auto,1.0,0.00953884548611111,False,True,0.8944463608140738,0.0031456163194444444,1.0,0.00953884548611111,masks/TRI+52ca9b6a+2024-02-08-11h-23m-53s/ext2_f00000.png
TRI+52ca9b6a+2024-02-08-11h-58m-51s,ext2,b050,0,260,260,25947356,ok,1.0,auto,1.0,0.011724175347222223,False,True,0.0,0.0006391059027777778,1.0,0.011724175347222223,masks/TRI+52ca9b6a+2024-02-08-11h-58m-51s/ext2_f00000.png
TRI+52ca9b6a+2024-02-08-12h-08m-08s,ext1,b050,45,447,447,28451778,ok,0.5370370370370371,auto,1.0,0.009045138888888889,False,True,0.8639787328311919,0.004898003472222222,1.0,0.009045138888888889,masks/TRI+52ca9b6a+2024-02-08-12h-08m-08s/ext1_f00045.png
TRI+52ca9b6a+2024-02-08-14h-20m-35s,ext1,b050,180,205,205,28451778,ok,0.5,auto,1.0,0.005392795138888889,False,True,0.04739336492891,0.0016026475694444445,1.0,0.005392795138888889,masks/TRI+52ca9b6a+2024-02-08-14h-20m-35s/ext1_f00180.png
TRI+52ca9b6a+2024-02-08-14h-43m-48s,ext1,b050,69,181,181,28451778,ok,0.5,auto,1.0,0.004318576388888889,False,True,0.9987328940699443,0.0042816840277777775,1.0,0.004318576388888889,masks/TRI+52ca9b6a+2024-02-08-14h-43m-48s/ext1_f00069.png
TRI+52ca9b6a+2024-02-08-14h-43m-48s,ext2,b050,69,181,181,28813166,ok,1.0,auto,0.7519392639049348,0.006574435763888889,False,True,0.6271649954421148,0.002380642361111111,0.7519392639049348,0.006574435763888889,masks/TRI+52ca9b6a+2024-02-08-14h-43m-48s/ext2_f00069.png
TRI+52ca9b6a+2024-02-08-15h-39m-31s,ext1,b050,0,275,275,20252535,ok,1.0,auto,0.41912246234446626,0.00994140625,False,True,0.2870813397129187,0.008617621527777777,0.41912246234446626,0.00994140625,masks/TRI+52ca9b6a+2024-02-08-15h-39m-31s/ext1_f00000.png
TRI+52ca9b6a+2024-02-08-15h-39m-31s,ext1,b100,68,275,275,20252535,ok,1.0,auto,0.608954237568148,0.006567925347222222,False,True,0.1853629274145171,0.0036176215277777778,0.608954237568148,0.006567925347222222,masks/TRI+52ca9b6a+2024-02-08-15h-39m-31s/ext1_f00068.png
TRI+52ca9b6a+2024-02-08-15h-39m-31s,ext2,b100,68,275,275,25947356,ok,1.0,auto,0.6821146368995359,0.01730251736111111,False,True,0.13854595336076814,0.003955078125,0.6821146368995359,0.01730251736111111,masks/TRI+52ca9b6a+2024-02-08-15h-39m-31s/ext2_f00068.png
TRI+52ca9b6a+2024-02-08-15h-46m-28s,ext1,b050,0,477,477,20252535,ok,1.0,auto,0.6684859990507831,0.009144965277777778,False,True,0.0031185031185031464,0.0020876736111111113,0.6684859990507831,0.009144965277777778,masks/TRI+52ca9b6a+2024-02-08-15h-46m-28s/ext1_f00000.png
TRI+52ca9b6a+2024-02-08-16h-07m-51s,ext1,b050,0,200,200,28451778,ok,1.0,auto,1.0,0.006571180555555556,False,True,0.029741589468551877,0.004450954861111111,1.0,0.006571180555555556,masks/TRI+52ca9b6a+2024-02-08-16h-07m-51s/ext1_f00000.png
TRI+52ca9b6a+2024-02-08-16h-07m-51s,ext2,b050,0,200,200,28813166,ok,0.6666666666666666,auto,0.4999385069487148,0.008822699652777778,False,True,0.412542223527684,0.007388237847222222,0.4999385069487148,0.008822699652777778,masks/TRI+52ca9b6a+2024-02-08-16h-07m-51s/ext2_f00000.png
TRI+52ca9b6a+2024-02-08-16h-07m-51s,ext1,b100,26,200,200,28451778,ok,1.0,auto,1.0,0.006233723958333334,False,True,0.03398755385351848,0.0022667100694444445,1.0,0.006233723958333334,masks/TRI+52ca9b6a+2024-02-08-16h-07m-51s/ext1_f00026.png
TRI+52ca9b6a+2024-02-08-16h-07m-51s,ext2,b100,26,200,200,28813166,ok,1.0,auto,0.5862288001016325,0.017082248263888888,False,True,0.3763312193370827,0.018135850694444445,0.5862288001016325,0.017082248263888888,masks/TRI+52ca9b6a+2024-02-08-16h-07m-51s/ext2_f00026.png
TRI+52ca9b6a+2024-02-08-16h-23m-26s,ext1,b050,0,112,112,20252535,ok,1.0,auto,0.47335164835164834,0.003949652777777778,False,True,0.27869362363919126,0.003488498263888889,0.47335164835164834,0.003949652777777778,masks/TRI+52ca9b6a+2024-02-08-16h-23m-26s/ext1_f00000.png
TRI+52ca9b6a+2024-02-08-16h-23m-26s,ext1,b100,22,112,112,20252535,ok,1.0,auto,0.3815002300966406,0.0023578559027777777,False,True,0.1785856971634039,0.0027159288194444444,0.3815002300966406,0.0023578559027777777,masks/TRI+52ca9b6a+2024-02-08-16h-23m-26s/ext1_f00022.png
TRI+52ca9b6a+2024-02-08-16h-23m-26s,ext2,b100,22,112,112,25947356,ok,1.0,auto,0.40884486607142856,0.03888888888888889,False,True,0.0,0.017918836805555557,0.40884486607142856,0.03888888888888889,masks/TRI+52ca9b6a+2024-02-08-16h-23m-26s/ext2_f00022.png
TRI+52ca9b6a+2024-02-08-16h-35m-08s,ext2,b050,0,201,201,28813166,ok,1.0,auto,1.0,0.007526041666666667,False,True,1.0,0.004174262152777778,1.0,0.007526041666666667,masks/TRI+52ca9b6a+2024-02-08-16h-35m-08s/ext2_f00000.png
TRI+52ca9b6a+2024-02-08-16h-40m-31s,ext1,b050,0,167,167,20252535,ok,1.0,auto,0.535388231040405,0.012004123263888888,False,True,0.0,0.007894965277777779,0.535388231040405,0.012004123263888888,masks/TRI+52ca9b6a+2024-02-08-16h-40m-31s/ext1_f00000.png
TRI+52ca9b6a+2024-02-08-16h-40m-31s,ext1,b100,48,167,167,20252535,ok,1.0,auto,0.4082907438955139,0.005732421875,False,True,0.10288018433179724,0.009418402777777777,0.4082907438955139,0.005732421875,masks/TRI+52ca9b6a+2024-02-08-16h-40m-31s/ext1_f00048.png
TRI+52ca9b6a+2024-02-08-16h-53m-13s,ext1,b050,0,175,175,20252535,ok,1.0,auto,0.28332488596046634,0.0042816840277777775,False,True,0.07631837536848995,0.003312717013888889,0.28332488596046634,0.0042816840277777775,masks/TRI+52ca9b6a+2024-02-08-16h-53m-13s/ext1_f00000.png
TRI+52ca9b6a+2024-02-08-17h-00m-21s,ext2,b050,0,133,133,28813166,ok,0.9259259259259259,auto,1.0,0.010354817708333333,False,True,1.0,0.007842881944444444,1.0,0.010354817708333333,masks/TRI+52ca9b6a+2024-02-08-17h-00m-21s/ext2_f00000.png
TRI+52ca9b6a+2024-02-08-17h-00m-21s,ext2,b100,104,133,133,28813166,ok,1.0,auto,1.0,0.0034385850694444446,False,True,1.0,0.0019911024305555554,1.0,0.0034385850694444446,masks/TRI+52ca9b6a+2024-02-08-17h-00m-21s/ext2_f00104.png
TRI+52ca9b6a+2024-02-08-17h-05m-31s,ext2,b050,14,141,141,28813166,ok,0.5185185185185185,auto,1.0,0.010908203125,False,True,1.0,0.009397786458333333,1.0,0.010908203125,masks/TRI+52ca9b6a+2024-02-08-17h-05m-31s/ext2_f00014.png
TRI+52ca9b6a+2024-02-08-17h-05m-31s,ext2,b100,39,141,141,28813166,ok,1.0,auto,1.0,0.00384765625,False,True,0.9964071856287425,0.0027180989583333332,1.0,0.00384765625,masks/TRI+52ca9b6a+2024-02-08-17h-05m-31s/ext2_f00039.png
TRI+52ca9b6a+2024-02-08-17h-11m-11s,ext2,b050,0,334,334,28813166,ok,0.7407407407407407,auto,1.0,0.007789713541666667,False,True,0.9997249724972497,0.007890625,1.0,0.007789713541666667,masks/TRI+52ca9b6a+2024-02-08-17h-11m-11s/ext2_f00000.png
TRI+52ca9b6a+2024-02-08-17h-11m-11s,ext2,b100,22,334,334,28813166,ok,1.0,auto,1.0,0.010679253472222223,False,True,0.9957537154989384,0.011243489583333334,1.0,0.010679253472222223,masks/TRI+52ca9b6a+2024-02-08-17h-11m-11s/ext2_f00022.png
TRI+52ca9b6a+2024-02-08-17h-13m-40s,ext2,b050,56,169,169,28813166,ok,0.5,auto,1.0,0.01424045138888889,False,True,0.16981132075471694,0.00034505208333333333,1.0,0.01424045138888889,masks/TRI+52ca9b6a+2024-02-08-17h-13m-40s/ext2_f00056.png
TRI+52ca9b6a+2024-02-08-17h-13m-40s,ext2,b100,96,169,169,28813166,ok,1.0,auto,1.0,0.0045920138888888885,False,True,1.0,0.004184027777777778,1.0,0.0045920138888888885,masks/TRI+52ca9b6a+2024-02-08-17h-13m-40s/ext2_f00096.png
TRI+52ca9b6a+2024-02-12-09h-55m-31s,ext2,b050,0,416,416,25947356,ok,1.0,auto,0.7389106327462491,0.0066536458333333335,False,True,0.6200089060412647,0.007310112847222223,0.7389106327462491,0.0066536458333333335,masks/TRI+52ca9b6a+2024-02-12-09h-55m-31s/ext2_f00000.png
TRI+52ca9b6a+2024-02-12-09h-57m-24s,ext2,b100,104,174,174,25947356,ok,1.0,auto,0.47403993855606763,0.010595703125,False,True,0.24035142767492945,0.006916232638888889,0.47403993855606763,0.010595703125,masks/TRI+52ca9b6a+2024-02-12-09h-57m-24s/ext2_f00104.png
TRI+52ca9b6a+2024-02-12-13h-56m-38s,ext1,b050,0,244,244,28451778,ok,1.0,auto,0.39703181250459185,0.029537760416666666,False,True,0.27926199261992624,0.022054036458333332,0.39703181250459185,0.029537760416666666,masks/TRI+52ca9b6a+2024-02-12-13h-56m-38s/ext1_f00000.png
TRI+52ca9b6a+2024-02-12-14h-06m-08s,ext1,b050,0,227,227,28451778,ok,1.0,auto,0.6035649232370544,0.00833984375,False,True,0.5462056303549572,0.007092013888888889,0.6035649232370544,0.00833984375,masks/TRI+52ca9b6a+2024-02-12-14h-06m-08s/ext1_f00000.png
TRI+52ca9b6a+2024-02-13-10h-49m-15s,ext1,b050,26,188,188,20252535,ok,0.5185185185185185,auto,1.0,0.009469401041666667,False,True,0.5314955869906903,0.01794921875,1.0,0.009469401041666667,masks/TRI+52ca9b6a+2024-02-13-10h-49m-15s/ext1_f00026.png
TRI+52ca9b6a+2024-02-13-10h-49m-15s,ext2,b050,26,188,188,25947356,ok,1.0,auto,1.0,0.007111545138888889,False,True,0.014975041597337757,0.0006521267361111111,1.0,0.007111545138888889,masks/TRI+52ca9b6a+2024-02-13-10h-49m-15s/ext2_f00026.png
TRI+52ca9b6a+2024-02-13-10h-49m-15s,ext1,b100,115,188,188,20252535,ok,1.0,auto,0.6010689990281828,0.0022330729166666666,False,True,0.005988023952095856,0.0009060329861111111,0.6010689990281828,0.0022330729166666666,masks/TRI+52ca9b6a+2024-02-13-10h-49m-15s/ext1_f00115.png
TRI+52ca9b6a+2024-02-13-10h-49m-15s,ext2,b100,115,188,188,25947356,ok,1.0,auto,1.0,0.008072916666666667,False,True,0.0,0.001123046875,1.0,0.008072916666666667,masks/TRI+52ca9b6a+2024-02-13-10h-49m-15s/ext2_f00115.png
TRI+52ca9b6a+2024-02-13-11h-07m-14s,ext1,b050,22,186,186,20252535,ok,0.5,auto,1.0,0.0049609375,False,True,0.9441213653603034,0.004291449652777778,1.0,0.0049609375,masks/TRI+52ca9b6a+2024-02-13-11h-07m-14s/ext1_f00022.png
TRI+52ca9b6a+2024-02-13-11h-07m-14s,ext2,b050,22,186,186,25947356,ok,1.0,auto,1.0,0.009254557291666667,False,True,0.9658119658119658,0.003935546875,1.0,0.009254557291666667,masks/TRI+52ca9b6a+2024-02-13-11h-07m-14s/ext2_f00022.png
TRI+52ca9b6a+2024-02-13-11h-07m-14s,ext1,b100,33,186,186,20252535,ok,1.0,auto,1.0,0.0031184895833333334,False,True,0.004920049200492049,0.0008821614583333333,1.0,0.0031184895833333334,masks/TRI+52ca9b6a+2024-02-13-11h-07m-14s/ext1_f00033.png
TRI+52ca9b6a+2024-02-13-11h-07m-14s,ext2,b100,33,186,186,25947356,ok,1.0,auto,1.0,0.005927734375,False,True,0.7181191531265387,0.004407552083333334,1.0,0.005927734375,masks/TRI+52ca9b6a+2024-02-13-11h-07m-14s/ext2_f00033.png
TRI+52ca9b6a+2024-02-13-15h-03m-30s,ext2,b050,0,149,149,25947356,ok,1.0,auto,1.0,0.013145616319444444,False,True,0.9568207440811725,0.009624565972222223,1.0,0.013145616319444444,masks/TRI+52ca9b6a+2024-02-13-15h-03m-30s/ext2_f00000.png
TRI+52ca9b6a+2024-02-13-15h-04m-50s,ext2,b050,0,170,170,25947356,ok,1.0,auto,1.0,0.025358072916666665,False,True,0.968431277319087,0.013404947916666667,1.0,0.025358072916666665,masks/TRI+52ca9b6a+2024-02-13-15h-04m-50s/ext2_f00000.png
TRI+52ca9b6a+2024-02-13-15h-14m-58s,ext1,b050,0,191,191,20252535,ok,1.0,auto,0.9603777931352223,0.009420572916666667,False,True,0.3989297558034368,0.01439670138888889,0.9603777931352223,0.009420572916666667,masks/TRI+52ca9b6a+2024-02-13-15h-14m-58s/ext1_f00000.png
TRI+52ca9b6a+2024-02-13-15h-14m-58s,ext2,b050,0,191,191,25947356,ok,1.0,auto,1.0,0.007496744791666667,False,True,0.0027272727272726893,0.001193576388888889,1.0,0.007496744791666667,masks/TRI+52ca9b6a+2024-02-13-15h-14m-58s/ext2_f00000.png
TRI+52ca9b6a+2024-02-13-15h-16m-34s,ext1,b050,0,189,189,20252535,ok,1.0,auto,0.8534509281099374,0.021161024305555557,False,True,0.7997205627288495,0.022521701388888888,0.8534509281099374,0.021161024305555557,masks/TRI+52ca9b6a+2024-02-13-15h-16m-34s/ext1_f00000.png
TRI+52ca9b6a+2024-02-13-15h-16m-34s,ext2,b050,0,189,189,25947356,ok,1.0,auto,1.0,0.00838650173611111,False,True,0.0,0.000712890625,1.0,0.00838650173611111,masks/TRI+52ca9b6a+2024-02-13-15h-16m-34s/ext2_f00000.png
TRI+52ca9b6a+2024-02-13-15h-16m-57s,ext1,b050,0,162,162,20252535,ok,1.0,auto,1.0,0.004950086805555556,False,True,0.9402006962932623,0.005298394097222222,1.0,0.004950086805555556,masks/TRI+52ca9b6a+2024-02-13-15h-16m-57s/ext1_f00000.png
TRI+52ca9b6a+2024-02-13-15h-16m-57s,ext2,b050,0,162,162,25947356,ok,1.0,auto,1.0,0.019334852430555556,False,True,1.0,0.014773220486111112,1.0,0.019334852430555556,masks/TRI+52ca9b6a+2024-02-13-15h-16m-57s/ext2_f00000.png
TRI+52ca9b6a+2024-02-13-15h-17m-15s,ext1,b050,0,160,160,20252535,ok,1.0,auto,1.0,0.004172092013888889,False,True,0.18066635382449558,0.0023122829861111113,1.0,0.004172092013888889,masks/TRI+52ca9b6a+2024-02-13-15h-17m-15s/ext1_f00000.png
TRI+52ca9b6a+2024-02-13-15h-17m-15s,ext2,b050,0,160,160,25947356,ok,1.0,auto,1.0,0.017879774305555554,False,True,1.0,0.003383246527777778,1.0,0.017879774305555554,masks/TRI+52ca9b6a+2024-02-13-15h-17m-15s/ext2_f00000.png
TRI+52ca9b6a+2024-02-13-16h-03m-29s,ext1,b050,0,135,135,20252535,ok,1.0,auto,1.0,0.0033170572916666665,False,True,0.5828838547285149,0.003017578125,1.0,0.0033170572916666665,masks/TRI+52ca9b6a+2024-02-13-16h-03m-29s/ext1_f00000.png
TRI+52ca9b6a+2024-02-13-16h-03m-29s,ext2,b050,0,135,135,25947356,ok,1.0,auto,1.0,0.018054470486111113,False,True,0.0,0.002666015625,1.0,0.018054470486111113,masks/TRI+52ca9b6a+2024-02-13-16h-03m-29s/ext2_f00000.png
TRI+52ca9b6a+2024-02-13-16h-05m-04s,ext1,b050,0,146,146,20252535,ok,1.0,auto,1.0,0.0055685763888888885,False,True,0.8171982576928482,0.007722439236111111,1.0,0.0055685763888888885,masks/TRI+52ca9b6a+2024-02-13-16h-05m-04s/ext1_f00000.png
TRI+52ca9b6a+2024-02-13-16h-05m-04s,ext2,b050,0,146,146,25947356,ok,1.0,auto,1.0,0.013547092013888888,False,True,0.0008517887563883608,0.0038216145833333335,1.0,0.013547092013888888,masks/TRI+52ca9b6a+2024-02-13-16h-05m-04s/ext2_f00000.png
TRI+938130c4+2023-08-07-14h-27m-11s,ext2,b050,0,390,390,29838012,ok,0.5555555555555556,auto,0.5241264559068219,0.01173828125,False,True,0.4590841949778435,0.011018880208333333,0.5241264559068219,0.01173828125,masks/TRI+938130c4+2023-08-07-14h-27m-11s/ext2_f00000.png
TRI+938130c4+2023-08-07-16h-06m-12s,ext2,b050,0,192,192,29838012,ok,0.8333333333333334,auto,0.4109489533117612,0.016431206597222223,False,True,0.0,0.004496527777777778,0.4109489533117612,0.016431206597222223,masks/TRI+938130c4+2023-08-07-16h-06m-12s/ext2_f00000.png
TRI+938130c4+2023-08-07-16h-14m-02s,ext2,b050,0,186,186,29838012,ok,1.0,auto,0.22113332039588585,0.011182725694444444,False,True,0.0,0.004367404513888889,0.22113332039588585,0.011182725694444444,masks/TRI+938130c4+2023-08-07-16h-14m-02s/ext2_f00000.png
TRI+938130c4+2023-08-07-16h-53m-30s,ext1,b050,10,263,263,23404442,ok,1.0,auto,0.5321070675105486,0.016458333333333332,False,True,0.5176844615180818,0.016382378472222223,0.5321070675105486,0.016458333333333332,masks/TRI+938130c4+2023-08-07-16h-53m-30s/ext1_f00010.png
TRI+938130c4+2023-08-07-16h-53m-30s,ext1,b100,16,263,263,23404442,ok,1.0,auto,0.6318197221280921,0.006404079861111111,False,True,0.5510430537061696,0.004889322916666667,0.6318197221280921,0.006404079861111111,masks/TRI+938130c4+2023-08-07-16h-53m-30s/ext1_f00016.png
TRI+938130c4+2023-08-07-18h-12m-27s,ext2,b050,0,86,86,29838012,ok,0.9814814814814815,auto,0.4101848622253227,0.01244357638888889,False,True,0.4047847725486772,0.012427300347222222,0.4101848622253227,0.01244357638888889,masks/TRI+938130c4+2023-08-07-18h-12m-27s/ext2_f00000.png
TRI+938130c4+2023-08-07-18h-12m-27s,ext2,b100,7,86,86,29838012,ok,1.0,auto,0.40328467153284675,0.012486979166666667,False,True,0.4014745896603178,0.012362196180555556,0.40328467153284675,0.012486979166666667,masks/TRI+938130c4+2023-08-07-18h-12m-27s/ext2_f00007.png
TRI+938130c4+2023-08-07-18h-20m-43s,ext2,b050,13,133,133,29838012,ok,0.5,auto,0.4841530054644809,0.006949869791666666,False,True,0.48363636363636364,0.006863064236111111,0.4841530054644809,0.006949869791666666,masks/TRI+938130c4+2023-08-07-18h-20m-43s/ext2_f00013.png
TRI+938130c4+2023-08-07-18h-20m-43s,ext2,b100,21,133,133,29838012,ok,1.0,auto,0.23013218665392576,0.006813151041666667,False,True,0.22906204438684596,0.006698133680555556,0.23013218665392576,0.006813151041666667,masks/TRI+938130c4+2023-08-07-18h-20m-43s/ext2_f00021.png
TRI+938130c4+2023-08-08-08h-54m-22s,ext2,b050,21,229,229,29838012,ok,0.5370370370370371,auto,0.2573512822441152,0.014428168402777778,False,True,0.13582449879290437,0.010337456597222221,0.2573512822441152,0.014428168402777778,masks/TRI+938130c4+2023-08-08-08h-54m-22s/ext2_f00021.png
TRI+938130c4+2023-08-08-08h-54m-22s,ext2,b100,28,229,229,29838012,ok,1.0,auto,0.44235269091682616,0.010201822916666667,False,True,0.27105534547954624,0.0063129340277777776,0.44235269091682616,0.010201822916666667,masks/TRI+938130c4+2023-08-08-08h-54m-22s/ext2_f00028.png
TRI+938130c4+2023-08-08-09h-01m-29s,ext2,b050,0,172,172,29838012,ok,0.8333333333333334,auto,0.33547335167634773,0.010647786458333334,False,True,0.3079982799397979,0.010093315972222221,0.33547335167634773,0.010647786458333334,masks/TRI+938130c4+2023-08-08-09h-01m-29s/ext2_f00000.png
TRI+938130c4+2023-08-08-09h-01m-29s,ext2,b100,12,172,172,29838012,ok,1.0,auto,0.3537752570010635,0.009182942708333334,False,True,0.30418751646036346,0.00824001736111111,0.3537752570010635,0.009182942708333334,masks/TRI+938130c4+2023-08-08-09h-01m-29s/ext2_f00012.png
TRI+938130c4+2023-08-08-09h-04m-12s,ext2,b100,16,131,131,29838012,ok,1.0,auto,0.3394391677973767,0.009596354166666666,False,True,0.3246339159187529,0.009188368055555556,0.3394391677973767,0.009596354166666666,masks/TRI+938130c4+2023-08-08-09h-04m-12s/ext2_f00016.png
TRI+938130c4+2023-08-09-08h-51m-08s,ext2,b050,0,216,216,29838012,ok,1.0,auto,0.4255375164545854,0.012364366319444445,False,True,0.38372093023255816,0.01129123263888889,0.4255375164545854,0.012364366319444445,masks/TRI+938130c4+2023-08-09-08h-51m-08s/ext2_f00000.png
TRI+938130c4+2023-08-09-09h-00m-18s,ext1,b050,0,118,118,23404442,ok,1.0,auto,0.24411323749889757,0.012303602430555555,False,True,0.09415696669355766,0.009415147569444445,0.24411323749889757,0.012303602430555555,masks/TRI+938130c4+2023-08-09-09h-00m-18s/ext1_f00000.png
TRI+938130c4+2023-08-09-09h-00m-18s,ext2,b050,0,118,118,29838012,ok,1.0,auto,0.8438443773316753,0.006107855902777778,False,True,0.8290582631000366,0.005922309027777778,0.8438443773316753,0.006107855902777778,masks/TRI+938130c4+2023-08-09-09h-00m-18s/ext2_f00000.png
TRI+938130c4+2023-08-09-09h-13m-08s,ext2,b050,0,159,159,29838012,ok,1.0,auto,0.23869191436759007,0.019310980902777778,False,True,0.1855299987830108,0.01783203125,0.23869191436759007,0.019310980902777778,masks/TRI+938130c4+2023-08-09-09h-13m-08s/ext2_f00000.png
TRI+938130c4+2023-08-09-10h-21m-05s,ext1,b050,0,187,187,23404442,ok,0.6666666666666666,auto,0.26943497457106136,0.019415147569444444,False,True,0.13592167907195063,0.016181640625,0.26943497457106136,0.019415147569444444,masks/TRI+938130c4+2023-08-09-10h-21m-05s/ext1_f00000.png
TRI+938130c4+2023-08-09-10h-21m-05s,ext1,b100,11,187,187,23404442,ok,1.0,auto,0.2679745171402569,0.021460503472222222,False,True,0.26489028213166144,0.021460503472222222,0.2679745171402569,0.021460503472222222,masks/TRI+938130c4+2023-08-09-10h-21m-05s/ext1_f00011.png
TRI+938130c4+2023-08-09-10h-26m-56s,ext1,b050,0,231,231,23404442,ok,0.9259259259259259,auto,0.24344094411391792,0.022250434027777776,False,True,0.12788718696814982,0.0178515625,0.24344094411391792,0.022250434027777776,masks/TRI+938130c4+2023-08-09-10h-26m-56s/ext1_f00000.png
TRI+938130c4+2023-08-09-10h-26m-56s,ext1,b100,9,231,231,23404442,ok,1.0,auto,0.2526935407578704,0.020645616319444445,False,True,0.2418030587603971,0.020220269097222222,0.2526935407578704,0.020645616319444445,masks/TRI+938130c4+2023-08-09-10h-26m-56s/ext1_f00009.png
TRI+938130c4+2023-08-09-11h-38m-48s,ext2,b050,0,140,140,29838012,ok,1.0,auto,1.0,0.005862630208333333,False,True,1.0,0.005715060763888889,1.0,0.005862630208333333,masks/TRI+938130c4+2023-08-09-11h-38m-48s/ext2_f00000.png
TRI+938130c4+2023-08-09-11h-53m-06s,ext2,b050,0,281,281,29838012,ok,1.0,auto,1.0,0.009046223958333334,False,True,1.0,0.008899739583333333,1.0,0.009046223958333334,masks/TRI+938130c4+2023-08-09-11h-53m-06s/ext2_f00000.png
TRI+938130c4+2023-08-09-11h-53m-06s,ext2,b100,12,281,281,29838012,ok,1.0,auto,1.0,0.008184678819444444,False,True,1.0,0.008095703125,1.0,0.008184678819444444,masks/TRI+938130c4+2023-08-09-11h-53m-06s/ext2_f00012.png
TRI+938130c4+2023-08-09-13h-54m-39s,ext1,b050,0,157,157,23404442,ok,1.0,auto,0.3809708737864078,0.005588107638888889,False,True,0.34511434511434513,0.005741102430555555,0.3809708737864078,0.005588107638888889,masks/TRI+938130c4+2023-08-09-13h-54m-39s/ext1_f00000.png
TRI+938130c4+2023-08-09-13h-57m-48s,ext1,b100,8,104,104,23404442,ok,1.0,auto,0.20824443767144163,0.01424045138888889,False,True,0.1541102188438669,0.01770073784722222,0.20824443767144163,0.01424045138888889,masks/TRI+938130c4+2023-08-09-13h-57m-48s/ext1_f00008.png
TRI+938130c4+2023-08-09-14h-32m-04s,ext1,b050,0,116,116,23404442,ok,1.0,auto,0.28443243243243244,0.010036892361111112,False,True,0.27905940042349275,0.009736328125,0.28443243243243244,0.010036892361111112,masks/TRI+938130c4+2023-08-09-14h-32m-04s/ext1_f00000.png
TRI+938130c4+2023-08-09-16h-50m-13s,ext2,b050,0,187,187,29838012,ok,1.0,auto,0.4417509766603226,0.010832248263888889,False,True,0.2369020501138952,0.0071451822916666664,0.4417509766603226,0.010832248263888889,masks/TRI+938130c4+2023-08-09-16h-50m-13s/ext2_f00000.png
TRI+938130c4+2023-08-09-17h-02m-06s,ext2,b050,0,212,212,29838012,ok,1.0,auto,0.4868481349097241,0.011839192708333333,False,True,0.09779648427828669,0.004382595486111111,0.4868481349097241,0.011839192708333333,masks/TRI+938130c4+2023-08-09-17h-02m-06s/ext2_f00000.png
TRI+938130c4+2023-08-10-14h-30m-06s,ext2,b050,0,314,314,25947356,ok,1.0,auto,0.5490818030050084,0.012999131944444445,False,True,0.5534126984126984,0.013671875,0.5490818030050084,0.012999131944444445,masks/TRI+938130c4+2023-08-10-14h-30m-06s/ext2_f00000.png
TRI+938130c4+2023-08-10-14h-33m-06s,ext2,b050,0,192,192,25947356,ok,0.8888888888888888,auto,0.62880658436214,0.02373046875,False,True,0.5433141827193873,0.019264322916666667,0.62880658436214,0.02373046875,masks/TRI+938130c4+2023-08-10-14h-33m-06s/ext2_f00000.png
TRI+938130c4+2023-08-10-14h-33m-06s,ext2,b100,16,192,192,25947356,ok,1.0,auto,0.7007417397167903,0.024137369791666665,False,True,0.63707657117961,0.019924045138888888,0.7007417397167903,0.024137369791666665,masks/TRI+938130c4+2023-08-10-14h-33m-06s/ext2_f00016.png
TRI+938130c4+2023-08-10-14h-41m-11s,ext2,b050,0,258,258,25947356,ok,1.0,auto,0.6820517403154461,0.024284939236111112,False,True,0.673658919743104,0.02348415798611111,0.6820517403154461,0.024284939236111112,masks/TRI+938130c4+2023-08-10-14h-41m-11s/ext2_f00000.png
TRI+938130c4+2023-08-10-15h-59m-05s,ext1,b050,0,203,203,20252535,ok,0.8333333333333334,auto,0.23259608411892674,0.01197048611111111,False,True,0.0007275902211874019,0.007456597222222222,0.23259608411892674,0.01197048611111111,masks/TRI+938130c4+2023-08-10-15h-59m-05s/ext1_f00000.png
TRI+938130c4+2023-08-10-16h-03m-18s,ext1,b050,0,292,292,20252535,ok,1.0,auto,0.28775119617224876,0.011338975694444444,False,True,0.0,0.0067198350694444445,0.28775119617224876,0.011338975694444444,masks/TRI+938130c4+2023-08-10-16h-03m-18s/ext1_f00000.png
TRI+938130c4+2023-08-10-16h-07m-29s,ext1,b050,7,114,114,20252535,ok,0.5,auto,0.22847087552969902,0.015107421875,False,True,0.03740538637563806,0.012328559027777778,0.22847087552969902,0.015107421875,masks/TRI+938130c4+2023-08-10-16h-07m-29s/ext1_f00007.png
TRI+938130c4+2023-08-10-16h-26m-53s,ext2,b050,0,169,169,25947356,ok,1.0,auto,0.5533517229300757,0.024781901041666665,False,True,0.0,0.006612413194444444,0.5533517229300757,0.024781901041666665,masks/TRI+938130c4+2023-08-10-16h-26m-53s/ext2_f00000.png
TRI+938130c4+2023-08-10-16h-35m-28s,ext2,b050,0,299,299,25947356,ok,1.0,auto,0.448447789275635,0.011534288194444445,False,True,0.1498542274052478,0.0074435763888888885,0.448447789275635,0.011534288194444445,masks/TRI+938130c4+2023-08-10-16h-35m-28s/ext2_f00000.png
TRI+938130c4+2023-08-10-17h-02m-59s,ext1,b050,0,257,257,20252535,ok,1.0,auto,0.2925971245029061,0.014188368055555555,False,True,0.0060949681077250295,0.007655164930555555,0.2925971245029061,0.014188368055555555,masks/TRI+938130c4+2023-08-10-17h-02m-59s/ext1_f00000.png
TRI+938130c4+2023-08-21-14h-01m-28s,ext1,b050,0,234,234,20252535,ok,1.0,auto,1.0,0.016090494791666667,False,True,0.08750000000000002,0.00017361111111111112,1.0,0.016090494791666667,masks/TRI+938130c4+2023-08-21-14h-01m-28s/ext1_f00000.png
TRI+938130c4+2023-08-21-14h-02m-21s,ext1,b050,0,232,232,20252535,ok,1.0,auto,1.0,0.008369140625,False,True,0.9738139248305607,0.007044270833333333,1.0,0.008369140625,masks/TRI+938130c4+2023-08-21-14h-02m-21s/ext1_f00000.png
TRI+938130c4+2023-08-21-14h-12m-12s,ext1,b050,0,269,268,20252535,ok,1.0,auto,1.0,0.008902994791666667,False,True,1.0,0.0034559461805555554,1.0,0.008902994791666667,masks/TRI+938130c4+2023-08-21-14h-12m-12s/ext1_f00000.png
TRI+938130c4+2023-08-21-14h-15m-45s,ext1,b050,0,253,253,20252535,ok,0.6296296296296297,auto,1.0,0.013162977430555556,False,True,0.0021865889212827616,0.0014887152777777778,1.0,0.013162977430555556,masks/TRI+938130c4+2023-08-21-14h-15m-45s/ext1_f00000.png
TRI+938130c4+2023-08-21-14h-15m-45s,ext1,b100,18,253,253,20252535,ok,1.0,auto,1.0,0.016120876736111112,False,True,0.0,0.0015983072916666667,1.0,0.016120876736111112,masks/TRI+938130c4+2023-08-21-14h-15m-45s/ext1_f00018.png
TRI+938130c4+2023-08-21-14h-16m-59s,ext1,b050,0,220,220,20252535,ok,1.0,auto,1.0,0.02089084201388889,False,True,0.9982670645999807,0.011270616319444444,1.0,0.02089084201388889,masks/TRI+938130c4+2023-08-21-14h-16m-59s/ext1_f00000.png
TRI+938130c4+2023-08-21-14h-20m-09s,ext1,b050,0,219,219,20252535,ok,1.0,auto,1.0,0.017764756944444446,False,True,1.0,0.008169487847222223,1.0,0.017764756944444446,masks/TRI+938130c4+2023-08-21-14h-20m-09s/ext1_f00000.png
TRI+938130c4+2023-08-21-14h-46m-21s,ext2,b050,0,244,244,25947356,ok,1.0,auto,0.8556618017111223,0.010780164930555556,False,True,0.8515893470790378,0.010104166666666666,0.8556618017111223,0.010780164930555556,masks/TRI+938130c4+2023-08-21-14h-46m-21s/ext2_f00000.png
TRI+938130c4+2023-08-21-17h-38m-07s,ext1,b050,0,150,150,20252535,ok,0.7777777777777778,auto,1.0,0.013501519097222222,False,True,0.0,0.001335720486111111,1.0,0.013501519097222222,masks/TRI+938130c4+2023-08-21-17h-38m-07s/ext1_f00000.png
TRI+938130c4+2023-08-21-17h-38m-07s,ext1,b100,10,150,150,20252535,ok,1.0,auto,1.0,0.011724175347222223,False,True,0.0,0.004093967013888889,1.0,0.011724175347222223,masks/TRI+938130c4+2023-08-21-17h-38m-07s/ext1_f00010.png
TRI+938130c4+2023-08-21-17h-42m-08s,ext1,b050,0,168,168,20252535,ok,0.7222222222222222,auto,0.9999293735433293,0.01536349826388889,False,True,0.0,0.0012163628472222222,0.9999293735433293,0.01536349826388889,masks/TRI+938130c4+2023-08-21-17h-42m-08s/ext1_f00000.png
TRI+938130c4+2023-08-21-17h-42m-08s,ext1,b100,16,168,168,20252535,ok,1.0,auto,1.0,0.01224609375,False,True,0.0,0.0025499131944444445,1.0,0.01224609375,masks/TRI+938130c4+2023-08-21-17h-42m-08s/ext1_f00016.png
TRI+938130c4+2023-08-21-17h-44m-22s,ext1,b050,0,223,223,20252535,ok,1.0,auto,1.0,0.011360677083333333,False,True,0.004892367906066508,0.0011089409722222223,1.0,0.011360677083333333,masks/TRI+938130c4+2023-08-21-17h-44m-22s/ext1_f00000.png
TRI+938130c4+2023-08-22-11h-39m-03s,ext2,b050,0,383,383,25947356,ok,1.0,auto,0.21591610117211602,0.017588975694444446,False,True,0.2110363557805074,0.017579210069444445,0.21591610117211602,0.017588975694444446,masks/TRI+938130c4+2023-08-22-11h-39m-03s/ext2_f00000.png
WEIRD+30c3da59+2023-12-01-17h-14m-41s,ext1,b050,0,228,228,23804457,ok,1.0,auto,0.2859637834359776,0.01180447048611111,False,True,0.28270984552391587,0.01166015625,0.2859637834359776,0.01180447048611111,masks/WEIRD+30c3da59+2023-12-01-17h-14m-41s/ext1_f00000.png
WEIRD+30c3da59+2023-12-01-17h-14m-41s,ext2,b050,0,228,228,28834630,ok,1.0,auto,1.0,0.0048361545138888885,False,True,0.9922231161169214,0.0040462239583333335,1.0,0.0048361545138888885,masks/WEIRD+30c3da59+2023-12-01-17h-14m-41s/ext2_f00000.png
WEIRD+30c3da59+2023-12-01-17h-19m-25s,ext1,b050,0,765,765,23804457,ok,1.0,auto,0.9331983805668016,0.02304904513888889,False,True,0.904671326196585,0.024529079861111112,0.9331983805668016,0.02304904513888889,masks/WEIRD+30c3da59+2023-12-01-17h-19m-25s/ext1_f00000.png
WEIRD+30c3da59+2023-12-01-17h-19m-25s,ext2,b050,0,765,765,28834630,ok,1.0,auto,1.0,0.005628255208333334,False,True,0.9919893190921228,0.0056890190972222225,1.0,0.005628255208333334,masks/WEIRD+30c3da59+2023-12-01-17h-19m-25s/ext2_f00000.png
WEIRD+5a211037+2023-11-20-21h-15m-30s,ext2,b050,0,328,328,28834630,ok,1.0,auto,1.0,0.01072265625,False,True,1.0,0.009571397569444445,1.0,0.01072265625,masks/WEIRD+5a211037+2023-11-20-21h-15m-30s/ext2_f00000.png
WEIRD+5a211037+2023-11-20-21h-24m-00s,ext2,b050,0,256,256,28834630,ok,1.0,auto,1.0,0.022048611111111113,False,True,0.9075613811992566,0.011092664930555555,1.0,0.022048611111111113,masks/WEIRD+5a211037+2023-11-20-21h-24m-00s/ext2_f00000.png
WEIRD+5a211037+2023-11-22-18h-22m-25s,ext2,b050,0,716,716,28834630,ok,0.9259259259259259,auto,1.0,0.01571723090277778,False,True,0.0,0.0045920138888888885,1.0,0.01571723090277778,masks/WEIRD+5a211037+2023-11-22-18h-22m-25s/ext2_f00000.png
WEIRD+5a211037+2023-11-22-18h-22m-25s,ext2,b100,27,716,716,28834630,ok,1.0,auto,1.0,0.027995876736111112,False,True,0.0,0.001482204861111111,1.0,0.027995876736111112,masks/WEIRD+5a211037+2023-11-22-18h-22m-25s/ext2_f00027.png
WEIRD+5a211037+2023-12-12-22h-20m-26s,ext2,b050,0,411,411,28834630,ok,1.0,auto,1.0,0.004800347222222222,False,True,0.9869791666666666,0.004583333333333333,1.0,0.004800347222222222,masks/WEIRD+5a211037+2023-12-12-22h-20m-26s/ext2_f00000.png
WEIRD+5a211037+2023-12-12-22h-32m-16s,ext2,b050,0,178,178,28834630,ok,1.0,auto,1.0,0.005520833333333333,False,True,0.9891668816094918,0.004206814236111111,1.0,0.005520833333333333,masks/WEIRD+5a211037+2023-12-12-22h-32m-16s/ext2_f00000.png
WEIRD+5a211037+2023-12-20-21h-27m-47s,ext1,b050,0,917,917,23804457,ok,1.0,auto,0.6524376020527175,0.009303385416666667,False,True,0.6506038086391082,0.009344618055555556,0.6524376020527175,0.009303385416666667,masks/WEIRD+5a211037+2023-12-20-21h-27m-47s/ext1_f00000.png
WEIRD+5a211037+2023-12-20-21h-37m-02s,ext1,b050,0,624,623,23804457,ok,1.0,auto,0.7470790378006873,0.006315104166666667,False,True,0.72851492268968,0.00603515625,0.7470790378006873,0.006315104166666667,masks/WEIRD+5a211037+2023-12-20-21h-37m-02s/ext1_f00000.png
WEIRD+9338a0f6+2023-12-04-21h-58m-01s,ext2,b050,0,1076,1076,28834630,ok,0.9629629629629629,auto,1.0,0.014662543402777778,False,True,0.03650904033379698,0.006241319444444444,1.0,0.014662543402777778,masks/WEIRD+9338a0f6+2023-12-04-21h-58m-01s/ext2_f00000.png
WEIRD+9338a0f6+2023-12-04-21h-58m-01s,ext1,b100,17,1076,1076,23804457,ok,1.0,auto,0.21762529431550626,0.022581380208333335,False,True,0.0,0.01782009548611111,0.21762529431550626,0.022581380208333335,masks/WEIRD+9338a0f6+2023-12-04-21h-58m-01s/ext1_f00017.png
WEIRD+9338a0f6+2023-12-04-21h-58m-01s,ext2,b100,17,1076,1076,28834630,ok,1.0,auto,1.0,0.013309461805555556,False,True,0.5949937661839455,0.011314019097222221,1.0,0.013309461805555556,masks/WEIRD+9338a0f6+2023-12-04-21h-58m-01s/ext2_f00017.png
WEIRD+b0440f67+2024-01-11-20h-24m-09s,ext2,b050,0,603,603,28834630,ok,1.0,auto,0.3428923835954363,0.007037760416666667,False,True,0.34639426741881385,0.007116970486111111,0.3428923835954363,0.007037760416666667,masks/WEIRD+b0440f67+2024-01-11-20h-24m-09s/ext2_f00000.png
WEIRD+bccfde6e+2023-12-11-21h-49m-27s,ext1,b050,0,328,328,23804457,ok,1.0,auto,1.0,0.012737630208333333,False,True,1.0,0.011450737847222222,1.0,0.012737630208333333,masks/WEIRD+bccfde6e+2023-12-11-21h-49m-27s/ext1_f00000.png
WEIRD+bcd0b679+2023-11-21-21h-19m-34s,ext1,b050,0,1358,1358,23804457,ok,1.0,auto,0.43797036232446274,0.013985460069444445,False,True,0.35350522054123157,0.010184461805555555,0.43797036232446274,0.013985460069444445,masks/WEIRD+bcd0b679+2023-11-21-21h-19m-34s/ext1_f00000.png
WEIRD+bcd0b679+2023-11-21-21h-19m-34s,ext2,b050,0,1358,1358,28834630,ok,1.0,auto,0.2562899786780384,0.0076334635416666664,False,True,0.21689746382449038,0.006973741319444444,0.2562899786780384,0.0076334635416666664,masks/WEIRD+bcd0b679+2023-11-21-21h-19m-34s/ext2_f00000.png
WEIRD+bcd0b679+2023-11-21-21h-50m-54s,ext1,b050,0,1407,1407,23804457,ok,1.0,auto,1.0,0.014203559027777778,False,True,0.8790583166641022,0.014103732638888889,1.0,0.014203559027777778,masks/WEIRD+bcd0b679+2023-11-21-21h-50m-54s/ext1_f00000.png
WEIRD+bcd0b679+2023-11-21-21h-50m-54s,ext1,b100,18,1407,1407,23804457,ok,1.0,auto,1.0,0.01322265625,False,True,0.6311941510966694,0.005342881944444444,1.0,0.01322265625,masks/WEIRD+bcd0b679+2023-11-21-21h-50m-54s/ext1_f00018.png
WEIRD+bcd0b679+2023-11-29-14h-49m-52s,ext1,b050,0,577,577,23804457,ok,1.0,auto,0.6093183466279912,0.005985243055555555,False,True,0.5091506335053966,0.004624565972222223,0.6093183466279912,0.005985243055555555,masks/WEIRD+bcd0b679+2023-11-29-14h-49m-52s/ext1_f00000.png
WEIRD+bcd0b679+2023-11-29-14h-49m-52s,ext2,b050,0,577,577,28834630,ok,1.0,auto,0.9568169473112439,0.007990451388888889,False,True,0.6813768755516328,0.0012293836805555556,0.9568169473112439,0.007990451388888889,masks/WEIRD+bcd0b679+2023-11-29-14h-49m-52s/ext2_f00000.png
WEIRD+bcd0b679+2023-11-30-18h-42m-49s,ext1,b050,0,698,698,23804457,ok,1.0,auto,0.6954210956663941,0.005308159722222222,False,True,0.4406146179401993,0.005225694444444444,0.6954210956663941,0.005308159722222222,masks/WEIRD+bcd0b679+2023-11-30-18h-42m-49s/ext1_f00000.png
WEIRD+bcd0b679+2023-11-30-18h-49m-09s,ext1,b050,0,580,580,23804457,ok,1.0,auto,0.8260159281192567,0.005313585069444444,False,True,0.4877065699314792,0.002692057291666667,0.8260159281192567,0.005313585069444444,masks/WEIRD+bcd0b679+2023-11-30-18h-49m-09s/ext1_f00000.png
WEIRD+bcd0b679+2023-11-30-18h-56m-45s,ext1,b050,0,511,510,23804457,ok,1.0,auto,0.6928900335596659,0.013902994791666666,False,True,0.6782155091871691,0.013936631944444444,0.6928900335596659,0.013902994791666666,masks/WEIRD+bcd0b679+2023-11-30-18h-56m-45s/ext1_f00000.png
WEIRD+bcd0b679+2023-11-30-18h-58m-09s,ext1,b050,0,500,500,23804457,ok,1.0,auto,0.768543956043956,0.007899305555555555,False,True,0.7403755868544601,0.00693359375,0.768543956043956,0.007899305555555555,masks/WEIRD+bcd0b679+2023-11-30-18h-58m-09s/ext1_f00000.png
WEIRD+d5edb57c+2023-11-22-22h-21m-10s,ext2,b050,0,1336,1336,28834630,ok,1.0,auto,0.2820756209460529,0.006858723958333333,False,True,0.23908629441624363,0.0064127604166666664,0.2820756209460529,0.006858723958333333,masks/WEIRD+d5edb57c+2023-11-22-22h-21m-10s/ext2_f00000.png
WEIRD+d5edb57c+2023-12-01-16h-12m-37s,ext2,b050,0,803,803,28834630,ok,0.8333333333333334,auto,1.0,0.007560763888888889,False,True,0.9973455242589588,0.007357855902777778,1.0,0.007560763888888889,masks/WEIRD+d5edb57c+2023-12-01-16h-12m-37s/ext2_f00000.png
WEIRD+e604eeed+2023-11-28-19h-10m-36s,ext1,b050,0,394,394,23804457,ok,1.0,auto,1.0,0.0033799913194444446,False,True,1.0,1.0850694444444444e-06,1.0,0.0033799913194444446,masks/WEIRD+e604eeed+2023-11-28-19h-10m-36s/ext1_f00000.png
WEIRD+e604eeed+2023-11-28-19h-10m-36s,ext2,b050,0,394,394,28834630,ok,1.0,auto,0.27013422818791943,0.008407118055555555,False,True,0.11815453863465863,0.008678385416666667,0.27013422818791943,0.008407118055555555,masks/WEIRD+e604eeed+2023-11-28-19h-10m-36s/ext2_f00000.png
WEIRD+e604eeed+2023-12-08-20h-51m-49s,ext1,b050,0,867,867,23804457,ok,1.0,auto,0.3298872180451128,0.003463541666666667,False,True,0.19434872501722955,0.0015744357638888889,0.3298872180451128,0.003463541666666667,masks/WEIRD+e604eeed+2023-12-08-20h-51m-49s/ext1_f00000.png
WEIRD+e604eeed+2023-12-13-20h-42m-31s,ext1,b050,0,721,721,23804457,ok,1.0,auto,0.8143593453295959,0.011999782986111112,False,True,0.7123504574243491,0.006167534722222222,0.8143593453295959,0.011999782986111112,masks/WEIRD+e604eeed+2023-12-13-20h-42m-31s/ext1_f00000.png
WEIRD+f1c42455+2023-12-07-23h-28m-55s,ext1,b050,0,711,711,23804457,ok,1.0,auto,0.6,0.005772569444444445,False,True,0.5976643435675268,0.005760633680555556,0.6,0.005772569444444445,masks/WEIRD+f1c42455+2023-12-07-23h-28m-55s/ext1_f00000.png
WEIRD+f1c42455+2023-12-12-03h-54m-24s,ext2,b050,0,662,662,28834630,ok,1.0,auto,1.0,0.005989583333333334,False,True,0.9837278106508875,0.0029340277777777776,1.0,0.005989583333333334,masks/WEIRD+f1c42455+2023-12-12-03h-54m-24s/ext2_f00000.png
WEIRD+f1c42455+2023-12-14-04h-39m-15s,ext2,b050,0,505,505,28834630,ok,1.0,auto,0.35246803826940987,0.012815755208333333,False,True,0.0,0.006858723958333333,0.35246803826940987,0.012815755208333333,masks/WEIRD+f1c42455+2023-12-14-04h-39m-15s/ext2_f00000.png
WEIRD+f1c42455+2023-12-14-04h-47m-14s,ext2,b050,0,223,223,28834630,ok,1.0,auto,0.34542403511036535,0.008406032986111112,False,True,0.07740259740259736,0.006266276041666667,0.34542403511036535,0.008406032986111112,masks/WEIRD+f1c42455+2023-12-14-04h-47m-14s/ext2_f00000.png
WEIRD+f1c42455+2024-01-15-02h-03m-35s,ext1,b050,0,687,687,23804457,ok,1.0,auto,0.5109246129358993,0.007498914930555556,False,True,0.37982793336994325,0.005927734375,0.5109246129358993,0.007498914930555556,masks/WEIRD+f1c42455+2024-01-15-02h-03m-35s/ext1_f00000.png
WEIRD+f1c42455+2024-01-16-00h-49m-38s,ext1,b050,0,1113,1113,23804457,ok,1.0,auto,0.4349939246658566,0.004465060763888889,False,True,0.1636463481603515,0.0019759114583333334,0.4349939246658566,0.004465060763888889,masks/WEIRD+f1c42455+2024-01-16-00h-49m-38s/ext1_f00000.png
WEIRD+f61abce9+2023-11-22-20h-51m-25s,ext1,b050,19,352,351,23804457,ok,1.0,auto,0.40877513711151736,0.0029676649305555554,False,True,0.2466346153846154,0.0022569444444444442,0.40877513711151736,0.0029676649305555554,masks/WEIRD+f61abce9+2023-11-22-20h-51m-25s/ext1_f00019.png
WEIRD+f61abce9+2023-11-22-20h-51m-25s,ext2,b050,19,352,352,28834630,ok,0.5740740740740741,auto,1.0,0.008159722222222223,False,True,0.7545103092783505,0.0016840277777777778,1.0,0.008159722222222223,masks/WEIRD+f61abce9+2023-11-22-20h-51m-25s/ext2_f00019.png
WEIRD+f61abce9+2023-11-22-20h-51m-25s,ext1,b100,28,352,351,23804457,ok,1.0,auto,0.8218097447795824,0.0023383246527777777,False,True,0.28910655981003264,0.003655598958333333,0.8218097447795824,0.0023383246527777777,masks/WEIRD+f61abce9+2023-11-22-20h-51m-25s/ext1_f00028.png
WEIRD+f61abce9+2023-11-22-20h-51m-25s,ext2,b100,28,352,352,28834630,ok,1.0,auto,1.0,0.008539496527777777,False,True,0.2814977973568282,0.002463107638888889,1.0,0.008539496527777777,masks/WEIRD+f61abce9+2023-11-22-20h-51m-25s/ext2_f00028.png
WEIRD+f61abce9+2023-11-22-20h-55m-08s,ext1,b050,0,337,337,23804457,ok,1.0,auto,0.5822490706319703,0.004670138888888889,False,True,0.5078125,0.004166666666666667,0.5822490706319703,0.004670138888888889,masks/WEIRD+f61abce9+2023-11-22-20h-55m-08s/ext1_f00000.png
WEIRD+f61abce9+2023-11-22-20h-55m-08s,ext2,b050,0,337,337,28834630,ok,1.0,auto,1.0,0.008735894097222223,False,True,0.9678899082568807,0.004967447916666667,1.0,0.008735894097222223,masks/WEIRD+f61abce9+2023-11-22-20h-55m-08s/ext2_f00000.png
WEIRD+f61abce9+2023-11-22-20h-58m-43s,ext1,b050,0,436,436,23804457,ok,1.0,auto,0.8443328550932568,0.0015125868055555556,False,True,0.47809667673716016,0.0014366319444444444,0.8443328550932568,0.0015125868055555556,masks/WEIRD+f61abce9+2023-11-22-20h-58m-43s/ext1_f00000.png
WEIRD+f61abce9+2023-11-22-20h-58m-43s,ext2,b050,0,436,434,28834630,ok,0.9259259259259259,auto,1.0,0.010171440972222221,False,True,0.8876146788990825,0.0023654513888888887,1.0,0.010171440972222221,masks/WEIRD+f61abce9+2023-11-22-20h-58m-43s/ext2_f00000.png
WEIRD+f61abce9+2023-11-22-20h-58m-43s,ext1,b100,72,436,436,23804457,ok,1.0,auto,1.0,0.004826388888888889,False,True,1.0,0.004718967013888889,1.0,0.004826388888888889,masks/WEIRD+f61abce9+2023-11-22-20h-58m-43s/ext1_f00072.png
WEIRD+f61abce9+2023-11-22-20h-58m-43s,ext2,b100,72,436,434,28834630,ok,1.0,auto,1.0,0.0038910590277777776,False,True,0.09342105263157896,0.003298611111111111,1.0,0.0038910590277777776,masks/WEIRD+f61abce9+2023-11-22-20h-58m-43s/ext2_f00072.png
WEIRD+f61abce9+2023-11-29-20h-16m-20s,ext1,b050,0,471,471,23804457,ok,1.0,auto,0.9182617692705639,0.006292317708333333,False,True,0.9132717725873619,0.005992838541666667,0.9182617692705639,0.006292317708333333,masks/WEIRD+f61abce9+2023-11-29-20h-16m-20s/ext1_f00000.png
WEIRD+f61abce9+2023-11-29-20h-19m-08s,ext1,b050,0,1611,1611,23804457,ok,1.0,auto,0.8230677131834508,0.008156467013888889,False,True,0.6596519627681101,0.005362413194444445,0.8230677131834508,0.008156467013888889,masks/WEIRD+f61abce9+2023-11-29-20h-19m-08s/ext1_f00000.png
WEIRD+f61abce9+2023-12-09-17h-25m-47s,ext1,b050,0,50,50,23804457,ok,1.0,auto,0.9716216216216216,0.0032118055555555554,False,True,0.40781971219114854,0.003996310763888889,0.9716216216216216,0.0032118055555555554,masks/WEIRD+f61abce9+2023-12-09-17h-25m-47s/ext1_f00000.png
WEIRD+f61abce9+2023-12-09-17h-45m-41s,ext2,b050,0,1820,1819,28834630,ok,1.0,auto,1.0,0.012411024305555556,False,True,0.9851559162750961,0.010160590277777777,1.0,0.012411024305555556,masks/WEIRD+f61abce9+2023-12-09-17h-45m-41s/ext2_f00000.png
WEIRD+f61abce9+2023-12-11-19h-55m-24s,ext1,b050,0,144,144,23804457,ok,1.0,auto,1.0,0.011611328125,False,True,1.0,0.012108289930555556,1.0,0.011611328125,masks/WEIRD+f61abce9+2023-12-11-19h-55m-24s/ext1_f00000.png
WEIRD+f61abce9+2023-12-11-19h-55m-24s,ext1,b100,37,144,144,23804457,ok,1.0,auto,1.0,0.0077235243055555555,False,True,1.0,0.006491970486111111,1.0,0.0077235243055555555,masks/WEIRD+f61abce9+2023-12-11-19h-55m-24s/ext1_f00037.png
